#####################################################################
# Alchemist log file - simulation started at: 2022-04-03T18:31+0000 #
#####################################################################
#
# deployment = uniform, seed = 69.0
#
# The columns have the following meaning: 
# time bivariate-mean-combined-intra-stdev-mean bivariate-mean-combined-intra-stdev-stdev bivariate-mean-combined-intra-stdev-max bivariate-mean-combined-intra-stdev-min bivariate-mean-combined-inter-mean-stdev bivariate-mean-combined-bubble-count bivariate-mean-combined-bubble-size-mean bivariate-mean-distance-intra-stdev-mean bivariate-mean-distance-intra-stdev-stdev bivariate-mean-distance-intra-stdev-max bivariate-mean-distance-intra-stdev-min bivariate-mean-distance-inter-mean-stdev bivariate-mean-distance-bubble-count bivariate-mean-distance-bubble-size-mean bivariate-mean-valuediff-intra-stdev-mean bivariate-mean-valuediff-intra-stdev-stdev bivariate-mean-valuediff-intra-stdev-max bivariate-mean-valuediff-intra-stdev-min bivariate-mean-valuediff-inter-mean-stdev bivariate-mean-valuediff-bubble-count bivariate-mean-valuediff-bubble-size-mean bivariate-value-combined-intra-stdev-mean bivariate-value-combined-intra-stdev-stdev bivariate-value-combined-intra-stdev-max bivariate-value-combined-intra-stdev-min bivariate-value-combined-inter-mean-stdev bivariate-value-combined-bubble-count bivariate-value-combined-bubble-size-mean bivariate-value-distance-intra-stdev-mean bivariate-value-distance-intra-stdev-stdev bivariate-value-distance-intra-stdev-max bivariate-value-distance-intra-stdev-min bivariate-value-distance-inter-mean-stdev bivariate-value-distance-bubble-count bivariate-value-distance-bubble-size-mean bivariate-value-valuediff-intra-stdev-mean bivariate-value-valuediff-intra-stdev-stdev bivariate-value-valuediff-intra-stdev-max bivariate-value-valuediff-intra-stdev-min bivariate-value-valuediff-inter-mean-stdev bivariate-value-valuediff-bubble-count bivariate-value-valuediff-bubble-size-mean bivariate-variance-combined-intra-stdev-mean bivariate-variance-combined-intra-stdev-stdev bivariate-variance-combined-intra-stdev-max bivariate-variance-combined-intra-stdev-min bivariate-variance-combined-inter-mean-stdev bivariate-variance-combined-bubble-count bivariate-variance-combined-bubble-size-mean bivariate-variance-distance-intra-stdev-mean bivariate-variance-distance-intra-stdev-stdev bivariate-variance-distance-intra-stdev-max bivariate-variance-distance-intra-stdev-min bivariate-variance-distance-inter-mean-stdev bivariate-variance-distance-bubble-count bivariate-variance-distance-bubble-size-mean bivariate-variance-valuediff-intra-stdev-mean bivariate-variance-valuediff-intra-stdev-stdev bivariate-variance-valuediff-intra-stdev-max bivariate-variance-valuediff-intra-stdev-min bivariate-variance-valuediff-inter-mean-stdev bivariate-variance-valuediff-bubble-count bivariate-variance-valuediff-bubble-size-mean constant-mean-combined-intra-stdev-mean constant-mean-combined-intra-stdev-stdev constant-mean-combined-intra-stdev-max constant-mean-combined-intra-stdev-min constant-mean-combined-inter-mean-stdev constant-mean-combined-bubble-count constant-mean-combined-bubble-size-mean constant-mean-distance-intra-stdev-mean constant-mean-distance-intra-stdev-stdev constant-mean-distance-intra-stdev-max constant-mean-distance-intra-stdev-min constant-mean-distance-inter-mean-stdev constant-mean-distance-bubble-count constant-mean-distance-bubble-size-mean constant-mean-valuediff-intra-stdev-mean constant-mean-valuediff-intra-stdev-stdev constant-mean-valuediff-intra-stdev-max constant-mean-valuediff-intra-stdev-min constant-mean-valuediff-inter-mean-stdev constant-mean-valuediff-bubble-count constant-mean-valuediff-bubble-size-mean constant-value-combined-intra-stdev-mean constant-value-combined-intra-stdev-stdev constant-value-combined-intra-stdev-max constant-value-combined-intra-stdev-min constant-value-combined-inter-mean-stdev constant-value-combined-bubble-count constant-value-combined-bubble-size-mean constant-value-distance-intra-stdev-mean constant-value-distance-intra-stdev-stdev constant-value-distance-intra-stdev-max constant-value-distance-intra-stdev-min constant-value-distance-inter-mean-stdev constant-value-distance-bubble-count constant-value-distance-bubble-size-mean constant-value-valuediff-intra-stdev-mean constant-value-valuediff-intra-stdev-stdev constant-value-valuediff-intra-stdev-max constant-value-valuediff-intra-stdev-min constant-value-valuediff-inter-mean-stdev constant-value-valuediff-bubble-count constant-value-valuediff-bubble-size-mean constant-variance-combined-intra-stdev-mean constant-variance-combined-intra-stdev-stdev constant-variance-combined-intra-stdev-max constant-variance-combined-intra-stdev-min constant-variance-combined-inter-mean-stdev constant-variance-combined-bubble-count constant-variance-combined-bubble-size-mean constant-variance-distance-intra-stdev-mean constant-variance-distance-intra-stdev-stdev constant-variance-distance-intra-stdev-max constant-variance-distance-intra-stdev-min constant-variance-distance-inter-mean-stdev constant-variance-distance-bubble-count constant-variance-distance-bubble-size-mean constant-variance-valuediff-intra-stdev-mean constant-variance-valuediff-intra-stdev-stdev constant-variance-valuediff-intra-stdev-max constant-variance-valuediff-intra-stdev-min constant-variance-valuediff-inter-mean-stdev constant-variance-valuediff-bubble-count constant-variance-valuediff-bubble-size-mean multi-mean-combined-intra-stdev-mean multi-mean-combined-intra-stdev-stdev multi-mean-combined-intra-stdev-max multi-mean-combined-intra-stdev-min multi-mean-combined-inter-mean-stdev multi-mean-combined-bubble-count multi-mean-combined-bubble-size-mean multi-mean-distance-intra-stdev-mean multi-mean-distance-intra-stdev-stdev multi-mean-distance-intra-stdev-max multi-mean-distance-intra-stdev-min multi-mean-distance-inter-mean-stdev multi-mean-distance-bubble-count multi-mean-distance-bubble-size-mean multi-mean-valuediff-intra-stdev-mean multi-mean-valuediff-intra-stdev-stdev multi-mean-valuediff-intra-stdev-max multi-mean-valuediff-intra-stdev-min multi-mean-valuediff-inter-mean-stdev multi-mean-valuediff-bubble-count multi-mean-valuediff-bubble-size-mean multi-value-combined-intra-stdev-mean multi-value-combined-intra-stdev-stdev multi-value-combined-intra-stdev-max multi-value-combined-intra-stdev-min multi-value-combined-inter-mean-stdev multi-value-combined-bubble-count multi-value-combined-bubble-size-mean multi-value-distance-intra-stdev-mean multi-value-distance-intra-stdev-stdev multi-value-distance-intra-stdev-max multi-value-distance-intra-stdev-min multi-value-distance-inter-mean-stdev multi-value-distance-bubble-count multi-value-distance-bubble-size-mean multi-value-valuediff-intra-stdev-mean multi-value-valuediff-intra-stdev-stdev multi-value-valuediff-intra-stdev-max multi-value-valuediff-intra-stdev-min multi-value-valuediff-inter-mean-stdev multi-value-valuediff-bubble-count multi-value-valuediff-bubble-size-mean multi-variance-combined-intra-stdev-mean multi-variance-combined-intra-stdev-stdev multi-variance-combined-intra-stdev-max multi-variance-combined-intra-stdev-min multi-variance-combined-inter-mean-stdev multi-variance-combined-bubble-count multi-variance-combined-bubble-size-mean multi-variance-distance-intra-stdev-mean multi-variance-distance-intra-stdev-stdev multi-variance-distance-intra-stdev-max multi-variance-distance-intra-stdev-min multi-variance-distance-inter-mean-stdev multi-variance-distance-bubble-count multi-variance-distance-bubble-size-mean multi-variance-valuediff-intra-stdev-mean multi-variance-valuediff-intra-stdev-stdev multi-variance-valuediff-intra-stdev-max multi-variance-valuediff-intra-stdev-min multi-variance-valuediff-inter-mean-stdev multi-variance-valuediff-bubble-count multi-variance-valuediff-bubble-size-mean uniform-mean-combined-intra-stdev-mean uniform-mean-combined-intra-stdev-stdev uniform-mean-combined-intra-stdev-max uniform-mean-combined-intra-stdev-min uniform-mean-combined-inter-mean-stdev uniform-mean-combined-bubble-count uniform-mean-combined-bubble-size-mean uniform-mean-distance-intra-stdev-mean uniform-mean-distance-intra-stdev-stdev uniform-mean-distance-intra-stdev-max uniform-mean-distance-intra-stdev-min uniform-mean-distance-inter-mean-stdev uniform-mean-distance-bubble-count uniform-mean-distance-bubble-size-mean uniform-mean-valuediff-intra-stdev-mean uniform-mean-valuediff-intra-stdev-stdev uniform-mean-valuediff-intra-stdev-max uniform-mean-valuediff-intra-stdev-min uniform-mean-valuediff-inter-mean-stdev uniform-mean-valuediff-bubble-count uniform-mean-valuediff-bubble-size-mean uniform-value-combined-intra-stdev-mean uniform-value-combined-intra-stdev-stdev uniform-value-combined-intra-stdev-max uniform-value-combined-intra-stdev-min uniform-value-combined-inter-mean-stdev uniform-value-combined-bubble-count uniform-value-combined-bubble-size-mean uniform-value-distance-intra-stdev-mean uniform-value-distance-intra-stdev-stdev uniform-value-distance-intra-stdev-max uniform-value-distance-intra-stdev-min uniform-value-distance-inter-mean-stdev uniform-value-distance-bubble-count uniform-value-distance-bubble-size-mean uniform-value-valuediff-intra-stdev-mean uniform-value-valuediff-intra-stdev-stdev uniform-value-valuediff-intra-stdev-max uniform-value-valuediff-intra-stdev-min uniform-value-valuediff-inter-mean-stdev uniform-value-valuediff-bubble-count uniform-value-valuediff-bubble-size-mean uniform-variance-combined-intra-stdev-mean uniform-variance-combined-intra-stdev-stdev uniform-variance-combined-intra-stdev-max uniform-variance-combined-intra-stdev-min uniform-variance-combined-inter-mean-stdev uniform-variance-combined-bubble-count uniform-variance-combined-bubble-size-mean uniform-variance-distance-intra-stdev-mean uniform-variance-distance-intra-stdev-stdev uniform-variance-distance-intra-stdev-max uniform-variance-distance-intra-stdev-min uniform-variance-distance-inter-mean-stdev uniform-variance-distance-bubble-count uniform-variance-distance-bubble-size-mean uniform-variance-valuediff-intra-stdev-mean uniform-variance-valuediff-intra-stdev-stdev uniform-variance-valuediff-intra-stdev-max uniform-variance-valuediff-intra-stdev-min uniform-variance-valuediff-inter-mean-stdev uniform-variance-valuediff-bubble-count uniform-variance-valuediff-bubble-size-mean dynamic-mean-combined-intra-stdev-mean dynamic-mean-combined-intra-stdev-stdev dynamic-mean-combined-intra-stdev-max dynamic-mean-combined-intra-stdev-min dynamic-mean-combined-inter-mean-stdev dynamic-mean-combined-bubble-count dynamic-mean-combined-bubble-size-mean dynamic-mean-distance-intra-stdev-mean dynamic-mean-distance-intra-stdev-stdev dynamic-mean-distance-intra-stdev-max dynamic-mean-distance-intra-stdev-min dynamic-mean-distance-inter-mean-stdev dynamic-mean-distance-bubble-count dynamic-mean-distance-bubble-size-mean dynamic-mean-valuediff-intra-stdev-mean dynamic-mean-valuediff-intra-stdev-stdev dynamic-mean-valuediff-intra-stdev-max dynamic-mean-valuediff-intra-stdev-min dynamic-mean-valuediff-inter-mean-stdev dynamic-mean-valuediff-bubble-count dynamic-mean-valuediff-bubble-size-mean dynamic-value-combined-intra-stdev-mean dynamic-value-combined-intra-stdev-stdev dynamic-value-combined-intra-stdev-max dynamic-value-combined-intra-stdev-min dynamic-value-combined-inter-mean-stdev dynamic-value-combined-bubble-count dynamic-value-combined-bubble-size-mean dynamic-value-distance-intra-stdev-mean dynamic-value-distance-intra-stdev-stdev dynamic-value-distance-intra-stdev-max dynamic-value-distance-intra-stdev-min dynamic-value-distance-inter-mean-stdev dynamic-value-distance-bubble-count dynamic-value-distance-bubble-size-mean dynamic-value-valuediff-intra-stdev-mean dynamic-value-valuediff-intra-stdev-stdev dynamic-value-valuediff-intra-stdev-max dynamic-value-valuediff-intra-stdev-min dynamic-value-valuediff-inter-mean-stdev dynamic-value-valuediff-bubble-count dynamic-value-valuediff-bubble-size-mean dynamic-variance-combined-intra-stdev-mean dynamic-variance-combined-intra-stdev-stdev dynamic-variance-combined-intra-stdev-max dynamic-variance-combined-intra-stdev-min dynamic-variance-combined-inter-mean-stdev dynamic-variance-combined-bubble-count dynamic-variance-combined-bubble-size-mean dynamic-variance-distance-intra-stdev-mean dynamic-variance-distance-intra-stdev-stdev dynamic-variance-distance-intra-stdev-max dynamic-variance-distance-intra-stdev-min dynamic-variance-distance-inter-mean-stdev dynamic-variance-distance-bubble-count dynamic-variance-distance-bubble-size-mean dynamic-variance-valuediff-intra-stdev-mean dynamic-variance-valuediff-intra-stdev-stdev dynamic-variance-valuediff-intra-stdev-max dynamic-variance-valuediff-intra-stdev-min dynamic-variance-valuediff-inter-mean-stdev dynamic-variance-valuediff-bubble-count dynamic-variance-valuediff-bubble-size-mean 
0.0 NaN NaN NaN NaN NaN 0.0 NaN NaN NaN NaN NaN NaN 0.0 NaN NaN NaN NaN NaN NaN 0.0 NaN NaN NaN NaN NaN NaN 0.0 NaN NaN NaN NaN NaN NaN 0.0 NaN NaN NaN NaN NaN NaN 0.0 NaN NaN NaN NaN NaN NaN 0.0 NaN NaN NaN NaN NaN NaN 0.0 NaN NaN NaN NaN NaN NaN 0.0 NaN NaN NaN NaN NaN NaN 0.0 NaN NaN NaN NaN NaN NaN 0.0 NaN NaN NaN NaN NaN NaN 0.0 NaN NaN NaN NaN NaN NaN 0.0 NaN NaN NaN NaN NaN NaN 0.0 NaN NaN NaN NaN NaN NaN 0.0 NaN NaN NaN NaN NaN NaN 0.0 NaN NaN NaN NaN NaN NaN 0.0 NaN NaN NaN NaN NaN NaN 0.0 NaN NaN NaN NaN NaN NaN 0.0 NaN NaN NaN NaN NaN NaN 0.0 NaN NaN NaN NaN NaN NaN 0.0 NaN NaN NaN NaN NaN NaN 0.0 NaN NaN NaN NaN NaN NaN 0.0 NaN NaN NaN NaN NaN NaN 0.0 NaN NaN NaN NaN NaN NaN 0.0 NaN NaN NaN NaN NaN NaN 0.0 NaN NaN NaN NaN NaN NaN 0.0 NaN NaN NaN NaN NaN NaN 0.0 NaN NaN NaN NaN NaN NaN 0.0 NaN NaN NaN NaN NaN NaN 0.0 NaN NaN NaN NaN NaN NaN 0.0 NaN NaN NaN NaN NaN NaN 0.0 NaN NaN NaN NaN NaN NaN 0.0 NaN NaN NaN NaN NaN NaN 0.0 NaN NaN NaN NaN NaN NaN 0.0 NaN NaN NaN NaN NaN NaN 0.0 NaN NaN NaN NaN NaN NaN 0.0 NaN NaN NaN NaN NaN NaN 0.0 NaN NaN NaN NaN NaN NaN 0.0 NaN NaN NaN NaN NaN NaN 0.0 NaN NaN NaN NaN NaN NaN 0.0 NaN NaN NaN NaN NaN NaN 0.0 NaN NaN NaN NaN NaN NaN 0.0 NaN NaN NaN NaN NaN NaN 0.0 NaN NaN NaN NaN NaN NaN 0.0 NaN 
5.150327868881366E-4 0.0 0.0 0.0 0.0 0.0 1.0 1.0 0.0 0.0 0.0 0.0 0.0 1.0 1.0 0.0 0.0 0.0 0.0 0.0 1.0 1.0 0.0 0.0 0.0 0.0 0.0 1.0 1.0 0.0 0.0 0.0 0.0 0.0 1.0 1.0 0.0 0.0 0.0 0.0 0.0 1.0 1.0 0.0 0.0 0.0 0.0 0.0 1.0 1.0 0.0 0.0 0.0 0.0 0.0 1.0 1.0 0.0 0.0 0.0 0.0 0.0 1.0 1.0 0.0 0.0 0.0 0.0 0.0 1.0 1.0 0.0 0.0 0.0 0.0 0.0 1.0 1.0 0.0 0.0 0.0 0.0 0.0 1.0 1.0 0.0 0.0 0.0 0.0 0.0 1.0 1.0 0.0 0.0 0.0 0.0 0.0 1.0 1.0 0.0 0.0 0.0 0.0 0.0 1.0 1.0 0.0 0.0 0.0 0.0 0.0 1.0 1.0 0.0 0.0 0.0 0.0 0.0 1.0 1.0 0.0 0.0 0.0 0.0 0.0 1.0 1.0 0.0 0.0 0.0 0.0 0.0 1.0 1.0 0.0 0.0 0.0 0.0 0.0 1.0 1.0 0.0 0.0 0.0 0.0 0.0 1.0 1.0 0.0 0.0 0.0 0.0 0.0 1.0 1.0 0.0 0.0 0.0 0.0 0.0 1.0 1.0 0.0 0.0 0.0 0.0 0.0 1.0 1.0 0.0 0.0 0.0 0.0 0.0 1.0 1.0 0.0 0.0 0.0 0.0 0.0 1.0 1.0 0.0 0.0 0.0 0.0 0.0 1.0 1.0 0.0 0.0 0.0 0.0 0.0 1.0 1.0 0.0 0.0 0.0 0.0 0.0 1.0 1.0 0.0 0.0 0.0 0.0 0.0 1.0 1.0 0.0 0.0 0.0 0.0 0.0 1.0 1.0 0.0 0.0 0.0 0.0 0.0 1.0 1.0 0.0 0.0 0.0 0.0 0.0 1.0 1.0 0.0 0.0 0.0 0.0 0.0 1.0 1.0 0.0 0.0 0.0 0.0 0.0 1.0 1.0 0.0 0.0 0.0 0.0 0.0 1.0 1.0 0.0 0.0 0.0 0.0 0.0 1.0 1.0 0.0 0.0 0.0 0.0 0.0 1.0 1.0 0.0 0.0 0.0 0.0 0.0 1.0 1.0 0.0 0.0 0.0 0.0 0.0 1.0 1.0 0.0 0.0 0.0 0.0 0.0 1.0 1.0 0.0 0.0 0.0 0.0 0.0 1.0 1.0 0.0 0.0 0.0 0.0 0.0 1.0 1.0 0.0 0.0 0.0 0.0 0.0 1.0 1.0 0.0 0.0 0.0 0.0 0.0 1.0 1.0 
1.0005150327868881 0.8535689902917402 1.1141832380755068 4.162525427310981 0.0 26.259127832803333 340.0 3.0117647058823582 2.4388913590010897 3.984011054433471 16.755436846278815 0.0 20.657948480267944 206.0 4.970873786407768 0.9008790629369426 1.0663273158102522 3.545464444138524 0.0 26.3975598724801 327.0 3.131498470948017 0.8772096295830213 1.103588435486465 4.136379767393433 0.0 26.56794777065865 334.0 3.065868263473057 2.5269406084978367 4.010562176296787 16.755436846278815 0.0 22.763883273826558 205.0 4.995121951219509 0.9315836557575696 1.0562468274943868 3.4483636199557024 0.0 26.992560835151288 331.0 3.093655589123865 0.4753758391079752 0.9363250652378102 4.863044241240226 0.0 25.52989015474769 475.0 2.155789473684204 1.2002909129069597 3.169779042734227 29.173054919012714 0.0 23.164620514896374 370.0 2.7675675675675744 0.4551113578505041 0.8921467560458738 3.5655353749461405 0.0 25.299211322816127 479.0 2.137787056367426 0.0 0.0 0.0 0.0 0.0 228.0 4.491228070175428 0.0 0.0 0.0 0.0 0.0 236.0 4.338983050847466 0.0 0.0 0.0 0.0 0.0 228.0 4.491228070175428 0.0 0.0 0.0 0.0 0.0 228.0 4.491228070175428 0.0 0.0 0.0 0.0 0.0 236.0 4.338983050847466 0.0 0.0 0.0 0.0 0.0 228.0 4.491228070175428 0.0 0.0 0.0 0.0 0.0 228.0 4.491228070175428 0.0 0.0 0.0 0.0 0.0 236.0 4.338983050847466 0.0 0.0 0.0 0.0 0.0 228.0 4.491228070175428 0.9629297866981573 1.1943400555564103 4.805157531375327 0.0 26.329137889039085 389.0 2.6323907455012874 3.5813631771943757 4.758427970051214 19.306099685103984 0.0 22.4167969304196 198.0 5.171717171717169 0.9782073410999784 1.102747995757534 4.102212749838211 0.0 26.403659889381768 382.0 2.6806282722513064 1.0035229955298708 1.181326543065126 5.43714136867443 0.0 26.888474089167907 388.0 2.6391752577319627 3.5263543350800317 4.670451065152811 19.306099685103984 0.0 24.173146913266397 206.0 4.970873786407768 1.0290056330815804 1.0787124324943986 3.5275561244490143 0.0 27.503381808458382 384.0 2.6666666666666714 0.5462433274303321 0.9896607222675097 4.862162898822375 0.0 26.593185418621307 527.0 1.9430740037950702 1.6388460383134449 3.7434716613472823 28.78816758200687 0.0 25.152386237598176 372.0 2.752688172043013 0.5373649632124958 0.9539944059560631 4.601969935556652 0.0 26.498382415173744 523.0 1.9579349904397667 0.600545507410421 2.1672951040921564 32.874741622928155 0.0 29.583687015913696 800.0 1.2799999999999991 14.544891153193873 16.132611866863655 65.91570020949068 0.0 22.396752340973624 192.0 5.33333333333334 0.39962871480762546 0.8890696123037646 4.365364986724842 0.0 29.42996733865832 807.0 1.2688971499380428 0.6369711081408014 2.231823497839545 32.874741622928155 0.0 29.11653604691739 812.0 1.2610837438423659 17.14950869601872 17.27413196186362 63.50143912054383 0.0 21.089170404106685 244.0 4.1967213114754065 0.3548116622204889 0.8465486922666202 3.5217069291965686 0.0 29.301847707302468 828.0 1.236714975845412 0.3930709688481266 2.3310059928576123 44.81968662053579 0.0 29.48323273423158 903.0 1.1339977851605751 9.008628333376521 13.619111498867266 61.42223185667912 0.0 26.880007552856632 377.0 2.71618037135279 0.20943815233541133 0.6627213251785574 3.5122037973938527 0.0 29.58934644419891 901.0 1.136514983351832 0.0 0.0 0.0 0.0 0.0 228.0 4.491228070175428 0.0 0.0 0.0 0.0 0.0 236.0 4.338983050847466 0.0 0.0 0.0 0.0 0.0 228.0 4.491228070175428 0.0 0.0 0.0 0.0 0.0 228.0 4.491228070175428 0.0 0.0 0.0 0.0 0.0 236.0 4.338983050847466 0.0 0.0 0.0 0.0 0.0 228.0 4.491228070175428 0.0 0.0 0.0 0.0 0.0 228.0 4.491228070175428 0.0 0.0 0.0 0.0 0.0 236.0 4.338983050847466 0.0 0.0 0.0 0.0 0.0 228.0 4.491228070175428 
2.000515032786888 1.1266435110404485 1.236065233958017 4.6261065484396156 0.0 26.858502416706642 195.0 5.2512820512820575 2.1132025576900033 3.0768655074707922 11.791944235032803 0.0 20.495181391746357 122.0 8.393442622950817 0.8526181358515696 0.9635341640131078 3.332808309342373 0.0 27.195900201302134 211.0 4.853080568720385 1.149798335931388 1.217473417864117 5.057878981299635 0.0 26.260826857046954 188.0 5.4468085106382995 2.2824671981541234 3.114305661953338 11.791944235032803 0.0 18.200900003646005 118.0 8.677966101694912 0.9497865474866632 0.9006092241277152 3.4661216758343536 0.0 26.457310713882507 205.0 4.995121951219509 1.1660624762533656 1.1901066187560876 4.863044241240226 0.0 26.86128447801604 209.0 4.899521531100478 3.488682488433118 6.4426901534363585 29.283186287198877 0.0 19.632250036305248 98.0 10.448979591836729 1.0707198792439372 1.057337130735284 3.8887802224609955 0.0 26.966961985492343 210.0 4.876190476190478 0.0 0.0 0.0 0.0 0.0 40.0 25.59999999999999 0.0 0.0 0.0 0.0 0.0 62.0 16.516129032258075 0.0 0.0 0.0 0.0 0.0 40.0 25.59999999999999 0.0 0.0 0.0 0.0 0.0 40.0 25.59999999999999 0.0 0.0 0.0 0.0 0.0 62.0 16.516129032258075 0.0 0.0 0.0 0.0 0.0 40.0 25.59999999999999 0.0 0.0 0.0 0.0 0.0 40.0 25.59999999999999 0.0 0.0 0.0 0.0 0.0 62.0 16.516129032258075 0.0 0.0 0.0 0.0 0.0 40.0 25.59999999999999 1.2231263241503079 1.248525037716263 4.805157531375327 0.0 26.97105862485447 253.0 4.047430830039524 2.8421533354184656 3.428463622182854 14.61010153577355 0.0 22.46679644896403 123.0 8.325203252032527 0.9516440117167105 1.0390470769570452 4.394870104730192 0.0 26.68791656076981 275.0 3.7236363636363596 1.277610054561984 1.2241617493071981 5.004525253421916 0.0 26.543647851331574 246.0 4.162601626016264 3.097491899318143 3.4635468984997595 15.084257622901651 0.0 20.16037506112882 117.0 8.752136752136755 0.9466899010163349 0.9368664821415225 3.4864782878754865 0.0 26.49583731270381 271.0 3.7785977859778552 1.3556759294280507 1.337014335590453 5.869339320126588 0.0 26.893275456068764 261.0 3.923371647509575 4.439423659008082 6.970326994071792 27.21241660707205 0.0 22.902049885570566 108.0 9.481481481481492 1.123639716108372 1.0809878092689695 5.004525253421916 0.0 26.113315571224827 276.0 3.710144927536238 1.027058834410571 3.20059173536025 44.920139095153296 0.0 29.31944627021991 728.0 1.406593406593409 9.566647986331159 13.851099379065158 44.33167360971555 0.0 25.22099195276142 145.0 7.06206896551723 0.5101864139727722 0.9655953995981535 4.365364986724842 0.0 29.437083270956627 742.0 1.380053908355794 1.363724878466155 3.442909320879078 37.084976627971145 0.0 29.471832685945742 660.0 1.5515151515151535 24.654685171521503 12.774069401704041 57.95256340286629 0.0 14.611392989784619 59.0 17.355932203389823 0.6084637754498403 1.0009353703937758 3.5217069291965686 0.0 29.422141688705263 700.0 1.4628571428571404 1.004595894679247 2.9340524832611172 41.78745222094094 0.0 29.51501678578257 717.0 1.4281729428172933 18.85244844090052 15.128929913850971 43.23679070467707 0.0 16.42607510351393 98.0 10.448979591836727 0.5735405936339242 1.0151972456919434 4.365364986724842 0.0 29.461810026002475 728.0 1.4065934065934071 0.0 0.0 0.0 0.0 0.0 40.0 25.59999999999999 0.0 0.0 0.0 0.0 0.0 62.0 16.516129032258075 0.0 0.0 0.0 0.0 0.0 40.0 25.59999999999999 0.0 0.0 0.0 0.0 0.0 40.0 25.59999999999999 0.0 0.0 0.0 0.0 0.0 62.0 16.516129032258075 0.0 0.0 0.0 0.0 0.0 40.0 25.59999999999999 0.0 0.0 0.0 0.0 0.0 40.0 25.59999999999999 0.0 0.0 0.0 0.0 0.0 62.0 16.516129032258075 0.0 0.0 0.0 0.0 0.0 40.0 25.59999999999999 
3.000515032786888 1.1882573039284774 1.2873974098654999 4.6261065484396156 0.0 27.796803128450385 163.0 6.2822085889570465 1.2936904266925282 2.648988421363443 11.922169852207215 0.0 20.019280912678237 185.0 5.535135135135135 0.8985130593754598 0.9619141692324255 3.332808309342373 0.0 27.277260868010917 201.0 5.09452736318409 1.1900186404472244 1.1828502211324994 4.6261065484396156 0.0 26.869269867702506 162.0 6.320987654320978 1.2642294708908204 2.5917342341396195 11.922169852207215 0.0 17.036527560110347 174.0 5.885057471264374 0.9825579094349298 0.9362955941361755 3.332808309342373 0.0 26.03658551929392 197.0 5.197969543147204 1.3216758120994572 1.3305523441060287 5.6352774948562505 0.0 27.474710878732292 160.0 6.400000000000009 2.3847744088113334 5.777341124762604 25.613770878492435 0.0 17.056764137393007 106.0 9.660377358490567 1.028570048910035 1.0456464593335129 3.6016230121356916 0.0 26.750369421683153 173.0 5.919075144508673 0.0 0.0 0.0 0.0 0.0 11.0 93.09090909090908 0.0 0.0 0.0 0.0 0.0 67.0 15.283582089552247 0.0 0.0 0.0 0.0 0.0 11.0 93.09090909090908 0.0 0.0 0.0 0.0 0.0 11.0 93.09090909090908 0.0 0.0 0.0 0.0 0.0 67.0 15.283582089552247 0.0 0.0 0.0 0.0 0.0 11.0 93.09090909090908 0.0 0.0 0.0 0.0 0.0 11.0 93.09090909090908 0.0 0.0 0.0 0.0 0.0 67.0 15.283582089552247 0.0 0.0 0.0 0.0 0.0 11.0 93.09090909090908 1.2386124543208086 1.3099768187358096 4.805157531375327 0.0 27.093308316633692 222.0 4.612612612612606 1.867666131377672 3.2114096338218885 14.225696891039416 0.0 21.220388664142334 173.0 5.919075144508673 0.9234188733471995 1.006847313000842 3.4864782878754865 0.0 26.448949465255666 265.0 3.8641509433962273 1.2605146233590268 1.2129297859720778 4.805157531375327 0.0 26.824508950753533 216.0 4.74074074074074 2.0370771944803403 3.3512190590475646 15.166946884958433 0.0 19.41549429338602 158.0 6.481012658227856 0.9770206435970064 0.9670072584624401 3.4864782878754865 0.0 26.459002961576353 263.0 3.8935361216730047 1.5116608817774844 1.4008129164913137 5.869339320126588 0.0 26.800369866489504 206.0 4.970873786407768 3.8387747369467533 7.097000741528921 26.74842123866512 0.0 21.271108479325502 99.0 10.343434343434337 1.130450259330099 1.0776056551318625 3.9592310638267834 0.0 25.976126859838956 227.0 4.511013215859033 0.9768906615226916 3.0488197905147114 44.81968662053579 0.0 29.46018239548999 729.0 1.4046639231824432 13.154446923123377 15.27748217381621 52.08538472017539 0.0 24.71698701935701 150.0 6.826666666666676 0.487219565210842 0.9431698531165934 4.365364986724842 0.0 29.50879924794643 744.0 1.3763440860215066 1.3865793499808252 3.401397272138263 32.874741622928155 0.0 29.442312790613613 650.0 1.5753846153846125 26.00122254934037 9.916281763583015 36.71893480002612 0.0 9.677582042021339 44.0 23.27272727272727 0.6331044332162463 1.0125142819667676 3.5217069291965686 0.0 29.435045554897762 688.0 1.4883720930232538 1.0854463881589336 2.7589858229035156 25.40159494756412 0.0 29.447522799828782 686.0 1.4927113702623944 16.362095365130717 15.188356860014217 56.54314979359755 0.0 21.159848150821762 89.0 11.505617977528075 0.6108873511023505 1.047303967565384 4.365364986724842 0.0 29.2874093068279 703.0 1.456614509246086 0.0 0.0 0.0 0.0 0.0 11.0 93.09090909090908 0.0 0.0 0.0 0.0 0.0 67.0 15.283582089552247 0.0 0.0 0.0 0.0 0.0 11.0 93.09090909090908 0.0 0.0 0.0 0.0 0.0 11.0 93.09090909090908 0.0 0.0 0.0 0.0 0.0 67.0 15.283582089552247 0.0 0.0 0.0 0.0 0.0 11.0 93.09090909090908 0.0 0.0 0.0 0.0 0.0 11.0 93.09090909090908 0.0 0.0 0.0 0.0 0.0 67.0 15.283582089552247 0.0 0.0 0.0 0.0 0.0 11.0 93.09090909090908 
4.000515032786888 1.360126003187505 1.2689438765232848 4.6261065484396156 0.0 26.109969858343913 144.0 7.111111111111123 1.2449170240043663 2.7231580583461574 13.641891849997156 0.0 20.40947861920132 223.0 4.591928251121066 1.0300505449778015 1.007551209829745 3.4836138576524758 0.0 25.806024570430303 175.0 5.851428571428562 1.2115153972286683 1.2328158787728065 4.6261065484396156 0.0 26.64471409325793 163.0 6.282208588957048 1.2229370283234182 2.837474373905714 13.400622001913725 0.0 18.758794349679444 248.0 4.12903225806452 1.0611865540113377 0.9830590742777868 3.4807338060554636 0.0 25.706604643834257 194.0 5.278350515463924 1.3560337255544566 1.3532523305682134 5.6352774948562505 0.0 26.7087344621844 143.0 7.160839160839168 1.5900404721115533 4.722633981201302 27.854659986313546 0.0 19.692538444996828 155.0 6.606451612903218 1.089210034045296 1.0606147770367211 3.823817960315315 0.0 26.77962539338191 171.0 5.988304093567251 0.0 0.0 0.0 0.0 0.0 7.0 146.28571428571428 0.0 0.0 0.0 0.0 0.0 83.0 12.337349397590371 0.0 0.0 0.0 0.0 0.0 7.0 146.28571428571428 0.0 0.0 0.0 0.0 0.0 7.0 146.28571428571428 0.0 0.0 0.0 0.0 0.0 83.0 12.337349397590371 0.0 0.0 0.0 0.0 0.0 7.0 146.28571428571428 0.0 0.0 0.0 0.0 0.0 7.0 146.28571428571428 0.0 0.0 0.0 0.0 0.0 83.0 12.337349397590371 0.0 0.0 0.0 0.0 0.0 7.0 146.28571428571428 1.3195676322826022 1.296839897360999 4.805157531375327 0.0 25.74997743115297 203.0 5.0443349753694635 1.6408038105995915 3.2161425900820175 15.019385744635166 0.0 20.581786416793157 217.0 4.7188940092166 1.0942055061257812 0.988445605276577 3.4864782878754865 0.0 24.946560484153053 236.0 4.338983050847466 1.3243626572772442 1.2754778538210776 4.805157531375327 0.0 26.620408742354755 211.0 4.853080568720386 1.8422440433881637 3.4322128959933007 15.166946884958433 0.0 19.937859799873365 221.0 4.633484162895935 1.0098931845035657 0.9675095877742058 3.355582661291501 0.0 25.61271380670222 258.0 3.9689922480620097 1.5604735126106921 1.3659386051422842 5.869339320126588 0.0 26.73548330860186 178.0 5.752808988764034 2.846145222475568 6.452276554554089 27.85776111856494 0.0 18.53281395122198 134.0 7.641791044776108 1.1602341888501146 1.0656339877939902 3.9592310638267834 0.0 26.293934515918348 220.0 4.654545454545462 1.359703485760514 3.6202228110367543 41.78745222094094 0.0 29.637692546278203 664.0 1.5421686746987928 12.805059146739744 15.50762704025442 46.891091893594634 0.0 22.786972701859657 161.0 6.36024844720496 0.6582063993031629 1.0546503455673355 4.365364986724842 0.0 29.437821077458885 679.0 1.508100147275407 1.413560284847696 3.414610021186071 32.874741622928155 0.0 29.46331388138915 648.0 1.5802469135802426 23.26756780484371 12.534291485932734 43.1224644360107 0.0 12.97670247655845 48.0 21.33333333333334 0.6479593606357574 1.0266248293768763 3.5217069291965686 0.0 29.447786732318924 685.0 1.4948905109489041 1.3547791966286846 3.592818794045046 45.01462284090048 0.0 29.24132303887296 653.0 1.5681470137825457 19.252202121371376 14.433396040622208 46.20455876454077 0.0 19.25040046419857 75.0 13.653333333333347 0.6912081932655636 1.0848921387406605 4.365364986724842 0.0 29.277987997234032 669.0 1.5306427503736941 0.0 0.0 0.0 0.0 0.0 7.0 146.28571428571428 0.0 0.0 0.0 0.0 0.0 83.0 12.337349397590371 0.0 0.0 0.0 0.0 0.0 7.0 146.28571428571428 0.0 0.0 0.0 0.0 0.0 7.0 146.28571428571428 0.0 0.0 0.0 0.0 0.0 83.0 12.337349397590371 0.0 0.0 0.0 0.0 0.0 7.0 146.28571428571428 0.0 0.0 0.0 0.0 0.0 7.0 146.28571428571428 0.0 0.0 0.0 0.0 0.0 83.0 12.337349397590371 0.0 0.0 0.0 0.0 0.0 7.0 146.28571428571428 
5.000515032786888 1.438355783436868 1.252417718174558 4.6261065484396156 0.0 26.054540803897222 134.0 7.6417910447761095 1.6844054410448732 3.288980942580654 15.812322777826228 0.0 20.617141714350666 185.0 5.535135135135135 0.9390206034490058 0.9572257535191205 3.4836138576524758 0.0 25.369436329540733 177.0 5.785310734463273 1.230491998475471 1.2465242427998906 4.6261065484396156 0.0 26.34778076680056 159.0 6.440251572327046 1.491910082612913 2.908777260694946 15.812322777826228 0.0 17.983591532596453 195.0 5.251282051282057 1.1117796771322916 0.9437802011373537 3.4807338060554636 0.0 25.92860097379677 184.0 5.56521739130434 1.496659666980672 1.3030013706341086 5.6352774948562505 0.0 26.859132076512992 130.0 7.8769230769230925 1.4244907973851093 4.50217257439382 31.43967616412591 0.0 21.182600608215992 186.0 5.505376344086026 1.100582985558827 1.0222542304967865 3.6016230121356916 0.0 28.08031830340838 164.0 6.243902439024385 0.0 0.0 0.0 0.0 0.0 4.0 256.0 0.0 0.0 0.0 0.0 0.0 93.0 11.010752688172051 0.0 0.0 0.0 0.0 0.0 4.0 256.0 0.0 0.0 0.0 0.0 0.0 4.0 256.0 0.0 0.0 0.0 0.0 0.0 93.0 11.010752688172051 0.0 0.0 0.0 0.0 0.0 4.0 256.0 0.0 0.0 0.0 0.0 0.0 4.0 256.0 0.0 0.0 0.0 0.0 0.0 93.0 11.010752688172051 0.0 0.0 0.0 0.0 0.0 4.0 256.0 1.3920760035200213 1.2840469088724413 4.805157531375327 0.0 26.272984869191454 196.0 5.224489795918362 2.314194363241861 3.768445631993935 15.766332406886631 0.0 21.53946377121243 172.0 5.953488372093016 1.1422033317970977 0.999715716107026 3.4864782878754865 0.0 25.01185339460937 223.0 4.591928251121066 1.340679266224177 1.2653112714504253 4.805157531375327 0.0 26.612395924373747 211.0 4.853080568720386 2.0892879045907202 3.526476834348338 15.766332406886631 0.0 18.82245713449643 186.0 5.505376344086026 1.1433937299438064 0.9780063676625889 3.4681623663633308 0.0 25.838489663048794 240.0 4.2666666666666595 1.533773111078566 1.3474783730317774 5.869339320126588 0.0 26.897504998238784 179.0 5.720670391061458 2.314694249506876 5.9749279955084065 31.442874375876084 0.0 17.916186624475504 160.0 6.400000000000013 1.1981431139877312 1.0592413652098251 3.9592310638267834 0.0 27.189216811284712 214.0 4.785046728971961 1.4465866122209727 3.7440808298814887 41.78745222094094 0.0 29.41864061269728 645.0 1.5875968992248062 13.662650346105309 15.810068866134271 56.54314979359755 0.0 21.72043232041327 178.0 5.752808988764035 0.6620685409165799 1.0538336107462658 4.365364986724842 0.0 29.296121271009092 671.0 1.52608047690015 1.4237600597683917 3.420523375864693 32.874741622928155 0.0 29.435976626791422 645.0 1.5875968992248062 18.30333268825007 14.487810374037023 41.617688889241464 0.0 15.722306639252858 63.0 16.253968253968253 0.6530481163022887 1.0272002932913586 3.5217069291965686 0.0 29.436521054663743 683.0 1.499267935578331 1.3806079697379299 3.4879957514924116 45.01462284090048 0.0 29.287336225586653 647.0 1.5826893353941294 21.19880433204693 14.741896381034827 56.54314979359755 0.0 15.359910115525615 67.0 15.28358208955225 0.6977944404766012 1.0905571814145025 4.365364986724842 0.0 29.32950224089589 666.0 1.5375375375375404 0.0 0.0 0.0 0.0 0.0 4.0 256.0 0.0 0.0 0.0 0.0 0.0 93.0 11.010752688172051 0.0 0.0 0.0 0.0 0.0 4.0 256.0 0.0 0.0 0.0 0.0 0.0 4.0 256.0 0.0 0.0 0.0 0.0 0.0 93.0 11.010752688172051 0.0 0.0 0.0 0.0 0.0 4.0 256.0 0.0 0.0 0.0 0.0 0.0 4.0 256.0 0.0 0.0 0.0 0.0 0.0 93.0 11.010752688172051 0.0 0.0 0.0 0.0 0.0 4.0 256.0 
6.000515032786888 1.4752747723676092 1.2310999499590947 4.6261065484396156 0.0 26.50755128223828 134.0 7.6417910447761095 1.456245081002383 2.8132848312787035 16.42098663737972 0.0 16.907022519880428 174.0 5.885057471264374 1.069408818214608 0.9587543807609323 3.4836138576524758 0.0 25.50913048325454 165.0 6.206060606060612 1.3704909170559447 1.2480492075370075 4.6261065484396156 0.0 27.0543900050802 150.0 6.826666666666677 1.3760845051098798 2.8723562464464516 14.32859919723328 0.0 14.55806075325496 169.0 6.0591715976331475 1.0629687782556347 0.9569418909676007 3.4807338060554636 0.0 25.916285551319483 184.0 5.56521739130434 1.4948323241009103 1.3345017606916394 5.6352774948562505 0.0 27.0189495044001 128.0 8.0 1.7360531287915117 4.380596640054199 24.794233906975943 0.0 19.8147247060306 149.0 6.872483221476517 1.1756506071992272 1.0185887956871436 3.6016230121356916 0.0 27.51287025784525 151.0 6.781456953642394 0.0 0.0 0.0 0.0 0.0 3.0 341.33333333333337 0.0 0.0 0.0 0.0 0.0 81.0 12.641975308641975 0.0 0.0 0.0 0.0 0.0 3.0 341.33333333333337 0.0 0.0 0.0 0.0 0.0 3.0 341.33333333333337 0.0 0.0 0.0 0.0 0.0 81.0 12.641975308641975 0.0 0.0 0.0 0.0 0.0 3.0 341.33333333333337 0.0 0.0 0.0 0.0 0.0 3.0 341.33333333333337 0.0 0.0 0.0 0.0 0.0 81.0 12.641975308641975 0.0 0.0 0.0 0.0 0.0 3.0 341.33333333333337 1.4356193695428672 1.2759073131700496 4.805157531375327 0.0 26.413479173333197 198.0 5.171717171717178 2.0441063595080613 3.5506323538798754 16.419124798911692 0.0 18.00736385563784 165.0 6.206060606060612 1.140689655493805 0.9767213816901634 3.4864782878754865 0.0 24.843730860264614 221.0 4.633484162895922 1.352833198674493 1.2443511660051843 4.805157531375327 0.0 26.943168116156052 215.0 4.762790697674429 1.955541593399274 3.5234718536019076 15.166946884958433 0.0 16.119481254345697 158.0 6.481012658227858 1.1899337553823033 0.9629307355249678 3.4926449408052265 0.0 25.872140416944276 231.0 4.4329004329004364 1.5896882660135996 1.3630007754180222 5.869339320126588 0.0 26.890954091956946 174.0 5.885057471264374 2.747616501493437 6.223888136195574 28.568402560419546 0.0 21.035667434273574 125.0 8.191999999999993 1.23406955568753 1.0494251244517725 3.9592310638267834 0.0 26.616342291657354 205.0 4.995121951219509 1.460514575120573 3.7533546517759895 41.78745222094094 0.0 29.416956810364297 644.0 1.5900621118012397 16.442226182709373 16.254787777918168 61.02690666324963 0.0 21.229258196216296 146.0 7.013698630136973 0.6610929868501025 1.0506927873231526 4.365364986724842 0.0 29.308372514275035 671.0 1.52608047690015 1.4237600597683917 3.420523375864693 32.874741622928155 0.0 29.435976626791422 645.0 1.5875968992248062 11.651141724437837 14.237288354136973 37.50887987113839 0.0 22.218311449350438 92.0 11.130434782608692 0.6568147657338791 1.0285870819097114 3.5217069291965686 0.0 29.406200798951748 681.0 1.5036710719530122 1.3880078457661875 3.4953662821341993 45.01462284090048 0.0 29.323803779758155 644.0 1.5900621118012397 23.30758134139174 13.389951620699055 54.77632294159793 0.0 14.904514740846453 54.0 18.962962962962973 0.6977944404766012 1.0905571814145025 4.365364986724842 0.0 29.32950224089589 666.0 1.5375375375375404 0.0 0.0 0.0 0.0 0.0 3.0 341.33333333333337 0.0 0.0 0.0 0.0 0.0 81.0 12.641975308641975 0.0 0.0 0.0 0.0 0.0 3.0 341.33333333333337 0.0 0.0 0.0 0.0 0.0 3.0 341.33333333333337 0.0 0.0 0.0 0.0 0.0 81.0 12.641975308641975 0.0 0.0 0.0 0.0 0.0 3.0 341.33333333333337 0.0 0.0 0.0 0.0 0.0 3.0 341.33333333333337 0.0 0.0 0.0 0.0 0.0 81.0 12.641975308641975 0.0 0.0 0.0 0.0 0.0 3.0 341.33333333333337 
7.000515032786888 1.410244106964903 1.2490073369333248 4.6261065484396156 0.0 25.948695047709034 144.0 7.111111111111123 1.5470228914999455 2.973492625872978 14.553435100279708 0.0 15.706573019802878 166.0 6.168674698795174 1.1040083190809598 0.9719288835230075 3.4836138576524758 0.0 25.757952885227812 158.0 6.481012658227858 1.3746072547839774 1.248939565831034 4.6261065484396156 0.0 27.494562591080136 148.0 6.91891891891893 1.4357356606209646 2.9293752808405977 13.579792403121417 0.0 12.55539399466083 143.0 7.160839160839166 1.0374329756798017 0.968729904753434 3.4807338060554636 0.0 25.99017043614075 189.0 5.417989417989418 1.4811971044126067 1.3211888734218062 5.6352774948562505 0.0 26.936792145352175 128.0 8.0 2.0254934369235915 4.955852600735581 25.584578945288165 0.0 16.927288031610797 118.0 8.677966101694926 1.2374942965732076 1.0321234900255338 3.6016230121356916 0.0 27.22561246871975 146.0 7.013698630136971 0.0 0.0 0.0 0.0 0.0 2.0 512.0 0.0 0.0 0.0 0.0 0.0 75.0 13.653333333333347 0.0 0.0 0.0 0.0 0.0 2.0 512.0 0.0 0.0 0.0 0.0 0.0 2.0 512.0 0.0 0.0 0.0 0.0 0.0 75.0 13.653333333333347 0.0 0.0 0.0 0.0 0.0 2.0 512.0 0.0 0.0 0.0 0.0 0.0 2.0 512.0 0.0 0.0 0.0 0.0 0.0 75.0 13.653333333333347 0.0 0.0 0.0 0.0 0.0 2.0 512.0 1.4044412166609699 1.2717552196854796 4.805157531375327 0.0 26.39278010996353 200.0 5.1199999999999966 2.0647595448531066 3.5294802446027322 15.074033345448699 0.0 16.93040090238974 160.0 6.40000000000001 1.1551954989308215 0.9840444031982551 3.4864782878754865 0.0 24.950485616716858 220.0 4.654545454545457 1.3833566497668235 1.2771835625825716 5.229274318386853 0.0 26.918667161794833 209.0 4.899521531100476 1.934902109412734 3.5557936081906223 15.166946884958433 0.0 14.345153650553845 144.0 7.111111111111123 1.1830497580758996 0.971175741029788 3.4926449408052265 0.0 25.806131190186324 227.0 4.511013215859026 1.5499956919013802 1.3685409670015296 5.869339320126588 0.0 26.819316795631067 176.0 5.818181818181823 3.2599099158753626 6.624596983262937 28.568402560419546 0.0 20.04061649882858 107.0 9.570093457943923 1.2492108058429405 1.0494940742098209 3.9592310638267834 0.0 26.299495896848065 205.0 4.995121951219509 1.4662636925043409 3.758142410810749 41.78745222094094 0.0 29.42671891399695 642.0 1.5950155763239873 16.484350541682556 16.03051243897033 55.78899986348457 0.0 21.353041514145534 123.0 8.325203252032528 0.6683751094275333 1.0576617786201032 4.365364986724842 0.0 29.327487089880215 670.0 1.5283582089552226 1.4237600597683917 3.420523375864693 32.874741622928155 0.0 29.435976626791422 645.0 1.5875968992248062 16.497694613574225 14.930318211434384 41.60736355294473 0.0 19.565803182744457 77.0 13.298701298701296 0.6551719087891382 1.0259637884161275 3.5217069291965686 0.0 29.41218510281614 681.0 1.5036710719530122 1.3883352531074085 3.497781277528623 45.01462284090048 0.0 29.333004870580876 643.0 1.5925349922239522 20.596760459953124 14.45563361229305 54.77632294159793 0.0 17.63629024430021 56.0 18.285714285714292 0.6977944404766012 1.0905571814145025 4.365364986724842 0.0 29.32950224089589 666.0 1.5375375375375404 0.0 0.0 0.0 0.0 0.0 2.0 512.0 0.0 0.0 0.0 0.0 0.0 75.0 13.653333333333347 0.0 0.0 0.0 0.0 0.0 2.0 512.0 0.0 0.0 0.0 0.0 0.0 2.0 512.0 0.0 0.0 0.0 0.0 0.0 75.0 13.653333333333347 0.0 0.0 0.0 0.0 0.0 2.0 512.0 0.0 0.0 0.0 0.0 0.0 2.0 512.0 0.0 0.0 0.0 0.0 0.0 75.0 13.653333333333347 0.0 0.0 0.0 0.0 0.0 2.0 512.0 
8.000515032786888 1.4224751199471826 1.2314547908596218 4.6261065484396156 0.0 26.19273921847658 136.0 7.529411764705895 1.4039458604245614 2.7732976902592377 14.82579814611777 0.0 17.753722484557365 153.0 6.692810457516348 1.1774823295644001 0.992524839245738 3.4836138576524758 0.0 25.90633874278682 153.0 6.692810457516351 1.3554069316044801 1.2690870067905218 4.6261065484396156 0.0 27.745514855674884 147.0 6.9659863945578175 1.4178829923024006 2.8738186711297313 13.241912419968985 0.0 11.776925766175877 139.0 7.366906474820137 1.051031897348284 0.9712069503494737 3.4807338060554636 0.0 25.99413797613418 185.0 5.535135135135135 1.3847433955224802 1.3452613808801033 5.6352774948562505 0.0 27.169847632616566 137.0 7.474452554744532 2.3029417181588863 5.2813093050550295 25.742487085551677 0.0 16.3099151831835 102.0 10.039215686274503 1.2099453434180034 1.0180081300324428 3.6016230121356916 0.0 27.293146737735952 144.0 7.111111111111123 0.0 0.0 0.0 0.0 0.0 1.0 1024.0 0.0 0.0 0.0 0.0 0.0 60.0 17.06666666666667 0.0 0.0 0.0 0.0 0.0 1.0 1024.0 0.0 0.0 0.0 0.0 0.0 1.0 1024.0 0.0 0.0 0.0 0.0 0.0 60.0 17.06666666666667 0.0 0.0 0.0 0.0 0.0 1.0 1024.0 0.0 0.0 0.0 0.0 0.0 1.0 1024.0 0.0 0.0 0.0 0.0 0.0 60.0 17.06666666666667 0.0 0.0 0.0 0.0 0.0 1.0 1024.0 1.3577831680265775 1.2691845371419408 4.805157531375327 0.0 26.146586224371852 204.0 5.019607843137258 1.8628048271491706 3.409796665127479 15.074033345448699 0.0 18.55677827435243 153.0 6.692810457516351 1.1650358489267278 0.9976959161753159 3.4864782878754865 0.0 25.024944937029513 219.0 4.675799086757991 1.3842312758445035 1.278434003303688 5.229274318386853 0.0 26.759138933679086 205.0 4.995121951219509 2.05479347512468 3.573632618766181 15.166946884958433 0.0 14.028148916802884 134.0 7.641791044776111 1.1444356464595464 0.9786839217419133 3.4926449408052265 0.0 25.96672779257545 233.0 4.394849785407722 1.5179467438577876 1.3762278904714527 5.869339320126588 0.0 26.94324995140136 179.0 5.720670391061458 3.7703111932513487 6.929068530264985 28.568402560419546 0.0 18.25356592678991 96.0 10.666666666666657 1.2754451577883452 1.047512135173333 3.9592310638267834 0.0 26.45697413991447 201.0 5.094527363184084 1.4682372376438335 3.760299786361744 41.78745222094094 0.0 29.438627615253854 641.0 1.5975039001560107 19.5542726678757 15.376258556074742 55.78899986348457 0.0 19.576810281411166 98.0 10.448979591836727 0.670465011881099 1.05782173778006 4.365364986724842 0.0 29.290213195966075 669.0 1.5306427503736941 1.421254835445878 3.4184466664293103 32.874741622928155 0.0 29.43198436333793 646.0 1.585139318885447 20.47587204699041 13.970650189794354 56.54314979359755 0.0 19.47484674171019 57.0 17.964912280701753 0.6580914509313256 1.0264785295261905 3.5217069291965686 0.0 29.384316693613304 680.0 1.505882352941178 1.3946511866458113 3.502690858301952 45.01462284090048 0.0 29.345482224521774 641.0 1.5975039001560107 20.707064153712434 14.961039022881216 54.77632294159793 0.0 15.555985945746114 61.0 16.786885245901633 0.6977944404766012 1.0905571814145025 4.365364986724842 0.0 29.32950224089589 666.0 1.5375375375375404 0.0 0.0 0.0 0.0 0.0 1.0 1024.0 0.0 0.0 0.0 0.0 0.0 60.0 17.06666666666667 0.0 0.0 0.0 0.0 0.0 1.0 1024.0 0.0 0.0 0.0 0.0 0.0 1.0 1024.0 0.0 0.0 0.0 0.0 0.0 60.0 17.06666666666667 0.0 0.0 0.0 0.0 0.0 1.0 1024.0 0.0 0.0 0.0 0.0 0.0 1.0 1024.0 0.0 0.0 0.0 0.0 0.0 60.0 17.06666666666667 0.0 0.0 0.0 0.0 0.0 1.0 1024.0 
9.000515032786888 1.4744671429289489 1.20323375581112 4.6261065484396156 0.0 26.25500066432143 132.0 7.757575757575764 1.4446387594547538 3.0151884962662634 14.65532587224745 0.0 15.28569793508714 160.0 6.400000000000009 1.1724558155227442 0.9633841281044822 3.4836138576524758 0.0 25.731822669700687 148.0 6.918918918918931 1.4525361003946273 1.256710463622628 4.6261065484396156 0.0 28.00696536947158 138.0 7.420289855072473 1.1568499031132207 2.659399604799646 13.241912419968985 0.0 10.51193246793347 175.0 5.851428571428561 1.2182930088395387 0.9386734069521777 3.4807338060554636 0.0 26.265328051336883 166.0 6.168674698795175 1.4591883641346 1.3434610963170233 5.6352774948562505 0.0 27.209569172951497 131.0 7.81679389312976 1.7110970576440903 4.459892277833224 24.628416408678792 0.0 14.583517711998345 117.0 8.75213675213674 1.2526628450226127 1.009121881574163 3.6016230121356916 0.0 27.024134744957976 143.0 7.160839160839165 0.0 0.0 0.0 0.0 0.0 1.0 1024.0 0.0 0.0 0.0 0.0 0.0 52.0 19.6923076923077 0.0 0.0 0.0 0.0 0.0 1.0 1024.0 0.0 0.0 0.0 0.0 0.0 1.0 1024.0 0.0 0.0 0.0 0.0 0.0 52.0 19.6923076923077 0.0 0.0 0.0 0.0 0.0 1.0 1024.0 0.0 0.0 0.0 0.0 0.0 1.0 1024.0 0.0 0.0 0.0 0.0 0.0 52.0 19.6923076923077 0.0 0.0 0.0 0.0 0.0 1.0 1024.0 1.4547450491158287 1.262601909870643 4.805157531375327 0.0 26.117789675525955 190.0 5.389473684210526 2.594114783699893 3.9781447829788075 15.074033345448699 0.0 18.763229174465028 119.0 8.605042016806713 1.246469013200357 0.9863087663039586 3.4864782878754865 0.0 25.354029621679082 211.0 4.853080568720386 1.3840502763933573 1.2823624101526274 5.229274318386853 0.0 26.94325017363668 206.0 4.970873786407768 1.7581318051911317 3.349042194163615 15.166946884958433 0.0 13.354230029049377 160.0 6.400000000000011 1.193094764153374 0.9893976809353396 3.4926449408052265 0.0 25.96996861210954 229.0 4.471615720524012 1.6001855092727977 1.3831175391159507 5.869339320126588 0.0 26.916692435538177 170.0 6.02352941176471 3.280442288816443 6.542799091135088 28.568402560419546 0.0 17.801432842371074 97.0 10.556701030927826 1.333392852238884 1.0536343827242434 4.244995235991046 0.0 26.316141888745847 197.0 5.197969543147209 1.4785038219775306 3.77053499837485 41.78745222094094 0.0 29.37937437081655 640.0 1.6000000000000032 18.811868475020876 15.031900055583478 52.37765841012891 0.0 19.002016640972236 87.0 11.770114942528746 0.6697589846948088 1.0579397154734345 4.365364986724842 0.0 29.29193199177207 669.0 1.5306427503736943 1.4237600597683917 3.420523375864693 32.874741622928155 0.0 29.435976626791422 645.0 1.5875968992248062 21.324544596694164 12.95682510694029 39.09169750701913 0.0 16.27784184835131 52.0 19.692307692307704 0.6580914509313256 1.0264785295261905 3.5217069291965686 0.0 29.384316693613304 680.0 1.505882352941178 1.3946511866458113 3.502690858301952 45.01462284090048 0.0 29.345482224521774 641.0 1.5975039001560107 23.110366627831333 13.976506393468163 54.77632294159793 0.0 15.1864025700628 56.0 18.285714285714292 0.6977944404766012 1.0905571814145025 4.365364986724842 0.0 29.32950224089589 666.0 1.5375375375375404 0.0 0.0 0.0 0.0 0.0 1.0 1024.0 0.0 0.0 0.0 0.0 0.0 52.0 19.6923076923077 0.0 0.0 0.0 0.0 0.0 1.0 1024.0 0.0 0.0 0.0 0.0 0.0 1.0 1024.0 0.0 0.0 0.0 0.0 0.0 52.0 19.6923076923077 0.0 0.0 0.0 0.0 0.0 1.0 1024.0 0.0 0.0 0.0 0.0 0.0 1.0 1024.0 0.0 0.0 0.0 0.0 0.0 52.0 19.6923076923077 0.0 0.0 0.0 0.0 0.0 1.0 1024.0 
10.000515032786888 1.462795437252135 1.217623352125341 4.6261065484396156 0.0 26.170920598032367 132.0 7.757575757575764 1.3746559789208943 3.039423575981382 14.734467147449886 0.0 15.015346360785486 168.0 6.095238095238103 1.1756767070588194 0.9610144234326685 3.4836138576524758 0.0 25.876298922305324 145.0 7.06206896551723 1.3670789148794533 1.2405876543876522 4.6261065484396156 0.0 28.051265032466684 145.0 7.062068965517231 1.4028631924911794 3.0595182499805453 19.09506815320126 0.0 10.622519934366222 158.0 6.481012658227857 1.22193039379338 0.9590776661684131 3.4915183899373607 0.0 26.462408858056257 161.0 6.36024844720496 1.5201420977073126 1.3460859476650227 5.6352774948562505 0.0 27.20741740795381 128.0 8.0 1.9459666549385122 4.7489461755903 24.628416408678792 0.0 15.18224613294269 100.0 10.239999999999993 1.2930146932982556 0.993581117719369 3.6016230121356916 0.0 26.958094763873646 140.0 7.314285714285727 0.0 0.0 0.0 0.0 0.0 1.0 1024.0 0.0 0.0 0.0 0.0 0.0 50.0 20.479999999999993 0.0 0.0 0.0 0.0 0.0 1.0 1024.0 0.0 0.0 0.0 0.0 0.0 1.0 1024.0 0.0 0.0 0.0 0.0 0.0 50.0 20.479999999999993 0.0 0.0 0.0 0.0 0.0 1.0 1024.0 0.0 0.0 0.0 0.0 0.0 1.0 1024.0 0.0 0.0 0.0 0.0 0.0 50.0 20.479999999999993 0.0 0.0 0.0 0.0 0.0 1.0 1024.0 1.4651863711515891 1.265614138138899 4.805157531375327 0.0 26.001098690902325 192.0 5.333333333333334 2.3384711428571285 3.96320018449653 15.074033345448699 0.0 17.719420974084365 131.0 7.816793893129762 1.3169146868381971 0.9588596654691132 3.4864782878754865 0.0 25.50902825909875 195.0 5.251282051282045 1.4264995599359502 1.2333172848805825 4.805157531375327 0.0 26.80784185034397 200.0 5.1199999999999966 2.008722032408341 3.6394089520872646 15.166946884958433 0.0 13.993848621622517 137.0 7.4744525547445315 1.1850079808562677 0.9615321687015874 3.355582661291501 0.0 26.17601475951609 224.0 4.571428571428564 1.6526353382432784 1.3692545998641585 5.869339320126588 0.0 26.926567164162297 167.0 6.1317365269461135 3.7380674241039378 6.922815707221458 28.568402560419546 0.0 18.674533678001538 84.0 12.19047619047618 1.349775462243974 1.0249893570723014 3.9592310638267834 0.0 26.252561799352282 194.0 5.278350515463918 1.4801905589613098 3.7723607643439525 41.78745222094094 0.0 29.385497609027677 639.0 1.6025039123630702 19.27882814432531 14.821195480670086 52.37765841012891 0.0 20.968818786939863 84.0 12.190476190476181 0.6703366197859502 1.057892934846499 4.365364986724842 0.0 29.27138704520896 669.0 1.5306427503736943 1.4236980424500092 3.420850703393585 32.874741622928155 0.0 29.43016386088466 645.0 1.5875968992248062 19.45629709700627 13.832214490143494 39.09169750701913 0.0 18.888624272145965 52.0 19.692307692307704 0.6580914509313256 1.0264785295261905 3.5217069291965686 0.0 29.384316693613304 680.0 1.505882352941178 1.3946511866458113 3.502690858301952 45.01462284090048 0.0 29.345482224521774 641.0 1.5975039001560107 24.296005710166707 13.272558622053486 54.77632294159793 0.0 13.196852879465887 50.0 20.479999999999997 0.6977944404766012 1.0905571814145025 4.365364986724842 0.0 29.32950224089589 666.0 1.5375375375375404 0.0 0.0 0.0 0.0 0.0 1.0 1024.0 0.0 0.0 0.0 0.0 0.0 50.0 20.479999999999993 0.0 0.0 0.0 0.0 0.0 1.0 1024.0 0.0 0.0 0.0 0.0 0.0 1.0 1024.0 0.0 0.0 0.0 0.0 0.0 50.0 20.479999999999993 0.0 0.0 0.0 0.0 0.0 1.0 1024.0 0.0 0.0 0.0 0.0 0.0 1.0 1024.0 0.0 0.0 0.0 0.0 0.0 50.0 20.479999999999993 0.0 0.0 0.0 0.0 0.0 1.0 1024.0 
11.000515032786888 1.5374258947294255 1.188523215198457 4.6261065484396156 0.0 26.49472789807093 126.0 8.126984126984143 1.097798026066184 2.5693777107799796 13.310271524891036 0.0 15.63034675737452 171.0 5.988304093567251 1.2542328385138708 0.943170550141326 3.4836138576524758 0.0 26.118706958626365 141.0 7.262411347517722 1.3780392427448214 1.2482264085935422 4.6261065484396156 0.0 27.86133432042218 144.0 7.1111111111111205 1.3107002456315813 2.838060954768608 13.241912419968985 0.0 11.258458282323133 145.0 7.062068965517231 1.200472579620469 0.9609189300705726 3.4807338060554636 0.0 26.507529354247396 158.0 6.481012658227858 1.510602627104949 1.3404202382404697 5.6352774948562505 0.0 27.269846777308892 125.0 8.191999999999993 1.9473219639495951 4.735468603803235 24.628416408678792 0.0 15.142445739574395 100.0 10.239999999999993 1.2977151219764718 0.9904392896191153 3.6016230121356916 0.0 26.552429923295154 138.0 7.420289855072475 0.0 0.0 0.0 0.0 0.0 1.0 1024.0 0.0 0.0 0.0 0.0 0.0 46.0 22.2608695652174 0.0 0.0 0.0 0.0 0.0 1.0 1024.0 0.0 0.0 0.0 0.0 0.0 1.0 1024.0 0.0 0.0 0.0 0.0 0.0 46.0 22.2608695652174 0.0 0.0 0.0 0.0 0.0 1.0 1024.0 0.0 0.0 0.0 0.0 0.0 1.0 1024.0 0.0 0.0 0.0 0.0 0.0 46.0 22.2608695652174 0.0 0.0 0.0 0.0 0.0 1.0 1024.0 1.5072775980368813 1.2595975193469533 4.805157531375327 0.0 26.190357495667524 183.0 5.595628415300541 1.833083435285525 3.456193130010485 15.074033345448699 0.0 17.504946075483407 147.0 6.9659863945578175 1.3506473094554177 0.9543034477194241 3.4864782878754865 0.0 25.50986852808276 188.0 5.446808510638292 1.48081148494979 1.2248052925404382 4.805157531375327 0.0 26.974557480178465 191.0 5.361256544502614 2.126418249303227 3.6988979151491943 15.166946884958433 0.0 14.86995339930515 119.0 8.605042016806713 1.161828187479604 0.9634554518916857 3.355582661291501 0.0 26.378973602495574 228.0 4.491228070175429 1.6534425582832724 1.3728018705062337 5.869339320126588 0.0 26.96978630632286 163.0 6.28220858895705 3.6491686405134356 6.971576523010784 28.568402560419546 0.0 18.35003512273261 83.0 12.337349397590371 1.3484325348626824 1.0281670332004254 3.9592310638267834 0.0 26.011084983543537 190.0 5.389473684210526 1.4821718997126845 3.7743625924153417 41.78745222094094 0.0 29.348448643212514 638.0 1.6050156739811945 18.545912004302316 16.533771833909665 63.41323157148053 0.0 19.128381662393913 76.0 13.473684210526326 0.6703366197859502 1.057892934846499 4.365364986724842 0.0 29.27138704520896 669.0 1.5306427503736943 1.4236980424500092 3.420850703393585 32.874741622928155 0.0 29.43016386088466 645.0 1.5875968992248062 22.418110626581683 13.533914484106361 50.99794760018008 0.0 16.620847123277297 50.0 20.479999999999997 0.6580914509313256 1.0264785295261905 3.5217069291965686 0.0 29.384316693613304 680.0 1.505882352941178 1.3946511866458113 3.502690858301952 45.01462284090048 0.0 29.345482224521774 641.0 1.5975039001560107 27.289103106878322 10.470519205205637 54.77632294159793 0.0 11.098848718987304 44.0 23.272727272727273 0.6977944404766012 1.0905571814145025 4.365364986724842 0.0 29.32950224089589 666.0 1.5375375375375404 0.0 0.0 0.0 0.0 0.0 1.0 1024.0 0.0 0.0 0.0 0.0 0.0 46.0 22.2608695652174 0.0 0.0 0.0 0.0 0.0 1.0 1024.0 0.0 0.0 0.0 0.0 0.0 1.0 1024.0 0.0 0.0 0.0 0.0 0.0 46.0 22.2608695652174 0.0 0.0 0.0 0.0 0.0 1.0 1024.0 0.0 0.0 0.0 0.0 0.0 1.0 1024.0 0.0 0.0 0.0 0.0 0.0 46.0 22.2608695652174 0.0 0.0 0.0 0.0 0.0 1.0 1024.0 
12.000515032786888 1.4467204110727567 1.2080485885266752 4.6261065484396156 0.0 27.447817007070608 130.0 7.876923076923092 1.7604225682336798 3.314818551320212 16.14036553455519 0.0 16.987787131233603 139.0 7.366906474820137 1.2776265748525528 0.9253434819279108 3.4836138576524758 0.0 26.2060645716651 138.0 7.420289855072473 1.3956298457492502 1.233801689037651 4.6261065484396156 0.0 28.48032264631416 145.0 7.062068965517231 1.4311790515618215 3.035891839343499 13.241912419968985 0.0 11.79159119277639 120.0 8.533333333333323 1.239912339126589 0.9455827528920285 3.4807338060554636 0.0 26.45251651097492 154.0 6.649350649350648 1.56586257669923 1.3318673510038197 5.6352774948562505 0.0 27.330494421208556 122.0 8.393442622950813 2.0211642243739916 4.785394080967356 24.628416408678792 0.0 15.253968872640854 98.0 10.448979591836727 1.3084575657802526 0.9915175054292604 3.6016230121356916 0.0 26.63096898707777 136.0 7.529411764705896 0.0 0.0 0.0 0.0 0.0 1.0 1024.0 0.0 0.0 0.0 0.0 0.0 51.0 20.07843137254903 0.0 0.0 0.0 0.0 0.0 1.0 1024.0 0.0 0.0 0.0 0.0 0.0 1.0 1024.0 0.0 0.0 0.0 0.0 0.0 51.0 20.07843137254903 0.0 0.0 0.0 0.0 0.0 1.0 1024.0 0.0 0.0 0.0 0.0 0.0 1.0 1024.0 0.0 0.0 0.0 0.0 0.0 51.0 20.07843137254903 0.0 0.0 0.0 0.0 0.0 1.0 1024.0 1.5136148168060064 1.2454990548929856 4.805157531375327 0.0 26.76074958450702 182.0 5.626373626373629 2.554980519088437 3.9849893521271866 16.14894652837476 0.0 18.681060227123027 125.0 8.191999999999993 1.3150426218441054 0.957185970468514 3.4864782878754865 0.0 25.38023749338878 191.0 5.361256544502614 1.5032959818393294 1.2245574188542847 4.805157531375327 0.0 27.32366894370633 187.0 5.475935828877004 2.2097546823603933 3.8324600551933483 15.166946884958433 0.0 15.335827787570663 108.0 9.481481481481492 1.2032709095313354 0.9545504847412458 3.355582661291501 0.0 26.180351786340246 226.0 4.530973451327427 1.6487844505152973 1.3756754982872648 5.869339320126588 0.0 27.17130569931462 164.0 6.243902439024386 4.2742477592179515 7.284330938098096 28.568402560419546 0.0 19.135247672378302 72.0 14.222222222222216 1.3457636488426852 1.0307938170211257 3.9592310638267834 0.0 25.975316640360873 190.0 5.389473684210526 1.4821718997126845 3.7743625924153417 41.78745222094094 0.0 29.348448643212514 638.0 1.6050156739811945 19.19677818755293 13.99582501763919 41.78745222094094 0.0 18.83950332443314 66.0 15.515151515151524 0.6696672730831024 1.05812468888097 4.365364986724842 0.0 29.267913221368254 669.0 1.5306427503736943 1.4134892530354772 3.4093103024525884 32.874741622928155 0.0 29.428957506712287 645.0 1.5875968992248062 24.902706374711503 11.574363042038042 39.3697254832619 0.0 10.36231176295794 43.0 23.8139534883721 0.6580914509313256 1.0264785295261905 3.5217069291965686 0.0 29.384316693613304 680.0 1.505882352941178 1.3946511866458113 3.502690858301952 45.01462284090048 0.0 29.345482224521774 641.0 1.5975039001560107 25.991266818627746 10.445788298255492 54.77632294159793 0.0 13.005096017903165 43.0 23.813953488372103 0.6977944404766012 1.0905571814145025 4.365364986724842 0.0 29.32950224089589 666.0 1.5375375375375404 0.0 0.0 0.0 0.0 0.0 1.0 1024.0 0.0 0.0 0.0 0.0 0.0 51.0 20.07843137254903 0.0 0.0 0.0 0.0 0.0 1.0 1024.0 0.0 0.0 0.0 0.0 0.0 1.0 1024.0 0.0 0.0 0.0 0.0 0.0 51.0 20.07843137254903 0.0 0.0 0.0 0.0 0.0 1.0 1024.0 0.0 0.0 0.0 0.0 0.0 1.0 1024.0 0.0 0.0 0.0 0.0 0.0 51.0 20.07843137254903 0.0 0.0 0.0 0.0 0.0 1.0 1024.0 
13.000515032786888 1.3842643496051705 1.2062779792710134 4.6261065484396156 0.0 27.896143164576817 137.0 7.4744525547445315 1.539747834136947 3.0102401432591104 14.108770989896108 0.0 14.79135637160654 140.0 7.3142857142857265 1.2961093541158044 0.9228872653776679 3.4836138576524758 0.0 26.233190390836306 136.0 7.529411764705892 1.3364474282142411 1.2541116592823276 4.6261065484396156 0.0 28.701373022145745 150.0 6.826666666666678 1.5108774478422935 3.101018632098577 13.241912419968985 0.0 11.925306840408481 111.0 9.22522522522522 1.244459705656713 0.9378222692935065 3.4807338060554636 0.0 26.632767841053155 154.0 6.649350649350648 1.606648378934147 1.3356294706165772 5.6352774948562505 0.0 27.349217904794575 119.0 8.605042016806708 1.9500102995451187 4.705488907780106 24.628416408678792 0.0 14.972555415839102 102.0 10.039215686274499 1.3106126286036985 0.9887178239581166 3.6016230121356916 0.0 26.67925917249839 137.0 7.4744525547445315 0.0 0.0 0.0 0.0 0.0 1.0 1024.0 0.0 0.0 0.0 0.0 0.0 48.0 21.33333333333334 0.0 0.0 0.0 0.0 0.0 1.0 1024.0 0.0 0.0 0.0 0.0 0.0 1.0 1024.0 0.0 0.0 0.0 0.0 0.0 48.0 21.33333333333334 0.0 0.0 0.0 0.0 0.0 1.0 1024.0 0.0 0.0 0.0 0.0 0.0 1.0 1024.0 0.0 0.0 0.0 0.0 0.0 48.0 21.33333333333334 0.0 0.0 0.0 0.0 0.0 1.0 1024.0 1.4905411280375989 1.2621558057161384 4.805157531375327 0.0 27.01110979752945 184.0 5.565217391304345 2.1246032017291743 3.6989403459712644 15.074033345448699 0.0 16.740464895048227 135.0 7.5851851851851775 1.3406639702348968 0.9506137827111499 3.4864782878754865 0.0 25.398075526013493 190.0 5.389473684210533 1.4975599200748622 1.2245054577902361 4.805157531375327 0.0 27.673623166846774 187.0 5.475935828877005 2.4768688585746457 4.032043310347826 15.166946884958433 0.0 16.024027030397704 94.0 10.89361702127659 1.2009318932498951 0.9646727213013156 3.355582661291501 0.0 26.261675647872636 228.0 4.491228070175429 1.677168525658354 1.3779329543810654 5.869339320126588 0.0 27.113442182923983 160.0 6.400000000000005 3.8118147579694175 6.935419132436103 28.568402560419546 0.0 18.318529477956325 82.0 12.487804878048774 1.3444622910647495 1.0341882658948796 3.9592310638267834 0.0 25.960173082404083 190.0 5.389473684210525 1.4821718997126845 3.7743625924153417 41.78745222094094 0.0 29.348448643212514 638.0 1.6050156739811945 21.865249090705035 13.748537481821339 44.3780579030305 0.0 16.732644253278803 58.0 17.65517241379311 0.6724122872308934 1.0585844129300448 4.365364986724842 0.0 29.253340554297257 668.0 1.5329341317365286 1.4169618569110516 3.4117222292526472 32.874741622928155 0.0 29.45164062088824 644.0 1.5900621118012397 25.5207339379438 10.447718069963358 41.631810312897706 0.0 9.777443167606371 40.0 25.6 0.6580914509313256 1.0264785295261905 3.5217069291965686 0.0 29.384316693613304 680.0 1.505882352941178 1.3946511866458113 3.502690858301952 45.01462284090048 0.0 29.345482224521774 641.0 1.5975039001560107 24.91837352056737 12.118059111527968 54.77632294159793 0.0 13.850830824807371 44.0 23.272727272727273 0.6977944404766012 1.0905571814145025 4.365364986724842 0.0 29.32950224089589 666.0 1.5375375375375404 0.0 0.0 0.0 0.0 0.0 1.0 1024.0 0.0 0.0 0.0 0.0 0.0 48.0 21.33333333333334 0.0 0.0 0.0 0.0 0.0 1.0 1024.0 0.0 0.0 0.0 0.0 0.0 1.0 1024.0 0.0 0.0 0.0 0.0 0.0 48.0 21.33333333333334 0.0 0.0 0.0 0.0 0.0 1.0 1024.0 0.0 0.0 0.0 0.0 0.0 1.0 1024.0 0.0 0.0 0.0 0.0 0.0 48.0 21.33333333333334 0.0 0.0 0.0 0.0 0.0 1.0 1024.0 
14.000515032786888 1.380687477318295 1.2208129880910683 4.6261065484396156 0.0 27.50306681782891 139.0 7.366906474820136 1.4000149831167255 3.030741109680982 14.752852949697747 0.0 14.469764092208209 147.0 6.9659863945578175 1.2633208044312052 0.9341520552761732 3.4836138576524758 0.0 26.307930665076363 138.0 7.420289855072472 1.4185502762425546 1.2460295568421291 4.6261065484396156 0.0 28.093127995214836 142.0 7.21126760563381 1.3482026993557865 3.018636617930736 13.241912419968985 0.0 11.461322370932939 119.0 8.605042016806712 1.2561935003275613 0.9385645627225817 3.4807338060554636 0.0 26.611251265909818 153.0 6.692810457516348 1.5972666261267703 1.3363511123226026 5.6352774948562505 0.0 27.43716161101243 121.0 8.46280991735539 2.1970031726344734 5.025249002190209 24.628416408678792 0.0 16.176244942293962 87.0 11.770114942528746 1.3306488688193423 0.9882658409150453 3.6016230121356916 0.0 26.56731975647376 134.0 7.6417910447761095 0.0 0.0 0.0 0.0 0.0 1.0 1024.0 0.0 0.0 0.0 0.0 0.0 46.0 22.2608695652174 0.0 0.0 0.0 0.0 0.0 1.0 1024.0 0.0 0.0 0.0 0.0 0.0 1.0 1024.0 0.0 0.0 0.0 0.0 0.0 46.0 22.2608695652174 0.0 0.0 0.0 0.0 0.0 1.0 1024.0 0.0 0.0 0.0 0.0 0.0 1.0 1024.0 0.0 0.0 0.0 0.0 0.0 46.0 22.2608695652174 0.0 0.0 0.0 0.0 0.0 1.0 1024.0 1.510224276707966 1.2588573773972047 4.805157531375327 0.0 27.003479983359806 185.0 5.535135135135135 2.4690496883062782 3.9518465144802963 15.074033345448699 0.0 17.460664054365914 116.0 8.827586206896546 1.2999638091385832 0.9659352207073139 3.4864782878754865 0.0 25.48978398521764 195.0 5.251282051282047 1.5481937923854237 1.21008787053614 4.805157531375327 0.0 27.173453606247495 183.0 5.595628415300541 2.137245016267459 3.855548732125119 15.166946884958433 0.0 15.15342401303345 107.0 9.570093457943923 1.2314709659351701 0.9681778155768297 3.355582661291501 0.0 26.249281068496195 219.0 4.675799086757991 1.6957679857766423 1.3777447494746977 5.869339320126588 0.0 27.146215770047313 158.0 6.481012658227854 3.1373675888948536 6.581742288686296 28.568402560419546 0.0 17.768682895442623 96.0 10.666666666666657 1.358600269936708 1.0312215704060892 3.9592310638267834 0.0 26.009408259613796 190.0 5.389473684210525 1.4821718997126845 3.7743625924153417 41.78745222094094 0.0 29.348448643212514 638.0 1.6050156739811945 23.163899834779663 12.353549432984346 41.78745222094094 0.0 18.752737396857476 51.0 20.07843137254903 0.67316311656262 1.058939836325291 4.365364986724842 0.0 29.23826360004977 667.0 1.535232383808098 1.4169618569110516 3.4117222292526472 32.874741622928155 0.0 29.45164062088824 644.0 1.5900621118012397 24.749752724008168 11.815449577417215 41.631810312897706 0.0 10.19431797902207 41.0 24.97560975609756 0.6580914509313256 1.0264785295261905 3.5217069291965686 0.0 29.384316693613304 680.0 1.505882352941178 1.3946511866458113 3.502690858301952 45.01462284090048 0.0 29.345482224521774 641.0 1.5975039001560107 29.182931049792128 7.088094967151071 54.77632294159793 0.0 8.085286095797478 39.0 26.256410256410263 0.6977944404766012 1.0905571814145025 4.365364986724842 0.0 29.32950224089589 666.0 1.5375375375375404 0.0 0.0 0.0 0.0 0.0 1.0 1024.0 0.0 0.0 0.0 0.0 0.0 46.0 22.2608695652174 0.0 0.0 0.0 0.0 0.0 1.0 1024.0 0.0 0.0 0.0 0.0 0.0 1.0 1024.0 0.0 0.0 0.0 0.0 0.0 46.0 22.2608695652174 0.0 0.0 0.0 0.0 0.0 1.0 1024.0 0.0 0.0 0.0 0.0 0.0 1.0 1024.0 0.0 0.0 0.0 0.0 0.0 46.0 22.2608695652174 0.0 0.0 0.0 0.0 0.0 1.0 1024.0 
15.000515032786888 1.2685487096333348 1.2402856646702596 4.6261065484396156 0.0 27.72159368521252 141.0 7.262411347517722 1.4523627532571977 2.9877569306049394 15.164801695719275 0.0 16.762550053400133 138.0 7.420289855072473 1.2563634037848685 0.938866795072938 3.4836138576524758 0.0 26.385274319547737 139.0 7.366906474820137 1.4181202733592149 1.263557739729008 4.6261065484396156 0.0 27.873373266941563 139.0 7.366906474820136 1.670781847386408 3.2299460614858577 13.241912419968985 0.0 12.027283126977379 101.0 10.138613861386132 1.2273115356472521 0.9458898725911287 3.4807338060554636 0.0 26.786745736651884 157.0 6.522292993630575 1.567421289789709 1.338410264083257 5.6352774948562505 0.0 27.51202339187844 121.0 8.46280991735539 2.255977676026584 5.10557106469931 24.628416408678792 0.0 16.497307555707895 84.0 12.190476190476181 1.3353668344511977 0.989437877029571 3.6016230121356916 0.0 26.513362883676017 133.0 7.6992481203007515 0.0 0.0 0.0 0.0 0.0 1.0 1024.0 0.0 0.0 0.0 0.0 0.0 45.0 22.75555555555556 0.0 0.0 0.0 0.0 0.0 1.0 1024.0 0.0 0.0 0.0 0.0 0.0 1.0 1024.0 0.0 0.0 0.0 0.0 0.0 45.0 22.75555555555556 0.0 0.0 0.0 0.0 0.0 1.0 1024.0 0.0 0.0 0.0 0.0 0.0 1.0 1024.0 0.0 0.0 0.0 0.0 0.0 45.0 22.75555555555556 0.0 0.0 0.0 0.0 0.0 1.0 1024.0 1.4087094456357818 1.2918444715863517 4.805157531375327 0.0 27.16582167695063 192.0 5.333333333333338 2.5116295714566945 3.9130807616574477 15.074033345448699 0.0 19.602181047141627 110.0 9.309090909090905 1.2900708078166228 0.9665180326005431 3.4864782878754865 0.0 25.69262185857497 196.0 5.2244897959183625 1.5268786902371911 1.2159180813067862 4.805157531375327 0.0 27.11428246299382 183.0 5.595628415300541 2.6044882429665512 4.090801850826862 15.166946884958433 0.0 15.867377573296809 90.0 11.377777777777773 1.2460707156432385 0.9701469908847069 3.355582661291501 0.0 26.161285363053224 218.0 4.697247706422018 1.6801345109842623 1.3809426075854851 5.869339320126588 0.0 27.18272455084542 159.0 6.440251572327046 3.813885774840817 7.065061692172969 28.568402560419546 0.0 19.236732711830395 80.0 12.799999999999994 1.370413599720288 1.0316084740032159 3.9592310638267834 0.0 25.90607149324466 189.0 5.417989417989418 1.4821718997126845 3.7743625924153417 41.78745222094094 0.0 29.348448643212514 638.0 1.6050156739811945 24.03140994465133 11.617630541545546 41.78745222094094 0.0 18.750650800961544 49.0 20.897959183673464 0.67316311656262 1.058939836325291 4.365364986724842 0.0 29.23826360004977 667.0 1.535232383808098 1.4169618569110516 3.4117222292526472 32.874741622928155 0.0 29.45164062088824 644.0 1.5900621118012397 24.365421594907342 11.677576011670094 41.631810312897706 0.0 11.38388300405656 41.0 24.97560975609756 0.6580914509313256 1.0264785295261905 3.5217069291965686 0.0 29.384316693613304 680.0 1.505882352941178 1.3946511866458113 3.502690858301952 45.01462284090048 0.0 29.345482224521774 641.0 1.5975039001560107 28.256244670074782 8.746054161249438 54.77632294159793 0.0 8.16284290554377 40.0 25.600000000000005 0.6977944404766012 1.0905571814145025 4.365364986724842 0.0 29.32950224089589 666.0 1.5375375375375404 0.0 0.0 0.0 0.0 0.0 1.0 1024.0 0.0 0.0 0.0 0.0 0.0 45.0 22.75555555555556 0.0 0.0 0.0 0.0 0.0 1.0 1024.0 0.0 0.0 0.0 0.0 0.0 1.0 1024.0 0.0 0.0 0.0 0.0 0.0 45.0 22.75555555555556 0.0 0.0 0.0 0.0 0.0 1.0 1024.0 0.0 0.0 0.0 0.0 0.0 1.0 1024.0 0.0 0.0 0.0 0.0 0.0 45.0 22.75555555555556 0.0 0.0 0.0 0.0 0.0 1.0 1024.0 
16.000515032786886 1.389850812841297 1.2475336318980916 4.6261065484396156 0.0 27.15217339417177 134.0 7.641791044776108 1.3196551777752745 2.876187342445304 14.962543605826342 0.0 13.565307432922303 144.0 7.1111111111111205 1.2640813856221507 0.9579423213088198 3.523816564376154 0.0 26.375259294954198 139.0 7.366906474820135 1.4968479168739472 1.269877057564995 4.6261065484396156 0.0 27.69198204858445 134.0 7.641791044776111 1.6623630696779665 3.224760129213624 13.241912419968985 0.0 12.001756452154902 103.0 9.941747572815537 1.1846861545880303 0.9385229681084365 3.332808309342373 0.0 26.772730710997216 158.0 6.481012658227855 1.5874993594534657 1.3344222189144164 5.6352774948562505 0.0 27.388121133955664 120.0 8.533333333333319 1.8343459768762156 4.716520535583148 24.628416408678792 0.0 15.088432335433078 102.0 10.0392156862745 1.3525078653935547 0.9972514560969398 3.6016230121356916 0.0 26.526333013456338 131.0 7.81679389312976 0.0 0.0 0.0 0.0 0.0 1.0 1024.0 0.0 0.0 0.0 0.0 0.0 47.0 21.787234042553198 0.0 0.0 0.0 0.0 0.0 1.0 1024.0 0.0 0.0 0.0 0.0 0.0 1.0 1024.0 0.0 0.0 0.0 0.0 0.0 47.0 21.787234042553198 0.0 0.0 0.0 0.0 0.0 1.0 1024.0 0.0 0.0 0.0 0.0 0.0 1.0 1024.0 0.0 0.0 0.0 0.0 0.0 47.0 21.787234042553198 0.0 0.0 0.0 0.0 0.0 1.0 1024.0 1.4476604383469767 1.2885223508261305 4.805157531375327 0.0 26.615814173034014 188.0 5.446808510638303 2.2440187751186254 3.80750492059132 15.074033345448699 0.0 16.363883305863805 119.0 8.605042016806712 1.3066660463682978 0.9539363722541155 3.4864782878754865 0.0 25.714833049312553 193.0 5.305699481865291 1.5943175466178043 1.2030671085684763 4.805157531375327 0.0 26.87360459745566 179.0 5.720670391061458 2.5701061427573992 4.079471685246989 15.166946884958433 0.0 15.636597387036215 91.0 11.252747252747248 1.2708623931744685 0.9597362250918657 3.355582661291501 0.0 26.18251326801033 215.0 4.762790697674427 1.6188658255446686 1.394646146558191 5.869339320126588 0.0 27.34296571299581 164.0 6.243902439024385 3.6113771646127155 6.97371014599307 28.568402560419546 0.0 18.938013412067935 83.0 12.337349397590371 1.3688008040288833 1.0362349940680333 3.9592310638267834 0.0 25.743184695680256 188.0 5.446808510638301 1.4821718997126845 3.7743625924153417 41.78745222094094 0.0 29.348448643212514 638.0 1.6050156739811945 24.47033210221429 11.106227367843813 41.78745222094094 0.0 15.353280006928692 47.0 21.787234042553195 0.67316311656262 1.058939836325291 4.365364986724842 0.0 29.23826360004977 667.0 1.535232383808098 1.4169618569110516 3.4117222292526472 32.874741622928155 0.0 29.45164062088824 644.0 1.5900621118012397 24.20886275162443 11.723688406764438 41.631810312897706 0.0 13.370645091447418 41.0 24.97560975609756 0.6580914509313256 1.0264785295261905 3.5217069291965686 0.0 29.384316693613304 680.0 1.505882352941178 1.3946511866458113 3.502690858301952 45.01462284090048 0.0 29.345482224521774 641.0 1.5975039001560107 26.10267673402753 11.38367023185169 61.882271390505764 0.0 11.636000868443967 42.0 24.38095238095238 0.6977944404766012 1.0905571814145025 4.365364986724842 0.0 29.32950224089589 666.0 1.5375375375375404 0.0 0.0 0.0 0.0 0.0 1.0 1024.0 0.0 0.0 0.0 0.0 0.0 47.0 21.787234042553198 0.0 0.0 0.0 0.0 0.0 1.0 1024.0 0.0 0.0 0.0 0.0 0.0 1.0 1024.0 0.0 0.0 0.0 0.0 0.0 47.0 21.787234042553198 0.0 0.0 0.0 0.0 0.0 1.0 1024.0 0.0 0.0 0.0 0.0 0.0 1.0 1024.0 0.0 0.0 0.0 0.0 0.0 47.0 21.787234042553198 0.0 0.0 0.0 0.0 0.0 1.0 1024.0 
17.000515032786886 1.55319465406057 1.2171360909017162 4.6261065484396156 0.0 26.79990684902841 125.0 8.191999999999993 1.473154027841437 2.9330324644835746 14.248787758648527 0.0 13.574613954255586 133.0 7.6992481203007515 1.264161686208242 0.933207883545152 3.4836138576524758 0.0 26.28539841108747 136.0 7.529411764705895 1.512946161313855 1.2724909976920735 4.6261065484396156 0.0 27.49534417137894 133.0 7.6992481203007515 1.6754026807727955 3.2624486597163393 13.241912419968985 0.0 12.091951597578138 101.0 10.138613861386133 1.2416658111745535 0.9171228995992506 3.332808309342373 0.0 26.70419157417482 153.0 6.692810457516348 1.6163789289524506 1.3277752344615996 5.6352774948562505 0.0 27.508315489067808 118.0 8.677966101694928 2.147470706602801 5.073166122857537 24.628416408678792 0.0 16.298080827364466 86.0 11.906976744186041 1.34614732662938 1.0031906133885418 3.6016230121356916 0.0 26.530600980851425 131.0 7.81679389312976 0.0 0.0 0.0 0.0 0.0 1.0 1024.0 0.0 0.0 0.0 0.0 0.0 42.0 24.380952380952372 0.0 0.0 0.0 0.0 0.0 1.0 1024.0 0.0 0.0 0.0 0.0 0.0 1.0 1024.0 0.0 0.0 0.0 0.0 0.0 42.0 24.380952380952372 0.0 0.0 0.0 0.0 0.0 1.0 1024.0 0.0 0.0 0.0 0.0 0.0 1.0 1024.0 0.0 0.0 0.0 0.0 0.0 42.0 24.380952380952372 0.0 0.0 0.0 0.0 0.0 1.0 1024.0 1.5765578748972733 1.269062294954742 4.805157531375327 0.0 26.50449800740141 177.0 5.785310734463274 2.3500500677381093 3.8508135194054964 15.074033345448699 0.0 16.065675905857777 111.0 9.225225225225218 1.3440316515256618 0.9466469222949921 3.4864782878754865 0.0 25.48028044800719 186.0 5.5053763440860255 1.574457089852296 1.2109411736362239 4.805157531375327 0.0 26.745062475699683 178.0 5.752808988764035 2.622751794343843 4.069333320529968 15.166946884958433 0.0 15.902906336567415 90.0 11.377777777777773 1.283153840985062 0.9567867823450639 3.355582661291501 0.0 26.222806530423828 213.0 4.807511737089195 1.6581196669395393 1.3860723615845918 5.869339320126588 0.0 27.265201402296576 161.0 6.3602484472049605 3.9044923732736594 7.227652065774717 28.568402560419546 0.0 19.56187229652821 76.0 13.473684210526326 1.37250315043321 1.0376343892634308 3.9592310638267834 0.0 25.62342975477817 187.0 5.475935828877001 1.4821718997126845 3.7743625924153417 41.78745222094094 0.0 29.348448643212514 638.0 1.6050156739811945 22.416540752568753 13.14358490992889 41.78745222094094 0.0 16.30303975744653 50.0 20.479999999999997 0.67316311656262 1.058939836325291 4.365364986724842 0.0 29.23826360004977 667.0 1.535232383808098 1.4169618569110516 3.4117222292526472 32.874741622928155 0.0 29.45164062088824 644.0 1.5900621118012397 26.618112460333265 9.856002846007955 41.631810312897706 0.0 9.174846746559492 40.0 25.599999999999998 0.6580914509313256 1.0264785295261905 3.5217069291965686 0.0 29.384316693613304 680.0 1.505882352941178 1.3946511866458113 3.502690858301952 45.01462284090048 0.0 29.345482224521774 641.0 1.5975039001560107 27.832499089676965 10.09933470486815 61.882271390505764 0.0 10.41646522886758 42.0 24.38095238095238 0.6977944404766012 1.0905571814145025 4.365364986724842 0.0 29.32950224089589 666.0 1.5375375375375404 0.0 0.0 0.0 0.0 0.0 1.0 1024.0 0.0 0.0 0.0 0.0 0.0 42.0 24.380952380952372 0.0 0.0 0.0 0.0 0.0 1.0 1024.0 0.0 0.0 0.0 0.0 0.0 1.0 1024.0 0.0 0.0 0.0 0.0 0.0 42.0 24.380952380952372 0.0 0.0 0.0 0.0 0.0 1.0 1024.0 0.0 0.0 0.0 0.0 0.0 1.0 1024.0 0.0 0.0 0.0 0.0 0.0 42.0 24.380952380952372 0.0 0.0 0.0 0.0 0.0 1.0 1024.0 
18.000515032786886 1.5636483648489559 1.244155980780324 4.6261065484396156 0.0 27.053196079917424 125.0 8.191999999999993 1.5763559361519384 3.291452560044955 20.67976433810909 0.0 15.666441575684 136.0 7.529411764705894 1.1914846114986697 0.9546087814034335 3.4836138576524758 0.0 26.40541597248058 144.0 7.111111111111122 1.4845374339598207 1.2664395846735466 4.6261065484396156 0.0 27.223386018332363 133.0 7.6992481203007515 1.7058059030452766 3.2916528088075663 13.241912419968985 0.0 12.25911130120035 99.0 10.343434343434337 1.1927039119663878 0.9402661369643679 3.332808309342373 0.0 26.62666372806966 155.0 6.606451612903221 1.6435471374935473 1.33444336805579 5.6352774948562505 0.0 27.511762035590493 115.0 8.904347826086953 2.7436938819398304 5.649350280386181 24.628416408678792 0.0 18.288838273792187 66.0 15.515151515151524 1.324547935462071 1.0109286021774158 3.6016230121356916 0.0 26.641834067406503 133.0 7.6992481203007515 0.0 0.0 0.0 0.0 0.0 1.0 1024.0 0.0 0.0 0.0 0.0 0.0 40.0 25.599999999999998 0.0 0.0 0.0 0.0 0.0 1.0 1024.0 0.0 0.0 0.0 0.0 0.0 1.0 1024.0 0.0 0.0 0.0 0.0 0.0 40.0 25.599999999999998 0.0 0.0 0.0 0.0 0.0 1.0 1024.0 0.0 0.0 0.0 0.0 0.0 1.0 1024.0 0.0 0.0 0.0 0.0 0.0 40.0 25.599999999999998 0.0 0.0 0.0 0.0 0.0 1.0 1024.0 1.5594850791114683 1.272120497262763 4.805157531375327 0.0 26.591305153753378 176.0 5.818181818181823 2.656027990738919 4.225499930973581 20.693743676317695 0.0 18.105022844078885 105.0 9.752380952380944 1.325549332715908 0.9634566684173593 3.4864782878754865 0.0 25.6599673580019 190.0 5.389473684210532 1.5675000044542322 1.2185980872540194 4.805157531375327 0.0 26.672638513145827 178.0 5.752808988764035 2.8267246802465067 4.154799955344026 15.166946884958433 0.0 16.55576931576762 84.0 12.190476190476181 1.2666231054868442 0.9617582494776759 3.355582661291501 0.0 26.3851218009037 214.0 4.785046728971961 1.7008796912240849 1.3725952595222455 5.869339320126588 0.0 27.208063597175855 158.0 6.481012658227853 4.807396919853881 7.809650247290858 28.568402560419546 0.0 21.178319433283562 61.0 16.786885245901637 1.3818568875715718 1.032062423247461 3.9592310638267834 0.0 25.654016187791093 186.0 5.505376344086026 1.4821718997126845 3.7743625924153417 41.78745222094094 0.0 29.348448643212514 638.0 1.6050156739811945 22.365158106834418 13.43352592484619 43.9819770453547 0.0 15.181608793355354 53.0 19.320754716981135 0.67316311656262 1.058939836325291 4.365364986724842 0.0 29.23826360004977 667.0 1.535232383808098 1.4169618569110516 3.4117222292526472 32.874741622928155 0.0 29.45164062088824 644.0 1.5900621118012397 25.907427056880053 10.501658850368617 41.631810312897706 0.0 10.10827711272878 41.0 24.97560975609756 0.6580914509313256 1.0264785295261905 3.5217069291965686 0.0 29.384316693613304 680.0 1.505882352941178 1.3946511866458113 3.502690858301952 45.01462284090048 0.0 29.345482224521774 641.0 1.5975039001560107 26.842664524389978 10.741032821016319 61.882271390505764 0.0 10.161122420683254 41.0 24.975609756097565 0.6977944404766012 1.0905571814145025 4.365364986724842 0.0 29.32950224089589 666.0 1.5375375375375404 0.0 0.0 0.0 0.0 0.0 1.0 1024.0 0.0 0.0 0.0 0.0 0.0 40.0 25.599999999999998 0.0 0.0 0.0 0.0 0.0 1.0 1024.0 0.0 0.0 0.0 0.0 0.0 1.0 1024.0 0.0 0.0 0.0 0.0 0.0 40.0 25.599999999999998 0.0 0.0 0.0 0.0 0.0 1.0 1024.0 0.0 0.0 0.0 0.0 0.0 1.0 1024.0 0.0 0.0 0.0 0.0 0.0 40.0 25.599999999999998 0.0 0.0 0.0 0.0 0.0 1.0 1024.0 
19.000515032786886 1.6253379081928694 1.2758643492438266 4.6261065484396156 0.0 26.170802431789095 120.0 8.53333333333332 1.3881499460019833 2.894542271238485 13.241912419968985 0.0 13.647734275024273 142.0 7.21126760563381 1.1945915908082136 0.9493227846900663 3.4836138576524758 0.0 26.321821816509086 144.0 7.111111111111122 1.4541243696473805 1.2716417642218072 4.6261065484396156 0.0 27.01705180192124 134.0 7.6417910447761095 1.6231930006919804 3.2601636034183645 13.241912419968985 0.0 12.170383996397948 100.0 10.239999999999995 1.2201028010460377 0.9316575665465957 3.332808309342373 0.0 26.63768723318997 153.0 6.692810457516348 1.6523954423335767 1.3265937941295332 5.6352774948562505 0.0 27.558965329756465 115.0 8.904347826086953 2.4778054176195212 5.430071910396996 24.628416408678792 0.0 17.545547217522685 73.0 14.027397260273972 1.3410166102958834 1.0070029401222154 3.6016230121356916 0.0 26.60924666565621 132.0 7.757575757575764 0.0 0.0 0.0 0.0 0.0 1.0 1024.0 0.0 0.0 0.0 0.0 0.0 40.0 25.599999999999998 0.0 0.0 0.0 0.0 0.0 1.0 1024.0 0.0 0.0 0.0 0.0 0.0 1.0 1024.0 0.0 0.0 0.0 0.0 0.0 40.0 25.599999999999998 0.0 0.0 0.0 0.0 0.0 1.0 1024.0 0.0 0.0 0.0 0.0 0.0 1.0 1024.0 0.0 0.0 0.0 0.0 0.0 40.0 25.599999999999998 0.0 0.0 0.0 0.0 0.0 1.0 1024.0 1.5568387893268607 1.2807918119373796 4.805157531375327 0.0 26.241333879692085 173.0 5.919075144508673 2.630139966525152 3.992223102965611 15.074033345448699 0.0 17.435243421309348 101.0 10.138613861386133 1.3250637726905583 0.9594857915805808 3.4864782878754865 0.0 25.739550052511596 190.0 5.389473684210532 1.5529137941411406 1.2244833400023627 4.805157531375327 0.0 26.626256428290876 179.0 5.720670391061457 2.5008150552028883 4.045016011412514 15.166946884958433 0.0 15.843841250635126 94.0 10.89361702127659 1.2669192826508087 0.9607944747188735 3.355582661291501 0.0 26.343308977419586 213.0 4.807511737089196 1.6889155598142003 1.3762685222167947 5.869339320126588 0.0 27.275430925711404 159.0 6.440251572327046 4.520041003376877 7.64650639345819 28.568402560419546 0.0 20.86162334872879 65.0 15.753846153846155 1.3928810495048494 1.0298868174938836 3.9592310638267834 0.0 25.73781623376399 185.0 5.535135135135135 1.4821718997126845 3.7743625924153417 41.78745222094094 0.0 29.348448643212514 638.0 1.6050156739811945 22.117429655842052 13.464225100868463 43.9819770453547 0.0 16.58800857250844 52.0 19.6923076923077 0.67316311656262 1.058939836325291 4.365364986724842 0.0 29.23826360004977 667.0 1.535232383808098 1.4169618569110516 3.4117222292526472 32.874741622928155 0.0 29.45164062088824 644.0 1.5900621118012397 23.500965436091747 12.093502167072666 41.631810312897706 0.0 13.23118391286096 43.0 23.813953488372103 0.6580914509313256 1.0264785295261905 3.5217069291965686 0.0 29.384316693613304 680.0 1.505882352941178 1.3946511866458113 3.502690858301952 45.01462284090048 0.0 29.345482224521774 641.0 1.5975039001560107 24.309241220237492 12.810673490941458 61.882271390505764 0.0 13.655824629834221 45.0 22.755555555555556 0.6977944404766012 1.0905571814145025 4.365364986724842 0.0 29.32950224089589 666.0 1.5375375375375404 0.0 0.0 0.0 0.0 0.0 1.0 1024.0 0.0 0.0 0.0 0.0 0.0 40.0 25.599999999999998 0.0 0.0 0.0 0.0 0.0 1.0 1024.0 0.0 0.0 0.0 0.0 0.0 1.0 1024.0 0.0 0.0 0.0 0.0 0.0 40.0 25.599999999999998 0.0 0.0 0.0 0.0 0.0 1.0 1024.0 0.0 0.0 0.0 0.0 0.0 1.0 1024.0 0.0 0.0 0.0 0.0 0.0 40.0 25.599999999999998 0.0 0.0 0.0 0.0 0.0 1.0 1024.0 
20.000515032786886 1.5221905952970596 1.236096854606981 4.6261065484396156 0.0 26.58973940658434 120.0 8.53333333333332 1.3724076813887918 2.9304011028251264 13.579792403121417 0.0 13.306152708349051 134.0 7.64179104477611 1.2822966124820845 0.9426599871179402 3.4836138576524758 0.0 26.184391693784406 136.0 7.529411764705893 1.4995577798935176 1.2750825068095102 4.6261065484396156 0.0 26.632723779636734 131.0 7.816793893129761 2.190662071367544 3.6295878343161907 13.241912419968985 0.0 13.812255410463353 74.0 13.837837837837839 1.1799878492814773 0.9459547174718479 3.332808309342373 0.0 26.64376794547724 159.0 6.440251572327046 1.6158994958149369 1.3382966524633833 5.6352774948562505 0.0 27.570401308786522 117.0 8.75213675213674 2.364230200881228 5.3480157252729015 24.628416408678792 0.0 17.242222908917483 76.0 13.473684210526326 1.340947233235324 1.0070801359485062 3.6016230121356916 0.0 26.614920575048533 132.0 7.757575757575764 0.0 0.0 0.0 0.0 0.0 1.0 1024.0 0.0 0.0 0.0 0.0 0.0 40.0 25.599999999999998 0.0 0.0 0.0 0.0 0.0 1.0 1024.0 0.0 0.0 0.0 0.0 0.0 1.0 1024.0 0.0 0.0 0.0 0.0 0.0 40.0 25.599999999999998 0.0 0.0 0.0 0.0 0.0 1.0 1024.0 0.0 0.0 0.0 0.0 0.0 1.0 1024.0 0.0 0.0 0.0 0.0 0.0 40.0 25.599999999999998 0.0 0.0 0.0 0.0 0.0 1.0 1024.0 1.5385360899559628 1.291282553652282 4.805157531375327 0.0 26.52323988220275 175.0 5.851428571428562 2.6442839297058574 4.008237883828915 15.074033345448699 0.0 17.00435165972086 99.0 10.343434343434337 1.3381643406945871 0.956585634636511 3.4864782878754865 0.0 25.647671690733738 186.0 5.5053763440860255 1.5418077007874726 1.2466841986441444 4.805157531375327 0.0 26.69179240741445 181.0 5.657458563535921 3.2713059443601784 4.358050018779504 15.166946884958433 0.0 17.535615280205853 72.0 14.222222222222216 1.2820786001597175 0.9564411512542743 3.355582661291501 0.0 26.222859360045067 210.0 4.876190476190471 1.6795830419726825 1.378286891374329 5.869339320126588 0.0 27.33956595146156 160.0 6.400000000000008 4.372036121805465 7.576298286094215 28.568402560419546 0.0 20.678921827192333 67.0 15.283582089552247 1.3925567704794675 1.0303530028515686 3.9592310638267834 0.0 25.71883187881922 185.0 5.535135135135135 1.4821718997126845 3.7743625924153417 41.78745222094094 0.0 29.348448643212514 638.0 1.6050156739811945 22.501889624610428 12.937398833495571 41.78745222094094 0.0 17.20866983079795 55.0 18.618181818181814 0.67316311656262 1.058939836325291 4.365364986724842 0.0 29.23826360004977 667.0 1.535232383808098 1.4169618569110516 3.4117222292526472 32.874741622928155 0.0 29.45164062088824 644.0 1.5900621118012397 25.689053022246924 10.606883249730554 41.631810312897706 0.0 10.046704094779972 40.0 25.6 0.6580914509313256 1.0264785295261905 3.5217069291965686 0.0 29.384316693613304 680.0 1.505882352941178 1.3946511866458113 3.502690858301952 45.01462284090048 0.0 29.345482224521774 641.0 1.5975039001560107 26.936391404363256 10.341556690772375 61.882271390505764 0.0 10.015433103064547 41.0 24.975609756097565 0.6977944404766012 1.0905571814145025 4.365364986724842 0.0 29.32950224089589 666.0 1.5375375375375404 0.0 0.0 0.0 0.0 0.0 1.0 1024.0 0.0 0.0 0.0 0.0 0.0 40.0 25.599999999999998 0.0 0.0 0.0 0.0 0.0 1.0 1024.0 0.0 0.0 0.0 0.0 0.0 1.0 1024.0 0.0 0.0 0.0 0.0 0.0 40.0 25.599999999999998 0.0 0.0 0.0 0.0 0.0 1.0 1024.0 0.0 0.0 0.0 0.0 0.0 1.0 1024.0 0.0 0.0 0.0 0.0 0.0 40.0 25.599999999999998 0.0 0.0 0.0 0.0 0.0 1.0 1024.0 
21.000515032786886 1.520217222637696 1.242082942395148 4.6261065484396156 0.0 26.856513206070755 119.0 8.60504201680671 1.5883591051829093 3.033508509255819 13.241912419968985 0.0 14.129700696041052 110.0 9.309090909090905 1.2860172451249139 0.9271807017958471 3.4836138576524758 0.0 26.221208915981254 135.0 7.585185185185177 1.5136021537093995 1.2645172976127703 4.6261065484396156 0.0 27.080327723680114 128.0 8.0 2.197159383232665 3.6469859421385875 13.241912419968985 0.0 13.919169136105007 73.0 14.027397260273972 1.1947166290460345 0.9444998139889765 3.332808309342373 0.0 26.81275459499299 159.0 6.440251572327046 1.633940679114288 1.3299351975613998 5.6352774948562505 0.0 27.521128302922396 116.0 8.827586206896544 2.5987292376226274 5.56219824780386 24.628416408678792 0.0 17.943414389857796 69.0 14.840579710144922 1.3360929282095113 1.0112070137392573 3.6016230121356916 0.0 26.491132160187192 132.0 7.757575757575764 0.0 0.0 0.0 0.0 0.0 1.0 1024.0 0.0 0.0 0.0 0.0 0.0 38.0 26.947368421052634 0.0 0.0 0.0 0.0 0.0 1.0 1024.0 0.0 0.0 0.0 0.0 0.0 1.0 1024.0 0.0 0.0 0.0 0.0 0.0 38.0 26.947368421052634 0.0 0.0 0.0 0.0 0.0 1.0 1024.0 0.0 0.0 0.0 0.0 0.0 1.0 1024.0 0.0 0.0 0.0 0.0 0.0 38.0 26.947368421052634 0.0 0.0 0.0 0.0 0.0 1.0 1024.0 1.5162637269863948 1.2857183000857775 4.805157531375327 0.0 26.815299034978015 177.0 5.785310734463273 2.593768269396903 3.9151818184385423 15.074033345448699 0.0 16.356880395249792 100.0 10.239999999999995 1.3304781166335538 0.962617176657457 3.4864782878754865 0.0 25.663499014512663 187.0 5.4759358288770095 1.5282945635261131 1.2419112467649829 4.805157531375327 0.0 26.9037150267514 181.0 5.657458563535921 3.652609067290028 4.4845591707575725 15.166946884958433 0.0 18.284376945095165 64.0 16.0 1.2820985318924218 0.9575059501380792 3.355582661291501 0.0 26.229192334467992 209.0 4.899521531100481 1.6924602949144363 1.3731317244901597 5.869339320126588 0.0 27.301982292604045 159.0 6.440251572327046 4.877418369268573 7.856493356520853 28.568402560419546 0.0 21.399138753133165 60.0 17.06666666666667 1.4032105079495196 1.0295459327830705 3.9592310638267834 0.0 25.56056566516397 184.0 5.565217391304341 1.4821718997126845 3.7743625924153417 41.78745222094094 0.0 29.348448643212514 638.0 1.6050156739811945 22.322467775496683 13.952428085337612 44.45264342890955 0.0 18.285579766042204 55.0 18.61818181818181 0.67316311656262 1.058939836325291 4.365364986724842 0.0 29.23826360004977 667.0 1.535232383808098 1.4169618569110516 3.4117222292526472 32.874741622928155 0.0 29.45164062088824 644.0 1.5900621118012397 26.474279224558806 9.9124733564982 41.631810312897706 0.0 9.71222209187843 39.0 26.256410256410255 0.6580914509313256 1.0264785295261905 3.5217069291965686 0.0 29.384316693613304 680.0 1.505882352941178 1.3946511866458113 3.502690858301952 45.01462284090048 0.0 29.345482224521774 641.0 1.5975039001560107 27.807531951001394 9.406314784586627 61.882271390505764 0.0 8.404712783538992 38.0 26.94736842105263 0.6977944404766012 1.0905571814145025 4.365364986724842 0.0 29.32950224089589 666.0 1.5375375375375404 0.0 0.0 0.0 0.0 0.0 1.0 1024.0 0.0 0.0 0.0 0.0 0.0 38.0 26.947368421052634 0.0 0.0 0.0 0.0 0.0 1.0 1024.0 0.0 0.0 0.0 0.0 0.0 1.0 1024.0 0.0 0.0 0.0 0.0 0.0 38.0 26.947368421052634 0.0 0.0 0.0 0.0 0.0 1.0 1024.0 0.0 0.0 0.0 0.0 0.0 1.0 1024.0 0.0 0.0 0.0 0.0 0.0 38.0 26.947368421052634 0.0 0.0 0.0 0.0 0.0 1.0 1024.0 
22.000515032786886 1.5727372255722893 1.249831997529912 4.6261065484396156 0.0 26.52110945244943 113.0 9.061946902654856 1.855639583839703 3.3442704813518955 13.241912419968985 0.0 15.248232522513408 103.0 9.941747572815537 1.2806433991750923 0.9317416608490027 3.4836138576524758 0.0 26.22079172878923 135.0 7.585185185185177 1.5903620354499863 1.249044929148369 4.6261065484396156 0.0 27.397179070712326 124.0 8.25806451612904 2.1986237638590334 3.677947072950602 13.241912419968985 0.0 14.026838098155991 72.0 14.222222222222216 1.141767398916067 0.9460860201581455 3.332808309342373 0.0 26.8720591332595 164.0 6.243902439024385 1.6819795481620126 1.3157934321276326 5.6352774948562505 0.0 27.456840034478894 113.0 9.061946902654856 2.964712864291209 5.82838129062272 24.628416408678792 0.0 18.899463671719925 61.0 16.786885245901637 1.3404182547699337 1.014932253012106 3.6016230121356916 0.0 26.430849096204277 131.0 7.81679389312976 0.0 0.0 0.0 0.0 0.0 1.0 1024.0 0.0 0.0 0.0 0.0 0.0 39.0 26.256410256410255 0.0 0.0 0.0 0.0 0.0 1.0 1024.0 0.0 0.0 0.0 0.0 0.0 1.0 1024.0 0.0 0.0 0.0 0.0 0.0 39.0 26.256410256410255 0.0 0.0 0.0 0.0 0.0 1.0 1024.0 0.0 0.0 0.0 0.0 0.0 1.0 1024.0 0.0 0.0 0.0 0.0 0.0 39.0 26.256410256410255 0.0 0.0 0.0 0.0 0.0 1.0 1024.0 1.5336026168686663 1.296759673395993 4.805157531375327 0.0 26.556601492763313 175.0 5.851428571428562 3.086223772518845 4.193538259551624 15.074033345448699 0.0 17.93168375757416 89.0 11.505617977528077 1.3426453655571364 0.9603760579933524 3.4864782878754865 0.0 25.67369029257724 187.0 5.4759358288770095 1.5570976491103596 1.2391885525100652 4.805157531375327 0.0 27.006581124891706 180.0 5.688888888888893 3.8161608565636786 4.527826788241447 15.166946884958433 0.0 18.572488105590647 61.0 16.786885245901644 1.2858351240658497 0.9580945594728537 3.355582661291501 0.0 26.248757934914693 208.0 4.923076923076918 1.7157267397636649 1.3665454203672902 5.869339320126588 0.0 27.17074633100226 157.0 6.522292993630575 5.645369879655652 8.184822735364017 28.568402560419546 0.0 22.266473868849747 52.0 19.6923076923077 1.417971915960635 1.0289638506403422 3.9592310638267834 0.0 25.590364928770732 184.0 5.565217391304341 1.4821718997126845 3.7743625924153417 41.78745222094094 0.0 29.348448643212514 638.0 1.6050156739811945 21.665605426701898 12.843664806043009 36.9901087825193 0.0 16.953648144267266 49.0 20.89795918367346 0.67316311656262 1.058939836325291 4.365364986724842 0.0 29.23826360004977 667.0 1.535232383808098 1.4169618569110516 3.4117222292526472 32.874741622928155 0.0 29.45164062088824 644.0 1.5900621118012397 26.474279224558806 9.9124733564982 41.631810312897706 0.0 9.71222209187843 39.0 26.256410256410255 0.6580914509313256 1.0264785295261905 3.5217069291965686 0.0 29.384316693613304 680.0 1.505882352941178 1.3946511866458113 3.502690858301952 45.01462284090048 0.0 29.345482224521774 641.0 1.5975039001560107 28.56948630152052 8.230789924771905 61.882271390505764 0.0 7.863263145726478 37.0 27.675675675675677 0.6977944404766012 1.0905571814145025 4.365364986724842 0.0 29.32950224089589 666.0 1.5375375375375404 0.0 0.0 0.0 0.0 0.0 1.0 1024.0 0.0 0.0 0.0 0.0 0.0 39.0 26.256410256410255 0.0 0.0 0.0 0.0 0.0 1.0 1024.0 0.0 0.0 0.0 0.0 0.0 1.0 1024.0 0.0 0.0 0.0 0.0 0.0 39.0 26.256410256410255 0.0 0.0 0.0 0.0 0.0 1.0 1024.0 0.0 0.0 0.0 0.0 0.0 1.0 1024.0 0.0 0.0 0.0 0.0 0.0 39.0 26.256410256410255 0.0 0.0 0.0 0.0 0.0 1.0 1024.0 
23.000515032786886 1.6280388988279901 1.2551056227175632 4.6261065484396156 0.0 25.755537549073477 109.0 9.394495412844037 1.5476154010171117 3.084188256341361 13.241912419968985 0.0 13.026471875114723 118.0 8.677966101694924 1.2815849331349285 0.9325248751145959 3.4836138576524758 0.0 26.233229180556823 135.0 7.585185185185177 1.663595662625178 1.2452701099336825 4.6261065484396156 0.0 26.856040481178997 119.0 8.60504201680671 2.0650860113625984 3.6216772320640627 13.241912419968985 0.0 13.702262457230917 76.0 13.473684210526326 1.1181786665208753 0.9568878688722283 3.332808309342373 0.0 26.88547866219125 167.0 6.131736526946114 1.693523458754432 1.3171232671201365 5.6352774948562505 0.0 27.41271069898171 112.0 9.142857142857132 3.1925458540899694 5.975403283091089 24.628416408678792 0.0 19.41794563005508 57.0 17.964912280701753 1.360298615675202 1.0098669565771399 3.6016230121356916 0.0 26.296977821195892 129.0 7.937984496124019 0.0 0.0 0.0 0.0 0.0 1.0 1024.0 0.0 0.0 0.0 0.0 0.0 41.0 24.97560975609756 0.0 0.0 0.0 0.0 0.0 1.0 1024.0 0.0 0.0 0.0 0.0 0.0 1.0 1024.0 0.0 0.0 0.0 0.0 0.0 41.0 24.97560975609756 0.0 0.0 0.0 0.0 0.0 1.0 1024.0 0.0 0.0 0.0 0.0 0.0 1.0 1024.0 0.0 0.0 0.0 0.0 0.0 41.0 24.97560975609756 0.0 0.0 0.0 0.0 0.0 1.0 1024.0 1.6230198580448703 1.293889590132648 4.805157531375327 0.0 26.116753113176397 170.0 6.023529411764711 3.0883965419983284 4.216942256200494 15.074033345448699 0.0 17.577770964339113 84.0 12.190476190476181 1.3452817901431287 0.9582268623625231 3.4864782878754865 0.0 25.677892526302692 186.0 5.505376344086026 1.5911199321091358 1.23294057627423 4.805157531375327 0.0 26.705967002304863 178.0 5.752808988764035 4.18553566431338 4.606027260479397 15.166946884958433 0.0 19.04088186501036 55.0 18.618181818181814 1.2903058766887354 0.9578753062462955 3.355582661291501 0.0 26.261172903879594 208.0 4.923076923076918 1.715847686595783 1.3669532933133453 5.869339320126588 0.0 27.178639233549493 157.0 6.522292993630575 6.01539748815301 8.300805704070871 28.568402560419546 0.0 22.62158583741568 49.0 20.897959183673468 1.38117096666599 1.0393013879974895 3.9592310638267834 0.0 25.73107957602257 188.0 5.446808510638303 1.4821718997126845 3.7743625924153417 41.78745222094094 0.0 29.348448643212514 638.0 1.6050156739811945 21.13027783272961 13.456662086273916 43.511273351452026 0.0 17.153105445538205 48.0 21.33333333333334 0.67316311656262 1.058939836325291 4.365364986724842 0.0 29.23826360004977 667.0 1.535232383808098 1.4169618569110516 3.4117222292526472 32.874741622928155 0.0 29.45164062088824 644.0 1.5900621118012397 26.474279224558806 9.9124733564982 41.631810312897706 0.0 9.71222209187843 39.0 26.256410256410255 0.6580914509313256 1.0264785295261905 3.5217069291965686 0.0 29.384316693613304 680.0 1.505882352941178 1.3946511866458113 3.502690858301952 45.01462284090048 0.0 29.345482224521774 641.0 1.5975039001560107 28.176332169634733 9.236509099609643 61.882271390505764 0.0 7.647409382822837 37.0 27.675675675675677 0.6977944404766012 1.0905571814145025 4.365364986724842 0.0 29.32950224089589 666.0 1.5375375375375404 0.0 0.0 0.0 0.0 0.0 1.0 1024.0 0.0 0.0 0.0 0.0 0.0 41.0 24.97560975609756 0.0 0.0 0.0 0.0 0.0 1.0 1024.0 0.0 0.0 0.0 0.0 0.0 1.0 1024.0 0.0 0.0 0.0 0.0 0.0 41.0 24.97560975609756 0.0 0.0 0.0 0.0 0.0 1.0 1024.0 0.0 0.0 0.0 0.0 0.0 1.0 1024.0 0.0 0.0 0.0 0.0 0.0 41.0 24.97560975609756 0.0 0.0 0.0 0.0 0.0 1.0 1024.0 
24.000515032786886 1.5995502100451024 1.2495420151986347 4.6261065484396156 0.0 26.17911025690978 109.0 9.394495412844037 1.4036523186584045 3.1363262531381566 15.1237740491234 0.0 11.399579548772813 129.0 7.93798449612402 1.2945457710173214 0.9347341905235576 3.4836138576524758 0.0 26.12549464226067 133.0 7.6992481203007515 1.6323791201320303 1.2395565345336264 4.6261065484396156 0.0 26.858492594128524 120.0 8.53333333333332 2.5321677629759414 3.8638025319437537 13.241912419968985 0.0 14.839312030323812 62.0 16.516129032258075 1.134506518941661 0.9486090742721377 3.332808309342373 0.0 26.80455080939265 165.0 6.20606060606061 1.7137286393729032 1.313508389720457 5.6352774948562505 0.0 27.395250451691446 111.0 9.225225225225216 3.1900943266858586 5.973986816791404 24.628416408678792 0.0 19.434162013323302 57.0 17.964912280701753 1.3702826362616867 1.0073877368784798 3.6016230121356916 0.0 26.23525524007055 128.0 8.0 0.0 0.0 0.0 0.0 0.0 1.0 1024.0 0.0 0.0 0.0 0.0 0.0 39.0 26.256410256410255 0.0 0.0 0.0 0.0 0.0 1.0 1024.0 0.0 0.0 0.0 0.0 0.0 1.0 1024.0 0.0 0.0 0.0 0.0 0.0 39.0 26.256410256410255 0.0 0.0 0.0 0.0 0.0 1.0 1024.0 0.0 0.0 0.0 0.0 0.0 1.0 1024.0 0.0 0.0 0.0 0.0 0.0 39.0 26.256410256410255 0.0 0.0 0.0 0.0 0.0 1.0 1024.0 1.5783779002714091 1.311910747705593 4.805157531375327 0.0 26.34689703665149 171.0 5.988304093567251 2.5231435810137226 4.1694661983015875 15.123794962570065 0.0 15.626378290666501 101.0 10.138613861386133 1.3332865775762035 0.9604137388490644 3.4864782878754865 0.0 25.713240118914324 187.0 5.47593582887701 1.5673028078235196 1.2270709241326685 4.805157531375327 0.0 26.73400917382365 176.0 5.818181818181823 3.9311380558905524 4.60469459888912 15.166946884958433 0.0 18.325788720660782 58.0 17.6551724137931 1.3083530680739197 0.9519916305798837 3.355582661291501 0.0 26.096293691104425 205.0 4.995121951219509 1.692341373644876 1.3722814109733017 5.869339320126588 0.0 27.25531313195007 159.0 6.440251572327046 5.874247446026162 8.271661297858966 28.568402560419546 0.0 22.516695967911538 50.0 20.479999999999997 1.3825112984926957 1.039256368069956 3.9592310638267834 0.0 25.77362517963308 188.0 5.446808510638302 1.4821718997126845 3.7743625924153417 41.78745222094094 0.0 29.348448643212514 638.0 1.6050156739811945 19.062258758450398 14.037627572536623 38.215202948107674 0.0 18.201382151509247 51.0 20.07843137254903 0.67316311656262 1.058939836325291 4.365364986724842 0.0 29.23826360004977 667.0 1.535232383808098 1.4169618569110516 3.4117222292526472 32.874741622928155 0.0 29.45164062088824 644.0 1.5900621118012397 26.663416198893287 10.065121960336622 41.631810312897706 0.0 9.614517684609952 39.0 26.256410256410255 0.6580914509313256 1.0264785295261905 3.5217069291965686 0.0 29.384316693613304 680.0 1.505882352941178 1.3946511866458113 3.502690858301952 45.01462284090048 0.0 29.345482224521774 641.0 1.5975039001560107 28.991495290359467 8.02094871423428 61.882271390505764 0.0 7.619763030956464 36.0 28.44444444444444 0.6977944404766012 1.0905571814145025 4.365364986724842 0.0 29.32950224089589 666.0 1.5375375375375404 0.0 0.0 0.0 0.0 0.0 1.0 1024.0 0.0 0.0 0.0 0.0 0.0 39.0 26.256410256410255 0.0 0.0 0.0 0.0 0.0 1.0 1024.0 0.0 0.0 0.0 0.0 0.0 1.0 1024.0 0.0 0.0 0.0 0.0 0.0 39.0 26.256410256410255 0.0 0.0 0.0 0.0 0.0 1.0 1024.0 0.0 0.0 0.0 0.0 0.0 1.0 1024.0 0.0 0.0 0.0 0.0 0.0 39.0 26.256410256410255 0.0 0.0 0.0 0.0 0.0 1.0 1024.0 
25.000515032786886 1.624298752643487 1.243558519080683 4.6261065484396156 0.0 25.78396385236235 109.0 9.394495412844037 1.5311611995755778 3.119597135163799 13.834661177334347 0.0 13.308022292580237 115.0 8.904347826086953 1.2689867113290614 0.9454482063049341 3.4836138576524758 0.0 26.235484496952513 137.0 7.4744525547445315 1.6225486403520548 1.2582508439834965 4.6261065484396156 0.0 26.87981147444969 121.0 8.462809917355386 2.7130701291612103 3.932217690485189 13.241912419968985 0.0 15.248016083453642 58.0 17.655172413793096 1.212586412671297 0.9358355606881877 3.332808309342373 0.0 26.77145186225371 157.0 6.522292993630575 1.6993115666749607 1.320143360350093 5.6352774948562505 0.0 27.468810733321067 112.0 9.142857142857132 3.4332643283514686 6.189919164239836 24.628416408678792 0.0 20.16435219563912 52.0 19.6923076923077 1.3819726153958904 1.0045107364286445 3.6016230121356916 0.0 26.142718046293492 127.0 8.062992125984264 0.0 0.0 0.0 0.0 0.0 1.0 1024.0 0.0 0.0 0.0 0.0 0.0 38.0 26.947368421052634 0.0 0.0 0.0 0.0 0.0 1.0 1024.0 0.0 0.0 0.0 0.0 0.0 1.0 1024.0 0.0 0.0 0.0 0.0 0.0 38.0 26.947368421052634 0.0 0.0 0.0 0.0 0.0 1.0 1024.0 0.0 0.0 0.0 0.0 0.0 1.0 1024.0 0.0 0.0 0.0 0.0 0.0 38.0 26.947368421052634 0.0 0.0 0.0 0.0 0.0 1.0 1024.0 1.6259471758326556 1.2809130200112564 4.805157531375327 0.0 25.978253307303078 165.0 6.2060606060606105 2.7760467846788077 4.107978559876398 15.074033345448699 0.0 17.13133700611384 93.0 11.01075268817205 1.3256569919909515 0.9626926168141372 3.4864782878754865 0.0 25.71158863671211 188.0 5.446808510638293 1.555891133566183 1.2335931680368992 4.805157531375327 0.0 26.81227436290953 177.0 5.785310734463274 4.01337721268223 4.513919751435264 15.166946884958433 0.0 18.319891208013594 59.0 17.355932203389827 1.3229356172845204 0.9469438131378176 3.355582661291501 0.0 26.048305619617295 203.0 5.0443349753694635 1.6918011823781716 1.3723291678560137 5.869339320126588 0.0 27.25296520077843 159.0 6.440251572327046 6.076297266965765 8.37190324254389 28.568402560419546 0.0 22.73547010484839 48.0 21.333333333333332 1.3928203078027965 1.0311960940433038 3.9592310638267834 0.0 25.751031957827923 187.0 5.475935828877002 1.4821718997126845 3.7743625924153417 41.78745222094094 0.0 29.348448643212514 638.0 1.6050156739811945 20.41455125434636 13.177783782680864 36.9901087825193 0.0 18.6124283210511 48.0 21.33333333333334 0.67316311656262 1.058939836325291 4.365364986724842 0.0 29.23826360004977 667.0 1.535232383808098 1.4169618569110516 3.4117222292526472 32.874741622928155 0.0 29.45164062088824 644.0 1.5900621118012397 26.742668716787644 10.193517585232033 42.29425990882839 0.0 9.942626396622213 39.0 26.256410256410255 0.6580914509313256 1.0264785295261905 3.5217069291965686 0.0 29.384316693613304 680.0 1.505882352941178 1.3946511866458113 3.502690858301952 45.01462284090048 0.0 29.345482224521774 641.0 1.5975039001560107 28.991495290359467 8.02094871423428 61.882271390505764 0.0 7.619763030956464 36.0 28.44444444444444 0.6977944404766012 1.0905571814145025 4.365364986724842 0.0 29.32950224089589 666.0 1.5375375375375404 0.0 0.0 0.0 0.0 0.0 1.0 1024.0 0.0 0.0 0.0 0.0 0.0 38.0 26.947368421052634 0.0 0.0 0.0 0.0 0.0 1.0 1024.0 0.0 0.0 0.0 0.0 0.0 1.0 1024.0 0.0 0.0 0.0 0.0 0.0 38.0 26.947368421052634 0.0 0.0 0.0 0.0 0.0 1.0 1024.0 0.0 0.0 0.0 0.0 0.0 1.0 1024.0 0.0 0.0 0.0 0.0 0.0 38.0 26.947368421052634 0.0 0.0 0.0 0.0 0.0 1.0 1024.0 
26.000515032786886 1.5832454693402693 1.2542770252364186 4.6261065484396156 0.0 25.662546950791988 112.0 9.14285714285713 1.8015768188873265 3.3063831390265577 13.834661177334347 0.0 14.308984722906407 107.0 9.570093457943923 1.2826642052937844 0.9377676340228701 3.4836138576524758 0.0 26.20452006079866 135.0 7.5851851851851775 1.6280802340885332 1.2383133568671199 4.6261065484396156 0.0 26.732787471475135 119.0 8.60504201680671 2.761758731856678 3.9493257512839217 13.241912419968985 0.0 15.36909925837496 57.0 17.964912280701753 1.234051091126933 0.9244739434578134 3.332808309342373 0.0 26.90881081198989 152.0 6.736842105263152 1.7011321241473567 1.3205191831888734 5.6352774948562505 0.0 27.5072257264598 112.0 9.142857142857132 3.358297506060821 6.153574995685356 24.628416408678792 0.0 20.019130590358 53.0 19.320754716981135 1.3766247891308663 1.006002052716784 3.6016230121356916 0.0 26.132788836308254 127.0 8.062992125984264 0.0 0.0 0.0 0.0 0.0 1.0 1024.0 0.0 0.0 0.0 0.0 0.0 38.0 26.947368421052634 0.0 0.0 0.0 0.0 0.0 1.0 1024.0 0.0 0.0 0.0 0.0 0.0 1.0 1024.0 0.0 0.0 0.0 0.0 0.0 38.0 26.947368421052634 0.0 0.0 0.0 0.0 0.0 1.0 1024.0 0.0 0.0 0.0 0.0 0.0 1.0 1024.0 0.0 0.0 0.0 0.0 0.0 38.0 26.947368421052634 0.0 0.0 0.0 0.0 0.0 1.0 1024.0 1.6491084492784815 1.2705724186440774 4.805157531375327 0.0 25.985616683341707 163.0 6.282208588957048 3.2713469440763316 4.301266503668593 15.074033345448699 0.0 18.16317168165683 82.0 12.487804878048776 1.3156020692460138 0.9713699705840363 3.4864782878754865 0.0 25.82053791433527 191.0 5.361256544502614 1.5651835788118071 1.2375244707614592 4.805157531375327 0.0 26.726353552960067 177.0 5.785310734463274 4.151676917872674 4.574549628939785 15.166946884958433 0.0 18.71509497391338 56.0 18.285714285714292 1.3296370431862088 0.9421530557458088 3.355582661291501 0.0 26.032286899086355 202.0 5.069306930693066 1.6708044333660363 1.3767247384041963 5.869339320126588 0.0 27.318030037415287 161.0 6.3602484472049605 6.194543418479436 8.421518349692574 28.568402560419546 0.0 22.83544010891285 47.0 21.78723404255319 1.3958752580771272 1.0308551253078084 3.9592310638267834 0.0 25.742770474676274 187.0 5.475935828877002 1.4821718997126845 3.7743625924153417 41.78745222094094 0.0 29.348448643212514 638.0 1.6050156739811945 23.478693525107648 11.286085207808657 36.9901087825193 0.0 15.723455657191224 44.0 23.27272727272727 0.67316311656262 1.058939836325291 4.365364986724842 0.0 29.23826360004977 667.0 1.535232383808098 1.4169618569110516 3.4117222292526472 32.874741622928155 0.0 29.45164062088824 644.0 1.5900621118012397 26.742668716787644 10.193517585232033 42.29425990882839 0.0 9.942626396622213 39.0 26.256410256410255 0.6580914509313256 1.0264785295261905 3.5217069291965686 0.0 29.384316693613304 680.0 1.505882352941178 1.3946511866458113 3.502690858301952 45.01462284090048 0.0 29.345482224521774 641.0 1.5975039001560107 23.40940059559255 11.84088823164915 35.76295777937128 0.0 15.524897858481886 42.0 24.38095238095238 0.6977944404766012 1.0905571814145025 4.365364986724842 0.0 29.32950224089589 666.0 1.5375375375375404 0.0 0.0 0.0 0.0 0.0 1.0 1024.0 0.0 0.0 0.0 0.0 0.0 38.0 26.947368421052634 0.0 0.0 0.0 0.0 0.0 1.0 1024.0 0.0 0.0 0.0 0.0 0.0 1.0 1024.0 0.0 0.0 0.0 0.0 0.0 38.0 26.947368421052634 0.0 0.0 0.0 0.0 0.0 1.0 1024.0 0.0 0.0 0.0 0.0 0.0 1.0 1024.0 0.0 0.0 0.0 0.0 0.0 38.0 26.947368421052634 0.0 0.0 0.0 0.0 0.0 1.0 1024.0 
27.000515032786886 1.6404215063041703 1.235892812340656 4.6261065484396156 0.0 25.612729700788254 109.0 9.394495412844037 1.5520549119622056 3.113583205595019 13.834661177334347 0.0 11.720953191960126 117.0 8.752136752136746 1.2722450996600918 0.941604433693102 3.4836138576524758 0.0 26.193683902274017 136.0 7.529411764705892 1.6138002783385543 1.2504499601932217 4.6261065484396156 0.0 26.7640568302955 119.0 8.60504201680671 2.5925817011115058 3.8800389193537024 13.241912419968985 0.0 15.003816808057154 61.0 16.786885245901644 1.2230063380958087 0.9342189835454084 3.332808309342373 0.0 26.873616168242396 151.0 6.781456953642391 1.6860691853052847 1.3164137087588077 5.6352774948562505 0.0 27.589465664599352 114.0 8.982456140350862 3.2975693414413008 6.111580501005569 24.628416408678792 0.0 19.879925629022257 54.0 18.96296296296297 1.3890882497089678 1.0053386220926652 3.6016230121356916 0.0 26.139016518921895 127.0 8.062992125984264 0.0 0.0 0.0 0.0 0.0 1.0 1024.0 0.0 0.0 0.0 0.0 0.0 38.0 26.947368421052634 0.0 0.0 0.0 0.0 0.0 1.0 1024.0 0.0 0.0 0.0 0.0 0.0 1.0 1024.0 0.0 0.0 0.0 0.0 0.0 38.0 26.947368421052634 0.0 0.0 0.0 0.0 0.0 1.0 1024.0 0.0 0.0 0.0 0.0 0.0 1.0 1024.0 0.0 0.0 0.0 0.0 0.0 38.0 26.947368421052634 0.0 0.0 0.0 0.0 0.0 1.0 1024.0 1.6247584847044731 1.2766235561879897 4.805157531375327 0.0 26.097913001629546 165.0 6.2060606060606105 2.728930175727549 4.133600985359966 15.074033345448699 0.0 16.048083810945844 94.0 10.893617021276592 1.335025509196366 0.9715273235549733 3.4864782878754865 0.0 25.80325325470637 190.0 5.389473684210533 1.5672250720816958 1.232880336303233 4.805157531375327 0.0 26.67061934323652 176.0 5.818181818181822 4.004802250716125 4.562167473261867 15.166946884958433 0.0 18.63754376648695 58.0 17.6551724137931 1.3179310625280156 0.9448835184878531 3.355582661291501 0.0 26.089303697287463 203.0 5.0443349753694635 1.6796070565281849 1.3706712575427558 5.869339320126588 0.0 27.327977352180547 161.0 6.3602484472049605 6.065474545596285 8.379296748926668 28.568402560419546 0.0 22.736211020756425 48.0 21.333333333333332 1.4171754327905837 1.021385747162896 3.9592310638267834 0.0 25.625799775397113 185.0 5.535135135135135 1.4821718997126845 3.7743625924153417 41.78745222094094 0.0 29.348448643212514 638.0 1.6050156739811945 22.837077662969712 11.643089652819004 36.9901087825193 0.0 15.686798893842372 45.0 22.75555555555556 0.67316311656262 1.058939836325291 4.365364986724842 0.0 29.23826360004977 667.0 1.535232383808098 1.4169618569110516 3.4117222292526472 32.874741622928155 0.0 29.45164062088824 644.0 1.5900621118012397 25.742425258639628 10.728829733900966 41.631810312897706 0.0 10.504183281392098 39.0 26.256410256410255 0.6580914509313256 1.0264785295261905 3.5217069291965686 0.0 29.384316693613304 680.0 1.505882352941178 1.3946511866458113 3.502690858301952 45.01462284090048 0.0 29.345482224521774 641.0 1.5975039001560107 24.667540636948 10.063357337893292 35.76295777937128 0.0 13.462313504552943 41.0 24.975609756097562 0.6977944404766012 1.0905571814145025 4.365364986724842 0.0 29.32950224089589 666.0 1.5375375375375404 0.0 0.0 0.0 0.0 0.0 1.0 1024.0 0.0 0.0 0.0 0.0 0.0 38.0 26.947368421052634 0.0 0.0 0.0 0.0 0.0 1.0 1024.0 0.0 0.0 0.0 0.0 0.0 1.0 1024.0 0.0 0.0 0.0 0.0 0.0 38.0 26.947368421052634 0.0 0.0 0.0 0.0 0.0 1.0 1024.0 0.0 0.0 0.0 0.0 0.0 1.0 1024.0 0.0 0.0 0.0 0.0 0.0 38.0 26.947368421052634 0.0 0.0 0.0 0.0 0.0 1.0 1024.0 
28.000515032786886 1.638756716811777 1.2357700443362118 4.6261065484396156 0.0 25.75617917164632 109.0 9.394495412844037 1.408526902106584 3.057430410285149 13.834661177334347 0.0 11.433322128988957 119.0 8.605042016806713 1.2728900348582384 0.9452990763070596 3.4836138576524758 0.0 26.18290632700144 135.0 7.5851851851851775 1.6402530442596996 1.246117166011288 4.6261065484396156 0.0 26.712966898159724 117.0 8.75213675213674 2.545500712327385 3.8696588943744197 13.241912419968985 0.0 14.914316391681693 62.0 16.516129032258075 1.2316961879148616 0.9308667055275998 3.332808309342373 0.0 26.81420231045562 150.0 6.826666666666677 1.6845452180744458 1.3178614300303972 5.6352774948562505 0.0 27.6005898952415 114.0 8.982456140350862 3.1781438202951326 6.032541532072253 24.628416408678792 0.0 19.60113960755553 56.0 18.285714285714292 1.3627029366042585 1.0153436553857405 3.6016230121356916 0.0 26.25812978372047 129.0 7.937984496124019 0.0 0.0 0.0 0.0 0.0 1.0 1024.0 0.0 0.0 0.0 0.0 0.0 38.0 26.947368421052634 0.0 0.0 0.0 0.0 0.0 1.0 1024.0 0.0 0.0 0.0 0.0 0.0 1.0 1024.0 0.0 0.0 0.0 0.0 0.0 38.0 26.947368421052634 0.0 0.0 0.0 0.0 0.0 1.0 1024.0 0.0 0.0 0.0 0.0 0.0 1.0 1024.0 0.0 0.0 0.0 0.0 0.0 38.0 26.947368421052634 0.0 0.0 0.0 0.0 0.0 1.0 1024.0 1.6256438345861792 1.2730139885615661 4.805157531375327 0.0 26.109835458115903 164.0 6.243902439024386 2.5470638437872695 4.10694166485394 15.074033345448699 0.0 15.770134405576956 96.0 10.666666666666659 1.3635449687256023 0.9644484372949224 3.4864782878754865 0.0 25.66021543419812 186.0 5.505376344086026 1.5835938973901298 1.2312258052230238 4.805157531375327 0.0 26.640540295257974 174.0 5.885057471264373 4.137508398590409 4.585953549543084 15.166946884958433 0.0 18.997132167669797 56.0 18.285714285714292 1.3168459283798901 0.9446374423808325 3.355582661291501 0.0 26.093577607394135 203.0 5.0443349753694635 1.7078382527709848 1.3649038033965741 5.869339320126588 0.0 27.22208257128901 159.0 6.440251572327046 5.82131842372629 8.295085484597031 28.568402560419546 0.0 22.53133489196895 50.0 20.479999999999997 1.434260905140365 1.0126959097452775 3.9592310638267834 0.0 25.667889432078372 182.0 5.626373626373632 1.4821718997126845 3.7743625924153417 41.78745222094094 0.0 29.348448643212514 638.0 1.6050156739811945 22.056060036698963 11.97221430902539 36.9901087825193 0.0 16.477861945447717 47.0 21.787234042553198 0.67316311656262 1.058939836325291 4.365364986724842 0.0 29.23826360004977 667.0 1.535232383808098 1.4169618569110516 3.4117222292526472 32.874741622928155 0.0 29.45164062088824 644.0 1.5900621118012397 26.413959054522664 9.991545507772553 41.631810312897706 0.0 9.48347659176922 38.0 26.947368421052634 0.6580914509313256 1.0264785295261905 3.5217069291965686 0.0 29.384316693613304 680.0 1.505882352941178 1.3946511866458113 3.502690858301952 45.01462284090048 0.0 29.345482224521774 641.0 1.5975039001560107 28.13662262744742 5.58675950686399 35.76295777937128 0.0 7.64368178375316 36.0 28.44444444444444 0.6977944404766012 1.0905571814145025 4.365364986724842 0.0 29.32950224089589 666.0 1.5375375375375404 0.0 0.0 0.0 0.0 0.0 1.0 1024.0 0.0 0.0 0.0 0.0 0.0 38.0 26.947368421052634 0.0 0.0 0.0 0.0 0.0 1.0 1024.0 0.0 0.0 0.0 0.0 0.0 1.0 1024.0 0.0 0.0 0.0 0.0 0.0 38.0 26.947368421052634 0.0 0.0 0.0 0.0 0.0 1.0 1024.0 0.0 0.0 0.0 0.0 0.0 1.0 1024.0 0.0 0.0 0.0 0.0 0.0 38.0 26.947368421052634 0.0 0.0 0.0 0.0 0.0 1.0 1024.0 
29.000515032786886 1.6200110404600339 1.2435001865780078 4.6261065484396156 0.0 25.70052775644791 110.0 9.309090909090905 1.5976860124193049 3.2212778219747644 13.834661177334347 0.0 12.24889517305886 105.0 9.752380952380946 1.2745925377975176 0.9372332877067763 3.4836138576524758 0.0 26.222438548206412 136.0 7.529411764705892 1.611366849874449 1.2640789522297526 4.6261065484396156 0.0 26.686627256306284 118.0 8.677966101694926 2.5721284365996695 3.89527395296315 13.241912419968985 0.0 15.01101232653131 61.0 16.786885245901644 1.2550242201547017 0.9211128114889074 3.332808309342373 0.0 26.725989191972868 148.0 6.91891891891893 1.6975838477578657 1.31761383947919 5.6352774948562505 0.0 27.55360476689278 113.0 9.061946902654856 3.3589781041985014 6.154183803260912 24.628416408678792 0.0 20.088610060217835 53.0 19.320754716981135 1.3631798761807943 1.0150527762312267 3.6016230121356916 0.0 26.25608622427019 129.0 7.937984496124019 0.0 0.0 0.0 0.0 0.0 1.0 1024.0 0.0 0.0 0.0 0.0 0.0 38.0 26.947368421052634 0.0 0.0 0.0 0.0 0.0 1.0 1024.0 0.0 0.0 0.0 0.0 0.0 1.0 1024.0 0.0 0.0 0.0 0.0 0.0 38.0 26.947368421052634 0.0 0.0 0.0 0.0 0.0 1.0 1024.0 0.0 0.0 0.0 0.0 0.0 1.0 1024.0 0.0 0.0 0.0 0.0 0.0 38.0 26.947368421052634 0.0 0.0 0.0 0.0 0.0 1.0 1024.0 1.653519912165342 1.2667301613670892 4.805157531375327 0.0 25.92944462001401 161.0 6.3602484472049605 2.9204202080093817 4.305337482236641 15.074033345448699 0.0 16.642705767736444 83.0 12.337349397590366 1.3602862974099117 0.9710687266687933 3.4864782878754865 0.0 25.64716444615965 186.0 5.505376344086026 1.5926426923890256 1.2251217644942265 4.805157531375327 0.0 26.65677604480577 174.0 5.885057471264374 4.450673627588831 4.613430828295394 15.166946884958433 0.0 19.41078259923278 52.0 19.692307692307697 1.3234045792036415 0.9423488762595712 3.355582661291501 0.0 26.032137073151574 202.0 5.069306930693066 1.7203974019395665 1.362159788567824 5.869339320126588 0.0 27.157915830443578 158.0 6.481012658227855 6.1931593400890526 8.422772096382824 28.568402560419546 0.0 23.11491410530405 47.0 21.78723404255319 1.4097354283320673 1.0220222920036683 3.9592310638267834 0.0 25.636327670018385 182.0 5.626373626373633 1.4821718997126845 3.7743625924153417 41.78745222094094 0.0 29.348448643212514 638.0 1.6050156739811945 21.672585242036742 12.341824424222297 36.9901087825193 0.0 16.782001851466894 47.0 21.787234042553198 0.67316311656262 1.058939836325291 4.365364986724842 0.0 29.23826360004977 667.0 1.535232383808098 1.4169618569110516 3.4117222292526472 32.874741622928155 0.0 29.45164062088824 644.0 1.5900621118012397 26.413959054522664 9.991545507772553 41.631810312897706 0.0 9.48347659176922 38.0 26.947368421052634 0.6580914509313256 1.0264785295261905 3.5217069291965686 0.0 29.384316693613304 680.0 1.505882352941178 1.3946511866458113 3.502690858301952 45.01462284090048 0.0 29.345482224521774 641.0 1.5975039001560107 27.49473340411852 7.208417403106102 35.76295777937128 0.0 7.902639428101937 37.0 27.675675675675677 0.6977944404766012 1.0905571814145025 4.365364986724842 0.0 29.32950224089589 666.0 1.5375375375375404 0.0 0.0 0.0 0.0 0.0 1.0 1024.0 0.0 0.0 0.0 0.0 0.0 38.0 26.947368421052634 0.0 0.0 0.0 0.0 0.0 1.0 1024.0 0.0 0.0 0.0 0.0 0.0 1.0 1024.0 0.0 0.0 0.0 0.0 0.0 38.0 26.947368421052634 0.0 0.0 0.0 0.0 0.0 1.0 1024.0 0.0 0.0 0.0 0.0 0.0 1.0 1024.0 0.0 0.0 0.0 0.0 0.0 38.0 26.947368421052634 0.0 0.0 0.0 0.0 0.0 1.0 1024.0 
30.000515032786886 1.6538521018507428 1.2261358192997849 4.6261065484396156 0.0 25.676098024834626 108.0 9.481481481481492 1.6989818548028468 3.3159968762860283 13.834661177334347 0.0 12.73300031233676 99.0 10.343434343434339 1.2817808624931875 0.9373501578963622 3.4836138576524758 0.0 26.209837127115243 135.0 7.585185185185178 1.5798469279700647 1.2729926641114149 4.6261065484396156 0.0 26.708038853252926 120.0 8.533333333333319 2.7508453101920236 3.96842664797519 13.241912419968985 0.0 15.384080011888841 57.0 17.964912280701753 1.227205902147454 0.9286170988573897 3.332808309342373 0.0 26.723560468054053 151.0 6.781456953642391 1.7087586325813033 1.3176079284406548 5.6352774948562505 0.0 27.492936594941185 112.0 9.142857142857132 3.5513072797688174 6.287106718505763 24.628416408678792 0.0 20.552293014203094 50.0 20.480000000000004 1.3660205485704988 1.0113726906699751 3.6016230121356916 0.0 26.25677694631122 129.0 7.937984496124019 0.0 0.0 0.0 0.0 0.0 1.0 1024.0 0.0 0.0 0.0 0.0 0.0 38.0 26.947368421052634 0.0 0.0 0.0 0.0 0.0 1.0 1024.0 0.0 0.0 0.0 0.0 0.0 1.0 1024.0 0.0 0.0 0.0 0.0 0.0 38.0 26.947368421052634 0.0 0.0 0.0 0.0 0.0 1.0 1024.0 0.0 0.0 0.0 0.0 0.0 1.0 1024.0 0.0 0.0 0.0 0.0 0.0 38.0 26.947368421052634 0.0 0.0 0.0 0.0 0.0 1.0 1024.0 1.6050208923416376 1.2817961968100788 4.805157531375327 0.0 26.099598732349975 165.0 6.20606060606061 3.2722967244348986 4.434226637699768 15.074033345448699 0.0 17.459267191686013 74.0 13.837837837837844 1.3543174884018565 0.972180520937894 3.4864782878754865 0.0 25.581618628857893 185.0 5.535135135135135 1.5768240632620307 1.2340233167168737 4.805157531375327 0.0 26.702214894618105 175.0 5.8514285714285625 4.447217426134562 4.619045014145213 15.166946884958433 0.0 19.40767170851839 52.0 19.692307692307693 1.3160149495343896 0.9445367615414659 3.355582661291501 0.0 26.089132591922784 203.0 5.0443349753694635 1.7203974019395665 1.362159788567824 5.869339320126588 0.0 27.157915830443578 158.0 6.481012658227855 6.468605666837923 8.505545029235027 28.568402560419546 0.0 23.340593467045245 45.0 22.755555555555553 1.4261399817793399 1.0158082783933269 3.9592310638267834 0.0 25.55033627052699 180.0 5.688888888888895 1.4821718997126845 3.7743625924153417 41.78745222094094 0.0 29.348448643212514 638.0 1.6050156739811945 23.721059823487916 10.873144048945424 36.9901087825193 0.0 14.892323688290887 43.0 23.8139534883721 0.67316311656262 1.058939836325291 4.365364986724842 0.0 29.23826360004977 667.0 1.535232383808098 1.4169618569110516 3.4117222292526472 32.874741622928155 0.0 29.45164062088824 644.0 1.5900621118012397 26.413959054522664 9.991545507772553 41.631810312897706 0.0 9.48347659176922 38.0 26.947368421052634 0.6580914509313256 1.0264785295261905 3.5217069291965686 0.0 29.384316693613304 680.0 1.505882352941178 1.3946511866458113 3.502690858301952 45.01462284090048 0.0 29.345482224521774 641.0 1.5975039001560107 25.301895268786133 10.184784767943388 35.76295777937128 0.0 10.40830303873901 39.0 26.25641025641026 0.6977944404766012 1.0905571814145025 4.365364986724842 0.0 29.32950224089589 666.0 1.5375375375375404 0.0 0.0 0.0 0.0 0.0 1.0 1024.0 0.0 0.0 0.0 0.0 0.0 38.0 26.947368421052634 0.0 0.0 0.0 0.0 0.0 1.0 1024.0 0.0 0.0 0.0 0.0 0.0 1.0 1024.0 0.0 0.0 0.0 0.0 0.0 38.0 26.947368421052634 0.0 0.0 0.0 0.0 0.0 1.0 1024.0 0.0 0.0 0.0 0.0 0.0 1.0 1024.0 0.0 0.0 0.0 0.0 0.0 38.0 26.947368421052634 0.0 0.0 0.0 0.0 0.0 1.0 1024.0 
31.000515032786886 1.597956980129711 1.2426845900113186 4.6261065484396156 0.0 25.743935237250763 111.0 9.225225225225214 1.4656988219882845 3.2042219585364093 13.834661177334347 0.0 11.63070263876996 111.0 9.225225225225218 1.2769872156814495 0.9410736863558442 3.4836138576524758 0.0 26.227183283910183 135.0 7.5851851851851775 1.5982493119793442 1.2645698770868148 4.6261065484396156 0.0 26.701057567491365 120.0 8.533333333333319 3.0178651779297687 4.057810081020572 13.241912419968985 0.0 15.94766561768283 52.0 19.692307692307693 1.1757728168860764 0.9464819931348023 3.332808309342373 0.0 26.779075053007972 157.0 6.522292993630575 1.6942358933719908 1.3215601832634631 5.6352774948562505 0.0 27.544747538866243 113.0 9.061946902654856 3.6233199591051415 6.331387022987286 24.628416408678792 0.0 20.714066650132754 49.0 20.89795918367347 1.3660432930185447 1.0113552630561187 3.6016230121356916 0.0 26.25692875765588 129.0 7.937984496124019 0.0 0.0 0.0 0.0 0.0 1.0 1024.0 0.0 0.0 0.0 0.0 0.0 38.0 26.947368421052634 0.0 0.0 0.0 0.0 0.0 1.0 1024.0 0.0 0.0 0.0 0.0 0.0 1.0 1024.0 0.0 0.0 0.0 0.0 0.0 38.0 26.947368421052634 0.0 0.0 0.0 0.0 0.0 1.0 1024.0 0.0 0.0 0.0 0.0 0.0 1.0 1024.0 0.0 0.0 0.0 0.0 0.0 38.0 26.947368421052634 0.0 0.0 0.0 0.0 0.0 1.0 1024.0 1.6005402125248716 1.279267114147912 4.805157531375327 0.0 26.146210627390182 166.0 6.168674698795176 2.7029548901186202 4.198415918297055 15.074033345448699 0.0 16.31751394819864 90.0 11.377777777777773 1.337793617580536 0.9783274152407416 3.4864782878754865 0.0 25.713379254191064 187.0 5.475935828877007 1.5788812368931138 1.2322899966261829 4.805157531375327 0.0 26.70685327511068 175.0 5.8514285714285625 4.357800947188459 4.62231328086843 15.166946884958433 0.0 19.31412630614346 53.0 19.320754716981135 1.3159700967403416 0.9445890137695715 3.355582661291501 0.0 26.089410200161304 203.0 5.0443349753694635 1.701455993048826 1.3653650970385436 5.869339320126588 0.0 27.26391593581547 160.0 6.4000000000000075 6.468605666837923 8.505545029235027 28.568402560419546 0.0 23.340593467045245 45.0 22.755555555555553 1.4261399817793399 1.0158082783933269 3.9592310638267834 0.0 25.55033627052699 180.0 5.688888888888895 1.4821718997126845 3.7743625924153417 41.78745222094094 0.0 29.348448643212514 638.0 1.6050156739811945 23.721059823487916 10.873144048945424 36.9901087825193 0.0 14.892323688290887 43.0 23.8139534883721 0.67316311656262 1.058939836325291 4.365364986724842 0.0 29.23826360004977 667.0 1.535232383808098 1.4169618569110516 3.4117222292526472 32.874741622928155 0.0 29.45164062088824 644.0 1.5900621118012397 26.413959054522664 9.991545507772553 41.631810312897706 0.0 9.48347659176922 38.0 26.947368421052634 0.6580914509313256 1.0264785295261905 3.5217069291965686 0.0 29.384316693613304 680.0 1.505882352941178 1.3946511866458113 3.502690858301952 45.01462284090048 0.0 29.345482224521774 641.0 1.5975039001560107 27.508974834667356 7.215100554769095 35.76295777937128 0.0 7.793497796954727 37.0 27.675675675675677 0.6977944404766012 1.0905571814145025 4.365364986724842 0.0 29.32950224089589 666.0 1.5375375375375404 0.0 0.0 0.0 0.0 0.0 1.0 1024.0 0.0 0.0 0.0 0.0 0.0 38.0 26.947368421052634 0.0 0.0 0.0 0.0 0.0 1.0 1024.0 0.0 0.0 0.0 0.0 0.0 1.0 1024.0 0.0 0.0 0.0 0.0 0.0 38.0 26.947368421052634 0.0 0.0 0.0 0.0 0.0 1.0 1024.0 0.0 0.0 0.0 0.0 0.0 1.0 1024.0 0.0 0.0 0.0 0.0 0.0 38.0 26.947368421052634 0.0 0.0 0.0 0.0 0.0 1.0 1024.0 
32.000515032786886 1.5919233932274521 1.251842610460591 4.6261065484396156 0.0 25.798523394737767 111.0 9.225225225225214 1.8540105220985095 3.440766285871645 13.834661177334347 0.0 12.777495979983758 88.0 11.636363636363642 1.2596011663467779 0.9502620132134509 3.4836138576524758 0.0 26.285204580495087 136.0 7.529411764705891 1.5868016096863637 1.2683006847509786 4.6261065484396156 0.0 26.67674644450503 120.0 8.533333333333317 3.016448957212263 4.058958125312458 13.241912419968985 0.0 15.950890870562416 52.0 19.692307692307693 1.2242668686226768 0.9249090004543989 3.332808309342373 0.0 26.691682064859055 151.0 6.781456953642391 1.6945767783691188 1.3217204642294664 5.6352774948562505 0.0 27.543502765973674 113.0 9.061946902654856 3.479635062113793 6.244846046424839 24.628416408678792 0.0 20.391437412286695 51.0 20.07843137254903 1.3660432930185447 1.0113552630561187 3.6016230121356916 0.0 26.25692875765588 129.0 7.937984496124019 0.0 0.0 0.0 0.0 0.0 1.0 1024.0 0.0 0.0 0.0 0.0 0.0 38.0 26.947368421052634 0.0 0.0 0.0 0.0 0.0 1.0 1024.0 0.0 0.0 0.0 0.0 0.0 1.0 1024.0 0.0 0.0 0.0 0.0 0.0 38.0 26.947368421052634 0.0 0.0 0.0 0.0 0.0 1.0 1024.0 0.0 0.0 0.0 0.0 0.0 1.0 1024.0 0.0 0.0 0.0 0.0 0.0 38.0 26.947368421052634 0.0 0.0 0.0 0.0 0.0 1.0 1024.0 1.6113580625399384 1.2763711419289436 4.805157531375327 0.0 26.137667341957748 165.0 6.20606060606061 2.949293665972426 4.325505147449065 15.074033345448699 0.0 16.724651242596522 81.0 12.641975308641975 1.3293876471156616 0.9814386923687144 3.4864782878754865 0.0 25.764113839317123 188.0 5.446808510638297 1.6082898717315568 1.2225267652575913 4.805157531375327 0.0 26.551957528116326 172.0 5.953488372093017 4.446297978790579 4.622102581736491 15.166946884958433 0.0 19.413441430842187 52.0 19.692307692307697 1.3152051893382852 0.9452366696184485 3.355582661291501 0.0 26.089238567689456 203.0 5.0443349753694635 1.70914763014434 1.36052277404902 5.869339320126588 0.0 27.30232042766122 160.0 6.400000000000008 6.468605666837923 8.505545029235027 28.568402560419546 0.0 23.340593467045245 45.0 22.755555555555553 1.4261399817793399 1.0158082783933269 3.9592310638267834 0.0 25.55033627052699 180.0 5.688888888888895 1.4821718997126845 3.7743625924153417 41.78745222094094 0.0 29.348448643212514 638.0 1.6050156739811945 23.721059823487916 10.873144048945424 36.9901087825193 0.0 14.892323688290887 43.0 23.8139534883721 0.67316311656262 1.058939836325291 4.365364986724842 0.0 29.23826360004977 667.0 1.535232383808098 1.4169618569110516 3.4117222292526472 32.874741622928155 0.0 29.45164062088824 644.0 1.5900621118012397 26.413959054522664 9.991545507772553 41.631810312897706 0.0 9.48347659176922 38.0 26.947368421052634 0.6580914509313256 1.0264785295261905 3.5217069291965686 0.0 29.384316693613304 680.0 1.505882352941178 1.3946511866458113 3.502690858301952 45.01462284090048 0.0 29.345482224521774 641.0 1.5975039001560107 28.13662262744742 5.58675950686399 35.76295777937128 0.0 7.64368178375316 36.0 28.44444444444444 0.6977944404766012 1.0905571814145025 4.365364986724842 0.0 29.32950224089589 666.0 1.5375375375375404 0.0 0.0 0.0 0.0 0.0 1.0 1024.0 0.0 0.0 0.0 0.0 0.0 38.0 26.947368421052634 0.0 0.0 0.0 0.0 0.0 1.0 1024.0 0.0 0.0 0.0 0.0 0.0 1.0 1024.0 0.0 0.0 0.0 0.0 0.0 38.0 26.947368421052634 0.0 0.0 0.0 0.0 0.0 1.0 1024.0 0.0 0.0 0.0 0.0 0.0 1.0 1024.0 0.0 0.0 0.0 0.0 0.0 38.0 26.947368421052634 0.0 0.0 0.0 0.0 0.0 1.0 1024.0 
33.000515032786886 1.6551670787483512 1.2265369983641905 4.6261065484396156 0.0 25.763666303555453 108.0 9.481481481481492 1.5711544870703145 3.258113379804141 13.834661177334347 0.0 12.036838866322116 102.0 10.039215686274503 1.2559994018280993 0.953054656439279 3.4836138576524758 0.0 26.28258495175939 136.0 7.529411764705892 1.615978025816851 1.2636246882250168 4.6261065484396156 0.0 26.615226494506096 117.0 8.752136752136737 3.0158169007795195 4.059445618498522 13.241912419968985 0.0 15.949347818736433 52.0 19.692307692307693 1.2588165385692784 0.9166964901441143 3.332808309342373 0.0 26.637768079048126 148.0 6.91891891891893 1.6874099838157037 1.3211673066493466 5.6352774948562505 0.0 27.61599980103221 114.0 8.982456140350862 3.347091377205124 6.160543310539529 24.628416408678792 0.0 20.053120377612565 53.0 19.320754716981135 1.371992934057874 1.0055806498424584 3.6016230121356916 0.0 26.264372776783382 129.0 7.937984496124019 0.0 0.0 0.0 0.0 0.0 1.0 1024.0 0.0 0.0 0.0 0.0 0.0 38.0 26.947368421052634 0.0 0.0 0.0 0.0 0.0 1.0 1024.0 0.0 0.0 0.0 0.0 0.0 1.0 1024.0 0.0 0.0 0.0 0.0 0.0 38.0 26.947368421052634 0.0 0.0 0.0 0.0 0.0 1.0 1024.0 0.0 0.0 0.0 0.0 0.0 1.0 1024.0 0.0 0.0 0.0 0.0 0.0 38.0 26.947368421052634 0.0 0.0 0.0 0.0 0.0 1.0 1024.0 1.6406120374281732 1.2674216374601002 4.805157531375327 0.0 26.06934681075063 163.0 6.282208588957049 2.915817678205194 4.306849664856467 15.074033345448699 0.0 16.497034791905687 82.0 12.487804878048774 1.3442069644612373 0.9759523657234609 3.4864782878754865 0.0 25.513263078878257 186.0 5.5053763440860255 1.6119137233596033 1.2182351992740945 4.805157531375327 0.0 26.55991004749333 172.0 5.953488372093017 4.623389552209654 4.626418050729 15.166946884958433 0.0 19.60975946760939 50.0 20.48 1.3283401771316619 0.9406535340685691 3.355582661291501 0.0 25.970122829879912 201.0 5.094527363184075 1.6967411128376326 1.3658951961088288 5.869339320126588 0.0 27.12643210103518 160.0 6.4000000000000075 6.468605666837923 8.505545029235027 28.568402560419546 0.0 23.340593467045245 45.0 22.755555555555553 1.4162022622469563 1.0200588961660715 3.9592310638267834 0.0 25.56888496962955 181.0 5.657458563535922 1.4821718997126845 3.7743625924153417 41.78745222094094 0.0 29.348448643212514 638.0 1.6050156739811945 24.07319097332853 10.878977035411614 36.9901087825193 0.0 13.537096399266316 42.0 24.380952380952376 0.67316311656262 1.058939836325291 4.365364986724842 0.0 29.23826360004977 667.0 1.535232383808098 1.4169618569110516 3.4117222292526472 32.874741622928155 0.0 29.45164062088824 644.0 1.5900621118012397 26.413959054522664 9.991545507772553 41.631810312897706 0.0 9.48347659176922 38.0 26.947368421052634 0.6580914509313256 1.0264785295261905 3.5217069291965686 0.0 29.384316693613304 680.0 1.505882352941178 1.3946511866458113 3.502690858301952 45.01462284090048 0.0 29.345482224521774 641.0 1.5975039001560107 28.13662262744742 5.58675950686399 35.76295777937128 0.0 7.64368178375316 36.0 28.44444444444444 0.6977944404766012 1.0905571814145025 4.365364986724842 0.0 29.32950224089589 666.0 1.5375375375375404 0.0 0.0 0.0 0.0 0.0 1.0 1024.0 0.0 0.0 0.0 0.0 0.0 38.0 26.947368421052634 0.0 0.0 0.0 0.0 0.0 1.0 1024.0 0.0 0.0 0.0 0.0 0.0 1.0 1024.0 0.0 0.0 0.0 0.0 0.0 38.0 26.947368421052634 0.0 0.0 0.0 0.0 0.0 1.0 1024.0 0.0 0.0 0.0 0.0 0.0 1.0 1024.0 0.0 0.0 0.0 0.0 0.0 38.0 26.947368421052634 0.0 0.0 0.0 0.0 0.0 1.0 1024.0 
34.000515032786886 1.6481917237355244 1.233069496055754 4.6261065484396156 0.0 25.77131290108732 108.0 9.481481481481493 1.6091604574112612 3.27488737456527 13.834661177334347 0.0 12.312654643853332 99.0 10.343434343434337 1.2551106609580789 0.953794227209268 3.4836138576524758 0.0 26.30155294850266 136.0 7.529411764705891 1.616318294201678 1.2651307255058297 4.6261065484396156 0.0 26.6154830620553 117.0 8.752136752136737 2.8522572960219073 4.004491773565309 13.241912419968985 0.0 15.633762446509827 55.0 18.618181818181814 1.2820148083329315 0.916836391077739 3.332808309342373 0.0 26.582925678803058 144.0 7.11111111111112 1.6999866999962754 1.3289054278616583 5.6352774948562505 0.0 27.590319838528924 113.0 9.061946902654856 3.303873910895896 6.111938200398093 24.628416408678792 0.0 19.877206977546948 54.0 18.962962962962965 1.372021491275894 1.0055603831545648 3.6016230121356916 0.0 26.26451867305987 129.0 7.937984496124019 0.0 0.0 0.0 0.0 0.0 1.0 1024.0 0.0 0.0 0.0 0.0 0.0 38.0 26.947368421052634 0.0 0.0 0.0 0.0 0.0 1.0 1024.0 0.0 0.0 0.0 0.0 0.0 1.0 1024.0 0.0 0.0 0.0 0.0 0.0 38.0 26.947368421052634 0.0 0.0 0.0 0.0 0.0 1.0 1024.0 0.0 0.0 0.0 0.0 0.0 1.0 1024.0 0.0 0.0 0.0 0.0 0.0 38.0 26.947368421052634 0.0 0.0 0.0 0.0 0.0 1.0 1024.0 1.6385081051551265 1.2672865726020137 4.805157531375327 0.0 26.07102295606272 163.0 6.282208588957049 2.9644878445407445 4.31033220163782 15.074033345448699 0.0 16.52059426514677 81.0 12.641975308641975 1.329872145406304 0.9800969056294951 3.4864782878754865 0.0 25.62424451542156 188.0 5.446808510638296 1.6116747807546261 1.2182589286227201 4.805157531375327 0.0 26.563018288997966 172.0 5.953488372093017 4.623389552209654 4.626418050729 15.166946884958433 0.0 19.60975946760939 50.0 20.48 1.3305961282725294 0.9372131337755031 3.355582661291501 0.0 25.971352447395503 201.0 5.094527363184075 1.716794054821041 1.3574366194811363 5.869339320126588 0.0 27.083767549151215 159.0 6.440251572327046 6.468605666837923 8.505545029235027 28.568402560419546 0.0 23.340593467045245 45.0 22.755555555555553 1.4310506729073826 1.0175922094432321 3.9592310638267834 0.0 25.53407268035033 180.0 5.688888888888895 1.4821718997126845 3.7743625924153417 41.78745222094094 0.0 29.348448643212514 638.0 1.6050156739811945 24.07319097332853 10.878977035411614 36.9901087825193 0.0 13.537096399266316 42.0 24.380952380952376 0.67316311656262 1.058939836325291 4.365364986724842 0.0 29.23826360004977 667.0 1.535232383808098 1.4169618569110516 3.4117222292526472 32.874741622928155 0.0 29.45164062088824 644.0 1.5900621118012397 26.413959054522664 9.991545507772553 41.631810312897706 0.0 9.48347659176922 38.0 26.947368421052634 0.6580914509313256 1.0264785295261905 3.5217069291965686 0.0 29.384316693613304 680.0 1.505882352941178 1.3946511866458113 3.502690858301952 45.01462284090048 0.0 29.345482224521774 641.0 1.5975039001560107 28.13662262744742 5.58675950686399 35.76295777937128 0.0 7.64368178375316 36.0 28.44444444444444 0.6977944404766012 1.0905571814145025 4.365364986724842 0.0 29.32950224089589 666.0 1.5375375375375404 0.0 0.0 0.0 0.0 0.0 1.0 1024.0 0.0 0.0 0.0 0.0 0.0 38.0 26.947368421052634 0.0 0.0 0.0 0.0 0.0 1.0 1024.0 0.0 0.0 0.0 0.0 0.0 1.0 1024.0 0.0 0.0 0.0 0.0 0.0 38.0 26.947368421052634 0.0 0.0 0.0 0.0 0.0 1.0 1024.0 0.0 0.0 0.0 0.0 0.0 1.0 1024.0 0.0 0.0 0.0 0.0 0.0 38.0 26.947368421052634 0.0 0.0 0.0 0.0 0.0 1.0 1024.0 
35.000515032786886 1.6470937891229223 1.233210935545696 4.6261065484396156 0.0 25.780869940286603 108.0 9.481481481481492 1.6548016875814016 3.286118781343307 13.834661177334347 0.0 12.319444707297809 98.0 10.448979591836727 1.2596079877442312 0.9493978390661016 3.4836138576524758 0.0 26.304330718080408 136.0 7.529411764705891 1.6085299019432073 1.2681468909474407 4.6261065484396156 0.0 26.633821391972983 117.0 8.752136752136737 3.010027109197294 4.061479675114282 13.241912419968985 0.0 15.980774943925933 52.0 19.692307692307697 1.2972659039206829 0.9140964623977189 3.332808309342373 0.0 26.63998283648252 144.0 7.11111111111112 1.7318494187304316 1.3220190971376002 5.6352774948562505 0.0 27.468800014127183 111.0 9.225225225225216 3.2933397258273014 6.115935814961138 24.628416408678792 0.0 19.906889757739478 54.0 18.962962962962962 1.3707343437113515 1.006403072212032 3.6016230121356916 0.0 26.264219392444122 129.0 7.937984496124019 0.0 0.0 0.0 0.0 0.0 1.0 1024.0 0.0 0.0 0.0 0.0 0.0 38.0 26.947368421052634 0.0 0.0 0.0 0.0 0.0 1.0 1024.0 0.0 0.0 0.0 0.0 0.0 1.0 1024.0 0.0 0.0 0.0 0.0 0.0 38.0 26.947368421052634 0.0 0.0 0.0 0.0 0.0 1.0 1024.0 0.0 0.0 0.0 0.0 0.0 1.0 1024.0 0.0 0.0 0.0 0.0 0.0 38.0 26.947368421052634 0.0 0.0 0.0 0.0 0.0 1.0 1024.0 1.6454355044796904 1.2646663830211664 4.805157531375327 0.0 26.06552842346787 162.0 6.320987654320978 3.0783931646628546 4.392722347950079 15.074033345448699 0.0 16.506239393334084 77.0 13.298701298701296 1.3356118632628529 0.984933546626124 3.4864782878754865 0.0 25.55883601845998 189.0 5.417989417989418 1.6223213097901092 1.2147466740992543 4.805157531375327 0.0 26.59166826061538 171.0 5.988304093567251 4.623389552209654 4.626418050729 15.166946884958433 0.0 19.60975946760939 50.0 20.48 1.3244041792797312 0.9399771052458641 3.355582661291501 0.0 26.03418750637225 202.0 5.069306930693066 1.7081539423903016 1.3664770740437475 5.869339320126588 0.0 27.194467505240446 159.0 6.440251572327046 6.468605666837923 8.505545029235027 28.568402560419546 0.0 23.340593467045245 45.0 22.755555555555553 1.4310142512381714 1.017616401435135 3.9592310638267834 0.0 25.534065263129484 180.0 5.688888888888895 1.4821718997126845 3.7743625924153417 41.78745222094094 0.0 29.348448643212514 638.0 1.6050156739811945 24.07319097332853 10.878977035411614 36.9901087825193 0.0 13.537096399266316 42.0 24.380952380952376 0.67316311656262 1.058939836325291 4.365364986724842 0.0 29.23826360004977 667.0 1.535232383808098 1.4169618569110516 3.4117222292526472 32.874741622928155 0.0 29.45164062088824 644.0 1.5900621118012397 26.413959054522664 9.991545507772553 41.631810312897706 0.0 9.48347659176922 38.0 26.947368421052634 0.6580914509313256 1.0264785295261905 3.5217069291965686 0.0 29.384316693613304 680.0 1.505882352941178 1.3946511866458113 3.502690858301952 45.01462284090048 0.0 29.345482224521774 641.0 1.5975039001560107 28.13662262744742 5.58675950686399 35.76295777937128 0.0 7.64368178375316 36.0 28.44444444444444 0.6977944404766012 1.0905571814145025 4.365364986724842 0.0 29.32950224089589 666.0 1.5375375375375404 0.0 0.0 0.0 0.0 0.0 1.0 1024.0 0.0 0.0 0.0 0.0 0.0 38.0 26.947368421052634 0.0 0.0 0.0 0.0 0.0 1.0 1024.0 0.0 0.0 0.0 0.0 0.0 1.0 1024.0 0.0 0.0 0.0 0.0 0.0 38.0 26.947368421052634 0.0 0.0 0.0 0.0 0.0 1.0 1024.0 0.0 0.0 0.0 0.0 0.0 1.0 1024.0 0.0 0.0 0.0 0.0 0.0 38.0 26.947368421052634 0.0 0.0 0.0 0.0 0.0 1.0 1024.0 
36.000515032786886 1.6613567103846465 1.2281140721401103 4.6261065484396156 0.0 25.7146172365543 107.0 9.570093457943923 1.764081665465699 3.3556343671674145 13.834661177334347 0.0 12.42258408650384 95.0 10.778947368421061 1.2698598780740145 0.946199931495685 3.4836138576524758 0.0 26.27416357788833 135.0 7.5851851851851775 1.6082848569509136 1.2692530241568316 4.6261065484396156 0.0 26.629606933309297 117.0 8.752136752136737 3.13073595670928 4.09663500031134 13.241912419968985 0.0 16.195327296552765 50.0 20.48 1.3023984547690164 0.9115117987346718 3.332808309342373 0.0 26.603519895187596 143.0 7.160839160839163 1.7238973404050348 1.3280884384631089 5.6352774948562505 0.0 27.445999554812786 111.0 9.225225225225216 3.014061358235625 5.9192269116360245 24.628416408678792 0.0 19.207191179613222 59.0 17.355932203389823 1.3693975894390338 1.003053989594746 3.6016230121356916 0.0 26.370288596930727 130.0 7.876923076923094 0.0 0.0 0.0 0.0 0.0 1.0 1024.0 0.0 0.0 0.0 0.0 0.0 38.0 26.947368421052634 0.0 0.0 0.0 0.0 0.0 1.0 1024.0 0.0 0.0 0.0 0.0 0.0 1.0 1024.0 0.0 0.0 0.0 0.0 0.0 38.0 26.947368421052634 0.0 0.0 0.0 0.0 0.0 1.0 1024.0 0.0 0.0 0.0 0.0 0.0 1.0 1024.0 0.0 0.0 0.0 0.0 0.0 38.0 26.947368421052634 0.0 0.0 0.0 0.0 0.0 1.0 1024.0 1.5912348855879441 1.2783472093610753 4.805157531375327 0.0 26.23578086645878 167.0 6.1317365269461135 3.377481243420687 4.409363984106602 15.074033345448699 0.0 17.036781931589655 73.0 14.027397260273972 1.2523234900279359 0.997353823585142 3.4864782878754865 0.0 26.10891096455702 200.0 5.1199999999999966 1.6235093779427658 1.2140530465961425 4.805157531375327 0.0 26.59445048588372 171.0 5.988304093567251 4.623389552209654 4.626418050729 15.166946884958433 0.0 19.60975946760939 50.0 20.48 1.3304518828894487 0.9377563981023946 3.355582661291501 0.0 26.056101705907043 201.0 5.094527363184075 1.7080134636701085 1.374197870036548 5.869339320126588 0.0 27.10441421765823 158.0 6.481012658227855 6.468605666837923 8.505545029235027 28.568402560419546 0.0 23.340593467045245 45.0 22.755555555555553 1.4380656990981344 1.012281769321007 3.9592310638267834 0.0 25.559294082223875 180.0 5.688888888888895 1.4821718997126845 3.7743625924153417 41.78745222094094 0.0 29.348448643212514 638.0 1.6050156739811945 24.07319097332853 10.878977035411614 36.9901087825193 0.0 13.537096399266316 42.0 24.380952380952376 0.67316311656262 1.058939836325291 4.365364986724842 0.0 29.23826360004977 667.0 1.535232383808098 1.4169618569110516 3.4117222292526472 32.874741622928155 0.0 29.45164062088824 644.0 1.5900621118012397 26.413959054522664 9.991545507772553 41.631810312897706 0.0 9.48347659176922 38.0 26.947368421052634 0.6580914509313256 1.0264785295261905 3.5217069291965686 0.0 29.384316693613304 680.0 1.505882352941178 1.3946511866458113 3.502690858301952 45.01462284090048 0.0 29.345482224521774 641.0 1.5975039001560107 28.13662262744742 5.58675950686399 35.76295777937128 0.0 7.64368178375316 36.0 28.44444444444444 0.6977944404766012 1.0905571814145025 4.365364986724842 0.0 29.32950224089589 666.0 1.5375375375375404 0.0 0.0 0.0 0.0 0.0 1.0 1024.0 0.0 0.0 0.0 0.0 0.0 38.0 26.947368421052634 0.0 0.0 0.0 0.0 0.0 1.0 1024.0 0.0 0.0 0.0 0.0 0.0 1.0 1024.0 0.0 0.0 0.0 0.0 0.0 38.0 26.947368421052634 0.0 0.0 0.0 0.0 0.0 1.0 1024.0 0.0 0.0 0.0 0.0 0.0 1.0 1024.0 0.0 0.0 0.0 0.0 0.0 38.0 26.947368421052634 0.0 0.0 0.0 0.0 0.0 1.0 1024.0 
37.000515032786886 1.6434668873470006 1.2348609251478708 4.6261065484396156 0.0 25.63808703264746 108.0 9.481481481481493 1.6815208260628316 3.369614091899429 13.834661177334347 0.0 12.47150425454771 94.0 10.89361702127659 1.2499862526261938 0.9523602757947512 3.4836138576524758 0.0 26.351146432151697 137.0 7.4744525547445315 1.517610126867189 1.2870125884179278 4.6261065484396156 0.0 26.77895540329472 124.0 8.25806451612904 3.067218170328548 4.0806839367607965 13.241912419968985 0.0 16.07941239997607 51.0 20.078431372549023 1.3050415466974437 0.9090999389972415 3.332808309342373 0.0 26.646132256674797 144.0 7.11111111111112 1.7086942510334342 1.332087243741031 5.6352774948562505 0.0 27.50745068030333 112.0 9.142857142857132 3.0188057243935202 5.916792955582733 24.628416408678792 0.0 19.216614217321993 59.0 17.355932203389823 1.3647646553906931 1.0063993766548665 3.6016230121356916 0.0 26.377175720945807 130.0 7.876923076923094 0.0 0.0 0.0 0.0 0.0 1.0 1024.0 0.0 0.0 0.0 0.0 0.0 38.0 26.947368421052634 0.0 0.0 0.0 0.0 0.0 1.0 1024.0 0.0 0.0 0.0 0.0 0.0 1.0 1024.0 0.0 0.0 0.0 0.0 0.0 38.0 26.947368421052634 0.0 0.0 0.0 0.0 0.0 1.0 1024.0 0.0 0.0 0.0 0.0 0.0 1.0 1024.0 0.0 0.0 0.0 0.0 0.0 38.0 26.947368421052634 0.0 0.0 0.0 0.0 0.0 1.0 1024.0 1.551131055607107 1.2883057302262484 4.805157531375327 0.0 26.312335183314648 171.0 5.988304093567251 3.2251506773001046 4.44086419598474 15.074033345448699 0.0 17.04105419850138 74.0 13.837837837837844 1.294464352613991 0.9877483945798627 3.4864782878754865 0.0 25.967118375874687 195.0 5.2512820512820495 1.6152875522944008 1.2194580312687922 4.805157531375327 0.0 26.64123853724427 172.0 5.953488372093017 4.623389552209654 4.626418050729 15.166946884958433 0.0 19.60975946760939 50.0 20.48 1.3071838827321507 0.9480824288432892 3.355582661291501 0.0 26.203246273299268 204.0 5.0196078431372495 1.7193022936269697 1.371724205605041 5.869339320126588 0.0 27.030743238187902 157.0 6.522292993630575 6.468605666837923 8.505545029235027 28.568402560419546 0.0 23.340593467045245 45.0 22.755555555555553 1.437160938180914 1.01293265072474 3.9592310638267834 0.0 25.563051887721183 180.0 5.688888888888891 1.4821718997126845 3.7743625924153417 41.78745222094094 0.0 29.348448643212514 638.0 1.6050156739811945 24.07319097332853 10.878977035411614 36.9901087825193 0.0 13.537096399266316 42.0 24.380952380952376 0.67316311656262 1.058939836325291 4.365364986724842 0.0 29.23826360004977 667.0 1.535232383808098 1.4169618569110516 3.4117222292526472 32.874741622928155 0.0 29.45164062088824 644.0 1.5900621118012397 26.413959054522664 9.991545507772553 41.631810312897706 0.0 9.48347659176922 38.0 26.947368421052634 0.6580914509313256 1.0264785295261905 3.5217069291965686 0.0 29.384316693613304 680.0 1.505882352941178 1.3946511866458113 3.502690858301952 45.01462284090048 0.0 29.345482224521774 641.0 1.5975039001560107 28.13662262744742 5.58675950686399 35.76295777937128 0.0 7.64368178375316 36.0 28.44444444444444 0.6977944404766012 1.0905571814145025 4.365364986724842 0.0 29.32950224089589 666.0 1.5375375375375404 0.0 0.0 0.0 0.0 0.0 1.0 1024.0 0.0 0.0 0.0 0.0 0.0 38.0 26.947368421052634 0.0 0.0 0.0 0.0 0.0 1.0 1024.0 0.0 0.0 0.0 0.0 0.0 1.0 1024.0 0.0 0.0 0.0 0.0 0.0 38.0 26.947368421052634 0.0 0.0 0.0 0.0 0.0 1.0 1024.0 0.0 0.0 0.0 0.0 0.0 1.0 1024.0 0.0 0.0 0.0 0.0 0.0 38.0 26.947368421052634 0.0 0.0 0.0 0.0 0.0 1.0 1024.0 
38.000515032786886 1.6441660252874732 1.2339598901269275 4.6261065484396156 0.0 25.636819173307675 108.0 9.481481481481492 1.8772404835194105 3.4713769349506585 13.834661177334347 0.0 12.936399838653658 86.0 11.906976744186043 1.2589089579354484 0.9502204261364874 3.4836138576524758 0.0 26.314668014646674 136.0 7.529411764705889 1.5357536234501066 1.2801832282572063 4.6261065484396156 0.0 26.788361527920046 123.0 8.32520325203253 3.1320104427404627 4.095675707280034 13.241912419968985 0.0 16.196076839388855 50.0 20.48 1.2992076267706978 0.9082099780219727 3.332808309342373 0.0 26.697245079220167 145.0 7.062068965517231 1.718673552229508 1.3273120487587768 5.6352774948562505 0.0 27.505414793556767 112.0 9.142857142857132 3.235841463021183 6.074050740622028 24.628416408678792 0.0 19.79393385164844 55.0 18.618181818181814 1.3645708720165806 1.0068271518660479 3.6016230121356916 0.0 26.37716875104501 130.0 7.876923076923093 0.0 0.0 0.0 0.0 0.0 1.0 1024.0 0.0 0.0 0.0 0.0 0.0 38.0 26.947368421052634 0.0 0.0 0.0 0.0 0.0 1.0 1024.0 0.0 0.0 0.0 0.0 0.0 1.0 1024.0 0.0 0.0 0.0 0.0 0.0 38.0 26.947368421052634 0.0 0.0 0.0 0.0 0.0 1.0 1024.0 0.0 0.0 0.0 0.0 0.0 1.0 1024.0 0.0 0.0 0.0 0.0 0.0 38.0 26.947368421052634 0.0 0.0 0.0 0.0 0.0 1.0 1024.0 1.6220719744868801 1.264490561466707 4.805157531375327 0.0 26.190793301287005 166.0 6.1686746987951775 3.374629911576651 4.476888010859669 15.074033345448699 0.0 17.291523446898996 71.0 14.4225352112676 1.3176780763950005 0.9815950280482517 3.4864782878754865 0.0 25.787483666965517 191.0 5.361256544502614 1.570738833309006 1.2334447998846272 4.805157531375327 0.0 26.739561529126057 175.0 5.8514285714285625 4.623389552209654 4.626418050729 15.166946884958433 0.0 19.60975946760939 50.0 20.48 1.309817747693716 0.9450706372754174 3.355582661291501 0.0 26.20709738851523 204.0 5.0196078431372495 1.6995140668724387 1.3806451638135666 5.869339320126588 0.0 27.092571641081186 158.0 6.481012658227857 6.468605666837923 8.505545029235027 28.568402560419546 0.0 23.340593467045245 45.0 22.755555555555553 1.431342682652884 1.0162469710706374 3.9592310638267834 0.0 25.54529206857931 180.0 5.688888888888896 1.4821718997126845 3.7743625924153417 41.78745222094094 0.0 29.348448643212514 638.0 1.6050156739811945 24.07319097332853 10.878977035411614 36.9901087825193 0.0 13.537096399266316 42.0 24.380952380952376 0.67316311656262 1.058939836325291 4.365364986724842 0.0 29.23826360004977 667.0 1.535232383808098 1.4169618569110516 3.4117222292526472 32.874741622928155 0.0 29.45164062088824 644.0 1.5900621118012397 26.413959054522664 9.991545507772553 41.631810312897706 0.0 9.48347659176922 38.0 26.947368421052634 0.6580914509313256 1.0264785295261905 3.5217069291965686 0.0 29.384316693613304 680.0 1.505882352941178 1.3946511866458113 3.502690858301952 45.01462284090048 0.0 29.345482224521774 641.0 1.5975039001560107 28.13662262744742 5.58675950686399 35.76295777937128 0.0 7.64368178375316 36.0 28.44444444444444 0.6977944404766012 1.0905571814145025 4.365364986724842 0.0 29.32950224089589 666.0 1.5375375375375404 0.0 0.0 0.0 0.0 0.0 1.0 1024.0 0.0 0.0 0.0 0.0 0.0 38.0 26.947368421052634 0.0 0.0 0.0 0.0 0.0 1.0 1024.0 0.0 0.0 0.0 0.0 0.0 1.0 1024.0 0.0 0.0 0.0 0.0 0.0 38.0 26.947368421052634 0.0 0.0 0.0 0.0 0.0 1.0 1024.0 0.0 0.0 0.0 0.0 0.0 1.0 1024.0 0.0 0.0 0.0 0.0 0.0 38.0 26.947368421052634 0.0 0.0 0.0 0.0 0.0 1.0 1024.0 
39.000515032786886 1.6611744490675469 1.2249005949779466 4.6261065484396156 0.0 25.64724756178057 107.0 9.570093457943923 1.9279795110792377 3.5226470681745017 13.834661177334347 0.0 13.092794881680657 83.0 12.337349397590366 1.2495807012436095 0.9527535273428609 3.4836138576524758 0.0 26.344335814380628 137.0 7.474452554744531 1.6273084776416007 1.2602998985036054 4.6261065484396156 0.0 26.60859523511986 116.0 8.827586206896544 3.131573121299315 4.096002656975877 13.241912419968985 0.0 16.196829686895693 50.0 20.48 1.2999333869664946 0.9110823204468672 3.332808309342373 0.0 26.594801350146565 143.0 7.160839160839163 1.7335202947766377 1.3238073165853594 5.6352774948562505 0.0 27.43866246311749 111.0 9.225225225225216 3.624549665924286 6.3317457706476 24.628416408678792 0.0 20.715807383294184 49.0 20.89795918367347 1.3649677573798198 1.0069504405659313 3.6016230121356916 0.0 26.3760361380691 130.0 7.876923076923093 0.0 0.0 0.0 0.0 0.0 1.0 1024.0 0.0 0.0 0.0 0.0 0.0 38.0 26.947368421052634 0.0 0.0 0.0 0.0 0.0 1.0 1024.0 0.0 0.0 0.0 0.0 0.0 1.0 1024.0 0.0 0.0 0.0 0.0 0.0 38.0 26.947368421052634 0.0 0.0 0.0 0.0 0.0 1.0 1024.0 0.0 0.0 0.0 0.0 0.0 1.0 1024.0 0.0 0.0 0.0 0.0 0.0 38.0 26.947368421052634 0.0 0.0 0.0 0.0 0.0 1.0 1024.0 1.6367022798239104 1.2595765662462421 4.805157531375327 0.0 26.05357838351447 164.0 6.243902439024386 3.668272018267199 4.5663731502470775 15.074033345448699 0.0 17.99653932425802 65.0 15.753846153846155 1.3244942652179672 0.9796133365960836 3.4864782878754865 0.0 25.72693318954868 190.0 5.3894736842105315 1.5829862801369605 1.2301222576723376 4.805157531375327 0.0 26.721412010144274 174.0 5.885057471264374 4.623389552209654 4.626418050729 15.166946884958433 0.0 19.60975946760939 50.0 20.48 1.3218813629946884 0.941589668291743 3.355582661291501 0.0 26.094677477940937 202.0 5.069306930693066 1.7217842610903824 1.3723435490252867 5.869339320126588 0.0 27.060153218087567 157.0 6.522292993630575 6.468605666837923 8.505545029235027 28.568402560419546 0.0 23.340593467045245 45.0 22.755555555555553 1.4297334717884662 1.018257210327609 3.9592310638267834 0.0 25.543346919623616 180.0 5.688888888888896 1.4821718997126845 3.7743625924153417 41.78745222094094 0.0 29.348448643212514 638.0 1.6050156739811945 24.07319097332853 10.878977035411614 36.9901087825193 0.0 13.537096399266316 42.0 24.380952380952376 0.67316311656262 1.058939836325291 4.365364986724842 0.0 29.23826360004977 667.0 1.535232383808098 1.4169618569110516 3.4117222292526472 32.874741622928155 0.0 29.45164062088824 644.0 1.5900621118012397 26.413959054522664 9.991545507772553 41.631810312897706 0.0 9.48347659176922 38.0 26.947368421052634 0.6580914509313256 1.0264785295261905 3.5217069291965686 0.0 29.384316693613304 680.0 1.505882352941178 1.3946511866458113 3.502690858301952 45.01462284090048 0.0 29.345482224521774 641.0 1.5975039001560107 28.13662262744742 5.58675950686399 35.76295777937128 0.0 7.64368178375316 36.0 28.44444444444444 0.6977944404766012 1.0905571814145025 4.365364986724842 0.0 29.32950224089589 666.0 1.5375375375375404 0.0 0.0 0.0 0.0 0.0 1.0 1024.0 0.0 0.0 0.0 0.0 0.0 38.0 26.947368421052634 0.0 0.0 0.0 0.0 0.0 1.0 1024.0 0.0 0.0 0.0 0.0 0.0 1.0 1024.0 0.0 0.0 0.0 0.0 0.0 38.0 26.947368421052634 0.0 0.0 0.0 0.0 0.0 1.0 1024.0 0.0 0.0 0.0 0.0 0.0 1.0 1024.0 0.0 0.0 0.0 0.0 0.0 38.0 26.947368421052634 0.0 0.0 0.0 0.0 0.0 1.0 1024.0 
40.000515032786886 1.6305666521659032 1.2416227281031236 4.6261065484396156 0.0 25.772887615090088 109.0 9.394495412844037 2.2306799583088845 3.726882252258649 13.834661177334347 0.0 13.866788074200523 72.0 14.222222222222216 1.2573315478251836 0.9518026823445914 3.4836138576524758 0.0 26.305536401506934 136.0 7.52941176470589 1.6105764109701208 1.2654887774974972 4.6261065484396156 0.0 26.654872376347694 117.0 8.75213675213674 3.131573121299315 4.096002656975877 13.241912419968985 0.0 16.196829686895693 50.0 20.48 1.2986377147296133 0.9117166299849899 3.332808309342373 0.0 26.56378867482103 143.0 7.160839160839163 1.7324585743791892 1.3251192017742937 5.6352774948562505 0.0 27.436496152131717 111.0 9.225225225225216 3.700395079987783 6.376217703085102 24.628416408678792 0.0 20.879737396649837 48.0 21.33333333333333 1.3767069244498293 1.0023976314581973 3.6016230121356916 0.0 26.313798442091162 129.0 7.937984496124019 0.0 0.0 0.0 0.0 0.0 1.0 1024.0 0.0 0.0 0.0 0.0 0.0 38.0 26.947368421052634 0.0 0.0 0.0 0.0 0.0 1.0 1024.0 0.0 0.0 0.0 0.0 0.0 1.0 1024.0 0.0 0.0 0.0 0.0 0.0 38.0 26.947368421052634 0.0 0.0 0.0 0.0 0.0 1.0 1024.0 0.0 0.0 0.0 0.0 0.0 1.0 1024.0 0.0 0.0 0.0 0.0 0.0 38.0 26.947368421052634 0.0 0.0 0.0 0.0 0.0 1.0 1024.0 1.635088936725072 1.2603118320552404 4.805157531375327 0.0 26.059078141181747 164.0 6.243902439024386 3.397843239855368 4.50597118177062 15.074033345448699 0.0 17.571394046961785 70.0 14.628571428571425 1.3193121610216598 0.9796754129948376 3.4864782878754865 0.0 25.78874683038709 191.0 5.361256544502614 1.591008560553187 1.229733397903331 4.805157531375327 0.0 26.670447490604907 173.0 5.919075144508673 4.623389552209654 4.626418050729 15.166946884958433 0.0 19.60975946760939 50.0 20.48 1.3215435228153192 0.9419332247252405 3.355582661291501 0.0 26.096909898300726 202.0 5.069306930693066 1.7335016547132884 1.369812498040796 5.869339320126588 0.0 27.055648030800768 156.0 6.564102564102573 6.468605666837923 8.505545029235027 28.568402560419546 0.0 23.340593467045245 45.0 22.755555555555553 1.447046342692011 1.013080460310728 3.9592310638267834 0.0 25.35621190516411 178.0 5.752808988764034 1.4821718997126845 3.7743625924153417 41.78745222094094 0.0 29.348448643212514 638.0 1.6050156739811945 24.07319097332853 10.878977035411614 36.9901087825193 0.0 13.537096399266316 42.0 24.380952380952376 0.67316311656262 1.058939836325291 4.365364986724842 0.0 29.23826360004977 667.0 1.535232383808098 1.4169618569110516 3.4117222292526472 32.874741622928155 0.0 29.45164062088824 644.0 1.5900621118012397 26.413959054522664 9.991545507772553 41.631810312897706 0.0 9.48347659176922 38.0 26.947368421052634 0.6580914509313256 1.0264785295261905 3.5217069291965686 0.0 29.384316693613304 680.0 1.505882352941178 1.3946511866458113 3.502690858301952 45.01462284090048 0.0 29.345482224521774 641.0 1.5975039001560107 28.13662262744742 5.58675950686399 35.76295777937128 0.0 7.64368178375316 36.0 28.44444444444444 0.6977944404766012 1.0905571814145025 4.365364986724842 0.0 29.32950224089589 666.0 1.5375375375375404 0.0 0.0 0.0 0.0 0.0 1.0 1024.0 0.0 0.0 0.0 0.0 0.0 38.0 26.947368421052634 0.0 0.0 0.0 0.0 0.0 1.0 1024.0 0.0 0.0 0.0 0.0 0.0 1.0 1024.0 0.0 0.0 0.0 0.0 0.0 38.0 26.947368421052634 0.0 0.0 0.0 0.0 0.0 1.0 1024.0 0.0 0.0 0.0 0.0 0.0 1.0 1024.0 0.0 0.0 0.0 0.0 0.0 38.0 26.947368421052634 0.0 0.0 0.0 0.0 0.0 1.0 1024.0 
41.000515032786886 1.6484885667304625 1.2415827193329239 4.6261065484396156 0.0 25.80229862871495 108.0 9.481481481481493 2.704822443135119 3.9621336980316197 13.834661177334347 0.0 15.128755767450059 58.0 17.6551724137931 1.2881072621635288 0.9416798018713181 3.4836138576524758 0.0 26.213506556281573 133.0 7.6992481203007515 1.5911660741548928 1.2747663184387483 4.6261065484396156 0.0 26.705819234385764 118.0 8.677966101694926 3.070222873414512 4.0784385360654465 13.241912419968985 0.0 16.085536676816503 51.0 20.078431372549023 1.33499281798009 0.8979902747071471 3.332808309342373 0.0 26.411957850967333 139.0 7.366906474820136 1.7330438112752682 1.3245990416429023 5.6352774948562505 0.0 27.43375914983104 111.0 9.225225225225216 3.700758970229353 6.37600260874602 24.628416408678792 0.0 20.879869496190597 48.0 21.33333333333333 1.3828466493395586 0.9963115085657102 3.6016230121356916 0.0 26.319463285093356 129.0 7.937984496124019 0.0 0.0 0.0 0.0 0.0 1.0 1024.0 0.0 0.0 0.0 0.0 0.0 38.0 26.947368421052634 0.0 0.0 0.0 0.0 0.0 1.0 1024.0 0.0 0.0 0.0 0.0 0.0 1.0 1024.0 0.0 0.0 0.0 0.0 0.0 38.0 26.947368421052634 0.0 0.0 0.0 0.0 0.0 1.0 1024.0 0.0 0.0 0.0 0.0 0.0 1.0 1024.0 0.0 0.0 0.0 0.0 0.0 38.0 26.947368421052634 0.0 0.0 0.0 0.0 0.0 1.0 1024.0 1.6341318563424896 1.257609531063544 4.805157531375327 0.0 26.067537740334615 164.0 6.243902439024386 3.6501964022164555 4.582797315043373 15.074033345448699 0.0 17.771895072145785 65.0 15.753846153846155 1.3131813254362608 0.9814146575791017 3.4864782878754865 0.0 25.8481662165745 192.0 5.33333333333333 1.5960674428318662 1.2316265168917375 4.805157531375327 0.0 26.605053809928354 172.0 5.953488372093018 4.623389552209654 4.626418050729 15.166946884958433 0.0 19.60975946760939 50.0 20.48 1.3212821096554852 0.9422667119129831 3.355582661291501 0.0 26.0969607674549 202.0 5.069306930693066 1.736087369475416 1.3693613313341666 5.869339320126588 0.0 27.06754861651273 156.0 6.564102564102573 6.468605666837923 8.505545029235027 28.568402560419546 0.0 23.340593467045245 45.0 22.755555555555553 1.456918348092015 1.0111560821745682 3.9592310638267834 0.0 25.275242790379735 177.0 5.785310734463273 1.4821718997126845 3.7743625924153417 41.78745222094094 0.0 29.348448643212514 638.0 1.6050156739811945 24.07319097332853 10.878977035411614 36.9901087825193 0.0 13.537096399266316 42.0 24.380952380952376 0.67316311656262 1.058939836325291 4.365364986724842 0.0 29.23826360004977 667.0 1.535232383808098 1.4169618569110516 3.4117222292526472 32.874741622928155 0.0 29.45164062088824 644.0 1.5900621118012397 26.413959054522664 9.991545507772553 41.631810312897706 0.0 9.48347659176922 38.0 26.947368421052634 0.6580914509313256 1.0264785295261905 3.5217069291965686 0.0 29.384316693613304 680.0 1.505882352941178 1.3946511866458113 3.502690858301952 45.01462284090048 0.0 29.345482224521774 641.0 1.5975039001560107 28.13662262744742 5.58675950686399 35.76295777937128 0.0 7.64368178375316 36.0 28.44444444444444 0.6977944404766012 1.0905571814145025 4.365364986724842 0.0 29.32950224089589 666.0 1.5375375375375404 0.0 0.0 0.0 0.0 0.0 1.0 1024.0 0.0 0.0 0.0 0.0 0.0 38.0 26.947368421052634 0.0 0.0 0.0 0.0 0.0 1.0 1024.0 0.0 0.0 0.0 0.0 0.0 1.0 1024.0 0.0 0.0 0.0 0.0 0.0 38.0 26.947368421052634 0.0 0.0 0.0 0.0 0.0 1.0 1024.0 0.0 0.0 0.0 0.0 0.0 1.0 1024.0 0.0 0.0 0.0 0.0 0.0 38.0 26.947368421052634 0.0 0.0 0.0 0.0 0.0 1.0 1024.0 
42.000515032786886 1.6333907746095209 1.2458382524854295 4.6261065484396156 0.0 25.86237941680625 109.0 9.394495412844037 2.4971864734622065 3.865415737204759 13.834661177334347 0.0 14.687757847862358 63.0 16.253968253968253 1.289659106243687 0.9426495195498756 3.4836138576524758 0.0 26.212504879490766 133.0 7.6992481203007515 1.6079334659590023 1.2670193598883788 4.6261065484396156 0.0 26.682000537641574 117.0 8.75213675213674 2.653439892358197 3.932652056481212 13.241912419968985 0.0 15.247793189690714 59.0 17.355932203389827 1.332140687504176 0.8933519917562697 3.332808309342373 0.0 26.54650588393578 140.0 7.314285714285725 1.7343798962235564 1.3239499826337322 5.6352774948562505 0.0 27.434898947932822 111.0 9.225225225225216 3.7020656595892873 6.375696755282577 24.628416408678792 0.0 20.87905076829123 48.0 21.33333333333333 1.3837439711233506 0.9957096802877761 3.6016230121356916 0.0 26.322275602238438 129.0 7.937984496124019 0.0 0.0 0.0 0.0 0.0 1.0 1024.0 0.0 0.0 0.0 0.0 0.0 38.0 26.947368421052634 0.0 0.0 0.0 0.0 0.0 1.0 1024.0 0.0 0.0 0.0 0.0 0.0 1.0 1024.0 0.0 0.0 0.0 0.0 0.0 38.0 26.947368421052634 0.0 0.0 0.0 0.0 0.0 1.0 1024.0 0.0 0.0 0.0 0.0 0.0 1.0 1024.0 0.0 0.0 0.0 0.0 0.0 38.0 26.947368421052634 0.0 0.0 0.0 0.0 0.0 1.0 1024.0 1.61563742436113 1.262553452552641 4.805157531375327 0.0 26.152378414574894 166.0 6.168674698795182 3.9409690426496606 4.639492309957988 15.074033345448699 0.0 18.377581555818683 60.0 17.06666666666667 1.315593109355922 0.9818937171129231 3.4864782878754865 0.0 25.75821037266827 192.0 5.333333333333332 1.6061765641125156 1.2283945737505475 4.805157531375327 0.0 26.541617227209052 171.0 5.988304093567251 4.623389552209654 4.626418050729 15.166946884958433 0.0 19.60975946760939 50.0 20.48 1.3209237146730397 0.942753485578597 3.355582661291501 0.0 26.09656411731717 202.0 5.069306930693066 1.7473416677536004 1.3673490476539198 5.869339320126588 0.0 27.008367674136462 155.0 6.6064516129032205 6.468605666837923 8.505545029235027 28.568402560419546 0.0 23.340593467045245 45.0 22.755555555555553 1.4574401678294149 1.0103488947816246 3.9592310638267834 0.0 25.278871840260933 177.0 5.785310734463273 1.4821718997126845 3.7743625924153417 41.78745222094094 0.0 29.348448643212514 638.0 1.6050156739811945 24.07319097332853 10.878977035411614 36.9901087825193 0.0 13.537096399266316 42.0 24.380952380952376 0.67316311656262 1.058939836325291 4.365364986724842 0.0 29.23826360004977 667.0 1.535232383808098 1.4169618569110516 3.4117222292526472 32.874741622928155 0.0 29.45164062088824 644.0 1.5900621118012397 26.413959054522664 9.991545507772553 41.631810312897706 0.0 9.48347659176922 38.0 26.947368421052634 0.6580914509313256 1.0264785295261905 3.5217069291965686 0.0 29.384316693613304 680.0 1.505882352941178 1.3946511866458113 3.502690858301952 45.01462284090048 0.0 29.345482224521774 641.0 1.5975039001560107 28.13662262744742 5.58675950686399 35.76295777937128 0.0 7.64368178375316 36.0 28.44444444444444 0.6977944404766012 1.0905571814145025 4.365364986724842 0.0 29.32950224089589 666.0 1.5375375375375404 0.0 0.0 0.0 0.0 0.0 1.0 1024.0 0.0 0.0 0.0 0.0 0.0 38.0 26.947368421052634 0.0 0.0 0.0 0.0 0.0 1.0 1024.0 0.0 0.0 0.0 0.0 0.0 1.0 1024.0 0.0 0.0 0.0 0.0 0.0 38.0 26.947368421052634 0.0 0.0 0.0 0.0 0.0 1.0 1024.0 0.0 0.0 0.0 0.0 0.0 1.0 1024.0 0.0 0.0 0.0 0.0 0.0 38.0 26.947368421052634 0.0 0.0 0.0 0.0 0.0 1.0 1024.0 
43.000515032786886 1.6336655435157397 1.2460963821907636 4.6261065484396156 0.0 25.863353683547754 109.0 9.394495412844037 2.1439715419620575 3.6916565363660747 13.834661177334347 0.0 13.885052231399815 73.0 14.027397260273972 1.2908786952422902 0.942272181948981 3.4836138576524758 0.0 26.217306759154226 133.0 7.6992481203007515 1.6088052226458713 1.2682796982398081 4.6261065484396156 0.0 26.679263970790956 117.0 8.75213675213674 2.703069845992634 3.9484888106718503 13.241912419968985 0.0 15.347207444072009 58.0 17.655172413793096 1.317839796152723 0.8950068412571168 3.332808309342373 0.0 26.595570527190993 141.0 7.262411347517723 1.735758915102148 1.32305674211713 5.6352774948562505 0.0 27.436169719496473 111.0 9.225225225225216 3.486048203618414 6.243131496422402 24.628416408678792 0.0 20.43081466402754 51.0 20.07843137254903 1.3838057335718976 0.9956598711123069 3.6016230121356916 0.0 26.32438118281875 129.0 7.937984496124019 0.0 0.0 0.0 0.0 0.0 1.0 1024.0 0.0 0.0 0.0 0.0 0.0 38.0 26.947368421052634 0.0 0.0 0.0 0.0 0.0 1.0 1024.0 0.0 0.0 0.0 0.0 0.0 1.0 1024.0 0.0 0.0 0.0 0.0 0.0 38.0 26.947368421052634 0.0 0.0 0.0 0.0 0.0 1.0 1024.0 0.0 0.0 0.0 0.0 0.0 1.0 1024.0 0.0 0.0 0.0 0.0 0.0 38.0 26.947368421052634 0.0 0.0 0.0 0.0 0.0 1.0 1024.0 1.5870410116326519 1.2588176183262265 4.805157531375327 0.0 26.19857407393139 169.0 6.0591715976331395 3.449432637808128 4.547682903306872 15.074033345448699 0.0 18.000393233413334 68.0 15.058823529411761 1.3345540684038637 0.9760345914390438 3.4864782878754865 0.0 25.872550550606952 189.0 5.417989417989418 1.614197030990518 1.227195814517365 4.805157531375327 0.0 26.4622882542347 170.0 6.023529411764708 4.623389552209654 4.626418050729 15.166946884958433 0.0 19.60975946760939 50.0 20.48 1.3286041291395525 0.939017180982552 3.355582661291501 0.0 26.035368951879946 201.0 5.094527363184075 1.7462851881988464 1.367937459292459 5.869339320126588 0.0 27.007036814306613 155.0 6.6064516129032205 6.468605666837923 8.505545029235027 28.568402560419546 0.0 23.340593467045245 45.0 22.755555555555553 1.4577929726116017 1.0100336818896347 3.9592310638267834 0.0 25.279281252112717 177.0 5.785310734463273 1.4821718997126845 3.7743625924153417 41.78745222094094 0.0 29.348448643212514 638.0 1.6050156739811945 24.07319097332853 10.878977035411614 36.9901087825193 0.0 13.537096399266316 42.0 24.380952380952376 0.67316311656262 1.058939836325291 4.365364986724842 0.0 29.23826360004977 667.0 1.535232383808098 1.4169618569110516 3.4117222292526472 32.874741622928155 0.0 29.45164062088824 644.0 1.5900621118012397 26.413959054522664 9.991545507772553 41.631810312897706 0.0 9.48347659176922 38.0 26.947368421052634 0.6580914509313256 1.0264785295261905 3.5217069291965686 0.0 29.384316693613304 680.0 1.505882352941178 1.3946511866458113 3.502690858301952 45.01462284090048 0.0 29.345482224521774 641.0 1.5975039001560107 28.13662262744742 5.58675950686399 35.76295777937128 0.0 7.64368178375316 36.0 28.44444444444444 0.6977944404766012 1.0905571814145025 4.365364986724842 0.0 29.32950224089589 666.0 1.5375375375375404 0.0 0.0 0.0 0.0 0.0 1.0 1024.0 0.0 0.0 0.0 0.0 0.0 38.0 26.947368421052634 0.0 0.0 0.0 0.0 0.0 1.0 1024.0 0.0 0.0 0.0 0.0 0.0 1.0 1024.0 0.0 0.0 0.0 0.0 0.0 38.0 26.947368421052634 0.0 0.0 0.0 0.0 0.0 1.0 1024.0 0.0 0.0 0.0 0.0 0.0 1.0 1024.0 0.0 0.0 0.0 0.0 0.0 38.0 26.947368421052634 0.0 0.0 0.0 0.0 0.0 1.0 1024.0 
44.000515032786886 1.6345118889616486 1.2455731764016127 4.6261065484396156 0.0 25.86468811899013 109.0 9.394495412844037 2.2909480578892234 3.782880387819663 13.834661177334347 0.0 14.268797246424796 68.0 15.058823529411761 1.2702880414660405 0.9491462574608627 3.4836138576524758 0.0 26.30489785076077 135.0 7.585185185185178 1.6049963802495144 1.271746033177105 4.6261065484396156 0.0 26.695996711978307 117.0 8.75213675213674 3.0176787264822917 4.06062642480488 13.241912419968985 0.0 15.97013355163974 52.0 19.692307692307697 1.313128264717588 0.8980393273705445 3.332808309342373 0.0 26.5545778455649 141.0 7.262411347517723 1.7347171718885832 1.3249964142840547 5.6352774948562505 0.0 27.434782075597475 111.0 9.225225225225216 3.5557847957332545 6.286417645494809 24.628416408678792 0.0 20.5891228277632 50.0 20.480000000000008 1.3945274923513282 0.9924540827607328 3.6016230121356916 0.0 26.241875117507963 128.0 8.0 0.0 0.0 0.0 0.0 0.0 1.0 1024.0 0.0 0.0 0.0 0.0 0.0 38.0 26.947368421052634 0.0 0.0 0.0 0.0 0.0 1.0 1024.0 0.0 0.0 0.0 0.0 0.0 1.0 1024.0 0.0 0.0 0.0 0.0 0.0 38.0 26.947368421052634 0.0 0.0 0.0 0.0 0.0 1.0 1024.0 0.0 0.0 0.0 0.0 0.0 1.0 1024.0 0.0 0.0 0.0 0.0 0.0 38.0 26.947368421052634 0.0 0.0 0.0 0.0 0.0 1.0 1024.0 1.5603345305641725 1.2677273811642293 4.805157531375327 0.0 26.231630960283734 171.0 5.988304093567251 3.478480018059216 4.579287010296259 15.074033345448699 0.0 18.09453808113283 67.0 15.283582089552246 1.2982742621546126 0.9908769044265745 3.4864782878754865 0.0 26.125523741023212 194.0 5.278350515463914 1.6139049009134927 1.2272074755293403 4.805157531375327 0.0 26.461578679381994 170.0 6.023529411764708 4.623389552209654 4.626418050729 15.166946884958433 0.0 19.60975946760939 50.0 20.48 1.3285127948520816 0.9390422021142273 3.355582661291501 0.0 26.03498583107043 201.0 5.094527363184075 1.725596900525304 1.3725948553674538 5.869339320126588 0.0 27.18278747023285 157.0 6.522292993630575 6.46803555059694 8.505387973316806 28.568402560419546 0.0 23.340439132397677 45.0 22.755555555555553 1.462847390233212 1.0051269660991413 3.9592310638267834 0.0 25.284335314413234 177.0 5.785310734463273 1.4821718997126845 3.7743625924153417 41.78745222094094 0.0 29.348448643212514 638.0 1.6050156739811945 24.07319097332853 10.878977035411614 36.9901087825193 0.0 13.537096399266316 42.0 24.380952380952376 0.67316311656262 1.058939836325291 4.365364986724842 0.0 29.23826360004977 667.0 1.535232383808098 1.4169618569110516 3.4117222292526472 32.874741622928155 0.0 29.45164062088824 644.0 1.5900621118012397 26.413959054522664 9.991545507772553 41.631810312897706 0.0 9.48347659176922 38.0 26.947368421052634 0.6580914509313256 1.0264785295261905 3.5217069291965686 0.0 29.384316693613304 680.0 1.505882352941178 1.3946511866458113 3.502690858301952 45.01462284090048 0.0 29.345482224521774 641.0 1.5975039001560107 28.13662262744742 5.58675950686399 35.76295777937128 0.0 7.64368178375316 36.0 28.44444444444444 0.6977944404766012 1.0905571814145025 4.365364986724842 0.0 29.32950224089589 666.0 1.5375375375375404 0.0 0.0 0.0 0.0 0.0 1.0 1024.0 0.0 0.0 0.0 0.0 0.0 38.0 26.947368421052634 0.0 0.0 0.0 0.0 0.0 1.0 1024.0 0.0 0.0 0.0 0.0 0.0 1.0 1024.0 0.0 0.0 0.0 0.0 0.0 38.0 26.947368421052634 0.0 0.0 0.0 0.0 0.0 1.0 1024.0 0.0 0.0 0.0 0.0 0.0 1.0 1024.0 0.0 0.0 0.0 0.0 0.0 38.0 26.947368421052634 0.0 0.0 0.0 0.0 0.0 1.0 1024.0 
45.000515032786886 1.634170726175653 1.2459740190094053 4.6261065484396156 0.0 25.86426116222634 109.0 9.394495412844037 2.2772661572151773 3.751822090282173 13.834661177334347 0.0 14.163376111326013 69.0 14.840579710144922 1.3107112321224748 0.9342948164157168 3.4836138576524758 0.0 26.12843154901581 131.0 7.816793893129762 1.6245221869095294 1.2625343636992539 4.6261065484396156 0.0 26.655170455710618 116.0 8.827586206896544 3.080875945084851 4.078801198569771 13.241912419968985 0.0 16.08433754016347 51.0 20.078431372549023 1.2823404351167333 0.9162620568245446 3.332808309342373 0.0 26.63247252752787 143.0 7.1608391608391635 1.7347986285292616 1.32436944004251 5.6352774948562505 0.0 27.343836596107423 111.0 9.225225225225216 3.7829489141933643 6.420095405449038 24.628416408678792 0.0 21.085568450094968 47.0 21.787234042553187 1.3892596964320125 0.9980673291427292 3.6016230121356916 0.0 26.235000294508378 128.0 8.0 0.0 0.0 0.0 0.0 0.0 1.0 1024.0 0.0 0.0 0.0 0.0 0.0 38.0 26.947368421052634 0.0 0.0 0.0 0.0 0.0 1.0 1024.0 0.0 0.0 0.0 0.0 0.0 1.0 1024.0 0.0 0.0 0.0 0.0 0.0 38.0 26.947368421052634 0.0 0.0 0.0 0.0 0.0 1.0 1024.0 0.0 0.0 0.0 0.0 0.0 1.0 1024.0 0.0 0.0 0.0 0.0 0.0 38.0 26.947368421052634 0.0 0.0 0.0 0.0 0.0 1.0 1024.0 1.5699280878832953 1.2669063020334448 4.805157531375327 0.0 26.18764941198972 170.0 6.0235294117647085 3.8850123783167683 4.677219426008714 15.074033345448699 0.0 18.580301569874834 60.0 17.06666666666667 1.285585026869564 0.9936873472958624 3.4864782878754865 0.0 26.20704638946614 196.0 5.2244897959183625 1.6092706642015988 1.2311102347130007 4.805157531375327 0.0 26.445669570401535 170.0 6.023529411764708 4.623389552209654 4.626418050729 15.166946884958433 0.0 19.60975946760939 50.0 20.48 1.3218665306356616 0.94160875903338 3.355582661291501 0.0 26.084801676959618 202.0 5.069306930693066 1.7116301024004381 1.3790634321686897 5.869339320126588 0.0 27.260393676668865 158.0 6.481012658227857 6.456434469307724 8.513328788650053 28.568402560419546 0.0 23.341183625825785 45.0 22.755555555555553 1.462847390233212 1.0051269660991413 3.9592310638267834 0.0 25.284335314413234 177.0 5.785310734463273 1.4821718997126845 3.7743625924153417 41.78745222094094 0.0 29.348448643212514 638.0 1.6050156739811945 24.07319097332853 10.878977035411614 36.9901087825193 0.0 13.537096399266316 42.0 24.380952380952376 0.67316311656262 1.058939836325291 4.365364986724842 0.0 29.23826360004977 667.0 1.535232383808098 1.4169618569110516 3.4117222292526472 32.874741622928155 0.0 29.45164062088824 644.0 1.5900621118012397 26.413959054522664 9.991545507772553 41.631810312897706 0.0 9.48347659176922 38.0 26.947368421052634 0.6580914509313256 1.0264785295261905 3.5217069291965686 0.0 29.384316693613304 680.0 1.505882352941178 1.3946511866458113 3.502690858301952 45.01462284090048 0.0 29.345482224521774 641.0 1.5975039001560107 28.13662262744742 5.58675950686399 35.76295777937128 0.0 7.64368178375316 36.0 28.44444444444444 0.6977944404766012 1.0905571814145025 4.365364986724842 0.0 29.32950224089589 666.0 1.5375375375375404 0.0 0.0 0.0 0.0 0.0 1.0 1024.0 0.0 0.0 0.0 0.0 0.0 38.0 26.947368421052634 0.0 0.0 0.0 0.0 0.0 1.0 1024.0 0.0 0.0 0.0 0.0 0.0 1.0 1024.0 0.0 0.0 0.0 0.0 0.0 38.0 26.947368421052634 0.0 0.0 0.0 0.0 0.0 1.0 1024.0 0.0 0.0 0.0 0.0 0.0 1.0 1024.0 0.0 0.0 0.0 0.0 0.0 38.0 26.947368421052634 0.0 0.0 0.0 0.0 0.0 1.0 1024.0 
46.000515032786886 1.583944344635707 1.2639814738931754 4.6261065484396156 0.0 25.89312063566927 112.0 9.142857142857128 2.336917867557909 3.784246760350537 13.834661177334347 0.0 14.222124115699582 67.0 15.283582089552246 1.3105752843013077 0.9343756493469937 3.4836138576524758 0.0 26.129521121921012 131.0 7.816793893129762 1.6340576670700828 1.254133646510579 4.6261065484396156 0.0 26.672907144966757 116.0 8.827586206896544 3.1422244994461734 4.096365673083641 13.241912419968985 0.0 16.199971876638642 50.0 20.48 1.3190803086667466 0.9005480537880522 3.332808309342373 0.0 26.492818318940643 140.0 7.314285714285725 1.7342200631344062 1.3247419538724863 5.6352774948562505 0.0 27.341686407514132 111.0 9.225225225225216 3.8649473481133176 6.466106547867601 24.628416408678792 0.0 21.257994108536618 46.0 22.260869565217398 1.3893059568880102 0.9980391186540136 3.6016230121356916 0.0 26.23509555605307 128.0 8.0 0.0 0.0 0.0 0.0 0.0 1.0 1024.0 0.0 0.0 0.0 0.0 0.0 38.0 26.947368421052634 0.0 0.0 0.0 0.0 0.0 1.0 1024.0 0.0 0.0 0.0 0.0 0.0 1.0 1024.0 0.0 0.0 0.0 0.0 0.0 38.0 26.947368421052634 0.0 0.0 0.0 0.0 0.0 1.0 1024.0 0.0 0.0 0.0 0.0 0.0 1.0 1024.0 0.0 0.0 0.0 0.0 0.0 38.0 26.947368421052634 0.0 0.0 0.0 0.0 0.0 1.0 1024.0 1.5830496415512976 1.2642474763134468 4.805157531375327 0.0 26.167432883002338 169.0 6.059171597633142 3.9217018088609787 4.708269542772683 15.074033345448699 0.0 18.41541623209436 59.0 17.355932203389827 1.2885928915300826 0.9910393999765594 3.4864782878754865 0.0 26.18037051939636 196.0 5.2244897959183625 1.6067479966150986 1.2334151269484164 4.805157531375327 0.0 26.450820691595986 170.0 6.023529411764708 4.623389552209654 4.626418050729 15.166946884958433 0.0 19.60975946760939 50.0 20.48 1.310252446879195 0.9471295567101146 3.355582661291501 0.0 26.128946386408607 203.0 5.0443349753694635 1.6997438249200858 1.3831246993786297 5.869339320126588 0.0 27.338439670394127 159.0 6.440251572327046 6.456434469307724 8.513328788650053 28.568402560419546 0.0 23.341183625825785 45.0 22.755555555555553 1.4612410694857711 1.0063708379544574 3.9592310638267834 0.0 25.285161890986252 177.0 5.785310734463273 1.4821718997126845 3.7743625924153417 41.78745222094094 0.0 29.348448643212514 638.0 1.6050156739811945 24.07319097332853 10.878977035411614 36.9901087825193 0.0 13.537096399266316 42.0 24.380952380952376 0.67316311656262 1.058939836325291 4.365364986724842 0.0 29.23826360004977 667.0 1.535232383808098 1.4169618569110516 3.4117222292526472 32.874741622928155 0.0 29.45164062088824 644.0 1.5900621118012397 26.413959054522664 9.991545507772553 41.631810312897706 0.0 9.48347659176922 38.0 26.947368421052634 0.6580914509313256 1.0264785295261905 3.5217069291965686 0.0 29.384316693613304 680.0 1.505882352941178 1.3946511866458113 3.502690858301952 45.01462284090048 0.0 29.345482224521774 641.0 1.5975039001560107 28.13662262744742 5.58675950686399 35.76295777937128 0.0 7.64368178375316 36.0 28.44444444444444 0.6977944404766012 1.0905571814145025 4.365364986724842 0.0 29.32950224089589 666.0 1.5375375375375404 0.0 0.0 0.0 0.0 0.0 1.0 1024.0 0.0 0.0 0.0 0.0 0.0 38.0 26.947368421052634 0.0 0.0 0.0 0.0 0.0 1.0 1024.0 0.0 0.0 0.0 0.0 0.0 1.0 1024.0 0.0 0.0 0.0 0.0 0.0 38.0 26.947368421052634 0.0 0.0 0.0 0.0 0.0 1.0 1024.0 0.0 0.0 0.0 0.0 0.0 1.0 1024.0 0.0 0.0 0.0 0.0 0.0 38.0 26.947368421052634 0.0 0.0 0.0 0.0 0.0 1.0 1024.0 
47.000515032786886 1.545613771642516 1.2671409696371 4.6261065484396156 0.0 26.018715758741504 115.0 8.904347826086953 2.4896911406624884 3.871976463327073 13.834661177334347 0.0 14.709019191578964 63.0 16.253968253968253 1.2976497428227083 0.9360780556455568 3.4836138576524758 0.0 26.223130075827846 132.0 7.757575757575764 1.6108698902776857 1.2654809865942114 4.6261065484396156 0.0 26.712150809368826 117.0 8.75213675213674 3.2066901127176517 4.113112106611486 13.241912419968985 0.0 16.312214877551845 49.0 20.89795918367347 1.3290169828537808 0.8963361641695203 3.332808309342373 0.0 26.450176155181982 139.0 7.366906474820136 1.7098175241291544 1.3371369904259292 5.6352774948562505 0.0 27.265602256206677 112.0 9.14285714285713 3.8649473481133176 6.466106547867601 24.628416408678792 0.0 21.257994108536618 46.0 22.260869565217398 1.3880397185724305 0.999207948500465 3.6016230121356916 0.0 26.23495329108778 128.0 8.0 0.0 0.0 0.0 0.0 0.0 1.0 1024.0 0.0 0.0 0.0 0.0 0.0 38.0 26.947368421052634 0.0 0.0 0.0 0.0 0.0 1.0 1024.0 0.0 0.0 0.0 0.0 0.0 1.0 1024.0 0.0 0.0 0.0 0.0 0.0 38.0 26.947368421052634 0.0 0.0 0.0 0.0 0.0 1.0 1024.0 0.0 0.0 0.0 0.0 0.0 1.0 1024.0 0.0 0.0 0.0 0.0 0.0 38.0 26.947368421052634 0.0 0.0 0.0 0.0 0.0 1.0 1024.0 1.5959829976910245 1.257859073992524 4.805157531375327 0.0 26.161037623022043 168.0 6.095238095238097 4.220401700801083 4.74268463578049 15.074033345448699 0.0 18.899935170992514 55.0 18.618181818181814 1.2923732851992575 0.9875746722591167 3.4864782878754865 0.0 26.18689795842388 196.0 5.2244897959183625 1.6178446377069413 1.228992522589468 4.805157531375327 0.0 26.38791283924676 169.0 6.059171597633141 4.623389552209654 4.626418050729 15.166946884958433 0.0 19.60975946760939 50.0 20.48 1.3273031427613942 0.9406608983970376 3.355582661291501 0.0 26.02841289221543 201.0 5.094527363184075 1.6998822884514857 1.3833717233849068 5.869339320126588 0.0 27.33032897188328 159.0 6.440251572327046 6.456434469307724 8.513328788650053 28.568402560419546 0.0 23.341183625825785 45.0 22.755555555555553 1.4610336613404198 1.0064526634440119 3.9592310638267834 0.0 25.28676868652964 177.0 5.785310734463273 1.4821718997126845 3.7743625924153417 41.78745222094094 0.0 29.348448643212514 638.0 1.6050156739811945 24.07319097332853 10.878977035411614 36.9901087825193 0.0 13.537096399266316 42.0 24.380952380952376 0.67316311656262 1.058939836325291 4.365364986724842 0.0 29.23826360004977 667.0 1.535232383808098 1.4169618569110516 3.4117222292526472 32.874741622928155 0.0 29.45164062088824 644.0 1.5900621118012397 26.413959054522664 9.991545507772553 41.631810312897706 0.0 9.48347659176922 38.0 26.947368421052634 0.6580914509313256 1.0264785295261905 3.5217069291965686 0.0 29.384316693613304 680.0 1.505882352941178 1.3946511866458113 3.502690858301952 45.01462284090048 0.0 29.345482224521774 641.0 1.5975039001560107 28.13662262744742 5.58675950686399 35.76295777937128 0.0 7.64368178375316 36.0 28.44444444444444 0.6977944404766012 1.0905571814145025 4.365364986724842 0.0 29.32950224089589 666.0 1.5375375375375404 0.0 0.0 0.0 0.0 0.0 1.0 1024.0 0.0 0.0 0.0 0.0 0.0 38.0 26.947368421052634 0.0 0.0 0.0 0.0 0.0 1.0 1024.0 0.0 0.0 0.0 0.0 0.0 1.0 1024.0 0.0 0.0 0.0 0.0 0.0 38.0 26.947368421052634 0.0 0.0 0.0 0.0 0.0 1.0 1024.0 0.0 0.0 0.0 0.0 0.0 1.0 1024.0 0.0 0.0 0.0 0.0 0.0 38.0 26.947368421052634 0.0 0.0 0.0 0.0 0.0 1.0 1024.0 
48.000515032786886 1.5771313243810947 1.2606954032253004 4.6261065484396156 0.0 25.92539190882094 112.0 9.142857142857128 2.5548239934148134 3.9156359337834155 13.834661177334347 0.0 14.950318151796886 61.0 16.786885245901644 1.2615156000718262 0.9416463860437871 3.4836138576524758 0.0 26.358398475251516 135.0 7.585185185185178 1.6100160851480763 1.2661715364882085 4.6261065484396156 0.0 26.714176439368366 117.0 8.75213675213674 3.2066396545936082 4.113153267433716 13.241912419968985 0.0 16.31210705251939 49.0 20.89795918367347 1.2741677595150636 0.9168964715876377 3.332808309342373 0.0 26.76325983101187 145.0 7.062068965517231 1.7116575898451742 1.3328194599769467 5.6352774948562505 0.0 27.265101911342356 112.0 9.14285714285713 3.8649473481133176 6.466106547867601 24.628416408678792 0.0 21.257994108536618 46.0 22.260869565217398 1.3773991734932538 1.0026881728494728 3.6016230121356916 0.0 26.317001256843493 129.0 7.937984496124019 0.0 0.0 0.0 0.0 0.0 1.0 1024.0 0.0 0.0 0.0 0.0 0.0 38.0 26.947368421052634 0.0 0.0 0.0 0.0 0.0 1.0 1024.0 0.0 0.0 0.0 0.0 0.0 1.0 1024.0 0.0 0.0 0.0 0.0 0.0 38.0 26.947368421052634 0.0 0.0 0.0 0.0 0.0 1.0 1024.0 0.0 0.0 0.0 0.0 0.0 1.0 1024.0 0.0 0.0 0.0 0.0 0.0 38.0 26.947368421052634 0.0 0.0 0.0 0.0 0.0 1.0 1024.0 1.6164743335775713 1.2496676478324311 4.805157531375327 0.0 26.119144726347603 167.0 6.1317365269461135 4.481095907019926 4.754319865929661 15.074033345448699 0.0 19.222639224550104 52.0 19.692307692307697 1.3037489842444014 0.9872936441891078 3.4864782878754865 0.0 26.137135632985252 194.0 5.278350515463913 1.6272926681205895 1.2262263717012603 4.805157531375327 0.0 26.346447734395333 168.0 6.095238095238097 4.623389552209654 4.626418050729 15.166946884958433 0.0 19.60975946760939 50.0 20.48 1.3306031032199124 0.9383857693108637 3.355582661291501 0.0 26.036373206948326 201.0 5.094527363184075 1.703720915899121 1.3816418817403717 5.869339320126588 0.0 27.340396691325303 159.0 6.440251572327046 6.456434469307724 8.513328788650053 28.568402560419546 0.0 23.341183625825785 45.0 22.755555555555553 1.4610336613404198 1.0064526634440119 3.9592310638267834 0.0 25.28676868652964 177.0 5.785310734463273 1.4821718997126845 3.7743625924153417 41.78745222094094 0.0 29.348448643212514 638.0 1.6050156739811945 24.07319097332853 10.878977035411614 36.9901087825193 0.0 13.537096399266316 42.0 24.380952380952376 0.67316311656262 1.058939836325291 4.365364986724842 0.0 29.23826360004977 667.0 1.535232383808098 1.4169618569110516 3.4117222292526472 32.874741622928155 0.0 29.45164062088824 644.0 1.5900621118012397 26.413959054522664 9.991545507772553 41.631810312897706 0.0 9.48347659176922 38.0 26.947368421052634 0.6580914509313256 1.0264785295261905 3.5217069291965686 0.0 29.384316693613304 680.0 1.505882352941178 1.3946511866458113 3.502690858301952 45.01462284090048 0.0 29.345482224521774 641.0 1.5975039001560107 28.13662262744742 5.58675950686399 35.76295777937128 0.0 7.64368178375316 36.0 28.44444444444444 0.6977944404766012 1.0905571814145025 4.365364986724842 0.0 29.32950224089589 666.0 1.5375375375375404 0.0 0.0 0.0 0.0 0.0 1.0 1024.0 0.0 0.0 0.0 0.0 0.0 38.0 26.947368421052634 0.0 0.0 0.0 0.0 0.0 1.0 1024.0 0.0 0.0 0.0 0.0 0.0 1.0 1024.0 0.0 0.0 0.0 0.0 0.0 38.0 26.947368421052634 0.0 0.0 0.0 0.0 0.0 1.0 1024.0 0.0 0.0 0.0 0.0 0.0 1.0 1024.0 0.0 0.0 0.0 0.0 0.0 38.0 26.947368421052634 0.0 0.0 0.0 0.0 0.0 1.0 1024.0 
49.000515032786886 1.597103966824234 1.2568210492387397 4.6261065484396156 0.0 25.927529361713855 110.0 9.309090909090905 2.778841648573865 4.012957458579685 13.834661177334347 0.0 15.459266341614402 56.0 18.285714285714292 1.2271131430414544 0.9531541590964366 3.4836138576524758 0.0 26.423563797511356 137.0 7.4744525547445315 1.6228939070103232 1.2635151248188068 4.6261065484396156 0.0 26.671017450885586 116.0 8.827586206896544 3.142550259282798 4.096114061845471 13.241912419968985 0.0 16.199378271046367 50.0 20.479999999999997 1.3027672524809988 0.905466498367035 3.332808309342373 0.0 26.605192138534957 142.0 7.21126760563381 1.7264494000618609 1.3296355806052391 5.6352774948562505 0.0 27.34099794698848 111.0 9.225225225225216 3.8649473481133176 6.466106547867601 24.628416408678792 0.0 21.257994108536618 46.0 22.260869565217398 1.3774494767596555 1.0026522729347014 3.6016230121356916 0.0 26.317175167150946 129.0 7.937984496124019 0.0 0.0 0.0 0.0 0.0 1.0 1024.0 0.0 0.0 0.0 0.0 0.0 38.0 26.947368421052634 0.0 0.0 0.0 0.0 0.0 1.0 1024.0 0.0 0.0 0.0 0.0 0.0 1.0 1024.0 0.0 0.0 0.0 0.0 0.0 38.0 26.947368421052634 0.0 0.0 0.0 0.0 0.0 1.0 1024.0 0.0 0.0 0.0 0.0 0.0 1.0 1024.0 0.0 0.0 0.0 0.0 0.0 38.0 26.947368421052634 0.0 0.0 0.0 0.0 0.0 1.0 1024.0 1.6300146691410304 1.248972193469305 4.805157531375327 0.0 26.034748575970873 165.0 6.206060606060607 4.229481684193141 4.737875796501252 15.074033345448699 0.0 18.830438228068683 55.0 18.618181818181814 1.3517567966744966 0.9715601866066722 3.4864782878754865 0.0 25.839242633259776 188.0 5.446808510638294 1.6260928536602133 1.22715075680944 4.805157531375327 0.0 26.34785439191874 168.0 6.095238095238097 4.623389552209654 4.626418050729 15.166946884958433 0.0 19.60975946760939 50.0 20.48 1.3282947914513257 0.9410686920070792 3.355582661291501 0.0 26.008263142809263 201.0 5.094527363184075 1.7249100793179069 1.3773463645271895 5.869339320126588 0.0 27.17910572656394 157.0 6.522292993630575 6.456434469307724 8.513328788650053 28.568402560419546 0.0 23.341183625825785 45.0 22.755555555555553 1.4593306162119861 1.007657545217094 3.9592310638267834 0.0 25.28829951615953 177.0 5.785310734463273 1.4821718997126845 3.7743625924153417 41.78745222094094 0.0 29.348448643212514 638.0 1.6050156739811945 24.07319097332853 10.878977035411614 36.9901087825193 0.0 13.537096399266316 42.0 24.380952380952376 0.67316311656262 1.058939836325291 4.365364986724842 0.0 29.23826360004977 667.0 1.535232383808098 1.4169618569110516 3.4117222292526472 32.874741622928155 0.0 29.45164062088824 644.0 1.5900621118012397 26.413959054522664 9.991545507772553 41.631810312897706 0.0 9.48347659176922 38.0 26.947368421052634 0.6580914509313256 1.0264785295261905 3.5217069291965686 0.0 29.384316693613304 680.0 1.505882352941178 1.3946511866458113 3.502690858301952 45.01462284090048 0.0 29.345482224521774 641.0 1.5975039001560107 28.13662262744742 5.58675950686399 35.76295777937128 0.0 7.64368178375316 36.0 28.44444444444444 0.6977944404766012 1.0905571814145025 4.365364986724842 0.0 29.32950224089589 666.0 1.5375375375375404 0.0 0.0 0.0 0.0 0.0 1.0 1024.0 0.0 0.0 0.0 0.0 0.0 38.0 26.947368421052634 0.0 0.0 0.0 0.0 0.0 1.0 1024.0 0.0 0.0 0.0 0.0 0.0 1.0 1024.0 0.0 0.0 0.0 0.0 0.0 38.0 26.947368421052634 0.0 0.0 0.0 0.0 0.0 1.0 1024.0 0.0 0.0 0.0 0.0 0.0 1.0 1024.0 0.0 0.0 0.0 0.0 0.0 38.0 26.947368421052634 0.0 0.0 0.0 0.0 0.0 1.0 1024.0 
50.000515032786886 1.5921454247767017 1.254721154176023 4.6261065484396156 0.0 25.750382091332707 110.0 9.309090909090905 2.7815327414540487 4.011803850600772 13.834661177334347 0.0 15.439736925933449 56.0 18.285714285714292 1.2311857372553756 0.9549653136195707 3.4836138576524758 0.0 26.401365924267775 136.0 7.529411764705894 1.6357250214345256 1.2610393526935104 4.6261065484396156 0.0 26.626545628000805 115.0 8.904347826086953 2.6615009901835487 3.9347442952702876 13.241912419968985 0.0 15.252838779176097 59.0 17.355932203389827 1.3100826406877266 0.9021036675913082 3.332808309342373 0.0 26.54644212553089 141.0 7.262411347517723 1.7339169943934523 1.3229069382088277 5.6352774948562505 0.0 27.283430848830488 110.0 9.309090909090905 3.8649473481133176 6.466106547867601 24.628416408678792 0.0 21.257994108536618 46.0 22.260869565217398 1.376168077648534 1.004078070127557 3.6016230121356916 0.0 26.317261371836107 129.0 7.937984496124019 0.0 0.0 0.0 0.0 0.0 1.0 1024.0 0.0 0.0 0.0 0.0 0.0 38.0 26.947368421052634 0.0 0.0 0.0 0.0 0.0 1.0 1024.0 0.0 0.0 0.0 0.0 0.0 1.0 1024.0 0.0 0.0 0.0 0.0 0.0 38.0 26.947368421052634 0.0 0.0 0.0 0.0 0.0 1.0 1024.0 0.0 0.0 0.0 0.0 0.0 1.0 1024.0 0.0 0.0 0.0 0.0 0.0 38.0 26.947368421052634 0.0 0.0 0.0 0.0 0.0 1.0 1024.0 1.6449098346991593 1.2470868697121802 4.805157531375327 0.0 25.970032222908127 163.0 6.282208588957051 4.189555025601269 4.712288748449706 15.074033345448699 0.0 18.716104158303313 56.0 18.285714285714292 1.347874664420064 0.9738784196623222 3.4864782878754865 0.0 25.847502558701688 188.0 5.446808510638296 1.6256074910521767 1.227343819738808 4.805157531375327 0.0 26.354419459346154 168.0 6.095238095238097 4.623389552209654 4.626418050729 15.166946884958433 0.0 19.60975946760939 50.0 20.48 1.3292287547958408 0.9399290650263957 3.355582661291501 0.0 25.970078929493052 201.0 5.094527363184075 1.7353301959929688 1.3753982858704152 5.869339320126588 0.0 27.08911355047484 156.0 6.564102564102573 6.456434469307724 8.513328788650053 28.568402560419546 0.0 23.341183625825785 45.0 22.755555555555553 1.4578118767625312 1.0085357521023361 3.9592310638267834 0.0 25.29034936693409 177.0 5.785310734463273 1.4821718997126845 3.7743625924153417 41.78745222094094 0.0 29.348448643212514 638.0 1.6050156739811945 24.07319097332853 10.878977035411614 36.9901087825193 0.0 13.537096399266316 42.0 24.380952380952376 0.67316311656262 1.058939836325291 4.365364986724842 0.0 29.23826360004977 667.0 1.535232383808098 1.4169618569110516 3.4117222292526472 32.874741622928155 0.0 29.45164062088824 644.0 1.5900621118012397 26.413959054522664 9.991545507772553 41.631810312897706 0.0 9.48347659176922 38.0 26.947368421052634 0.6580914509313256 1.0264785295261905 3.5217069291965686 0.0 29.384316693613304 680.0 1.505882352941178 1.3946511866458113 3.502690858301952 45.01462284090048 0.0 29.345482224521774 641.0 1.5975039001560107 28.13662262744742 5.58675950686399 35.76295777937128 0.0 7.64368178375316 36.0 28.44444444444444 0.6977944404766012 1.0905571814145025 4.365364986724842 0.0 29.32950224089589 666.0 1.5375375375375404 0.0 0.0 0.0 0.0 0.0 1.0 1024.0 0.0 0.0 0.0 0.0 0.0 38.0 26.947368421052634 0.0 0.0 0.0 0.0 0.0 1.0 1024.0 0.0 0.0 0.0 0.0 0.0 1.0 1024.0 0.0 0.0 0.0 0.0 0.0 38.0 26.947368421052634 0.0 0.0 0.0 0.0 0.0 1.0 1024.0 0.0 0.0 0.0 0.0 0.0 1.0 1024.0 0.0 0.0 0.0 0.0 0.0 38.0 26.947368421052634 0.0 0.0 0.0 0.0 0.0 1.0 1024.0 
51.000515032786886 1.5937430387474951 1.2523286804760578 4.6261065484396156 0.0 25.768078986898043 110.0 9.309090909090905 2.785947863123937 4.01235176410791 13.834661177334347 0.0 15.391388095449953 56.0 18.285714285714292 1.2521350514766514 0.947314221871192 3.4836138576524758 0.0 26.333218965969472 134.0 7.641791044776112 1.6672937406802393 1.2500803775404516 4.6261065484396156 0.0 26.575877588618475 114.0 8.982456140350862 3.0219985344749825 4.060864568891583 13.241912419968985 0.0 15.977261101558385 52.0 19.692307692307697 1.3473102745959085 0.8878591020186037 3.332808309342373 0.0 26.342452425442982 137.0 7.474452554744532 1.6734486756480222 1.3442091642574883 5.6352774948562505 0.0 27.257709848062188 113.0 9.061946902654856 3.8649473481133176 6.466106547867601 24.628416408678792 0.0 21.257994108536618 46.0 22.260869565217398 1.3668061711533486 1.00890706816475 3.6016230121356916 0.0 26.386920861992376 130.0 7.876923076923095 0.0 0.0 0.0 0.0 0.0 1.0 1024.0 0.0 0.0 0.0 0.0 0.0 38.0 26.947368421052634 0.0 0.0 0.0 0.0 0.0 1.0 1024.0 0.0 0.0 0.0 0.0 0.0 1.0 1024.0 0.0 0.0 0.0 0.0 0.0 38.0 26.947368421052634 0.0 0.0 0.0 0.0 0.0 1.0 1024.0 0.0 0.0 0.0 0.0 0.0 1.0 1024.0 0.0 0.0 0.0 0.0 0.0 38.0 26.947368421052634 0.0 0.0 0.0 0.0 0.0 1.0 1024.0 1.6529544276346022 1.2452240263975358 4.805157531375327 0.0 25.94243663901857 162.0 6.320987654320978 4.495531000121396 4.74744387950634 15.074033345448699 0.0 19.186776934621534 52.0 19.692307692307697 1.34643138054984 0.9755897646735066 3.4864782878754865 0.0 25.847161929174028 188.0 5.446808510638296 1.6253720593372747 1.2275683170786371 4.805157531375327 0.0 26.356776765515068 168.0 6.095238095238098 4.623389552209654 4.626418050729 15.166946884958433 0.0 19.60975946760939 50.0 20.48 1.3523034312707174 0.9361943335129415 3.355582661291501 0.0 25.89925597859008 199.0 5.145728643216086 1.7468310071716953 1.3729536403419544 5.869339320126588 0.0 27.00017793397992 155.0 6.6064516129032205 6.456434469307724 8.513328788650053 28.568402560419546 0.0 23.341183625825785 45.0 22.755555555555553 1.4578118767625312 1.0085357521023361 3.9592310638267834 0.0 25.29034936693409 177.0 5.785310734463273 1.4821718997126845 3.7743625924153417 41.78745222094094 0.0 29.348448643212514 638.0 1.6050156739811945 24.07319097332853 10.878977035411614 36.9901087825193 0.0 13.537096399266316 42.0 24.380952380952376 0.67316311656262 1.058939836325291 4.365364986724842 0.0 29.23826360004977 667.0 1.535232383808098 1.4169618569110516 3.4117222292526472 32.874741622928155 0.0 29.45164062088824 644.0 1.5900621118012397 26.413959054522664 9.991545507772553 41.631810312897706 0.0 9.48347659176922 38.0 26.947368421052634 0.6580914509313256 1.0264785295261905 3.5217069291965686 0.0 29.384316693613304 680.0 1.505882352941178 1.3946511866458113 3.502690858301952 45.01462284090048 0.0 29.345482224521774 641.0 1.5975039001560107 28.13662262744742 5.58675950686399 35.76295777937128 0.0 7.64368178375316 36.0 28.44444444444444 0.6977944404766012 1.0905571814145025 4.365364986724842 0.0 29.32950224089589 666.0 1.5375375375375404 0.0 0.0 0.0 0.0 0.0 1.0 1024.0 0.0 0.0 0.0 0.0 0.0 38.0 26.947368421052634 0.0 0.0 0.0 0.0 0.0 1.0 1024.0 0.0 0.0 0.0 0.0 0.0 1.0 1024.0 0.0 0.0 0.0 0.0 0.0 38.0 26.947368421052634 0.0 0.0 0.0 0.0 0.0 1.0 1024.0 0.0 0.0 0.0 0.0 0.0 1.0 1024.0 0.0 0.0 0.0 0.0 0.0 38.0 26.947368421052634 0.0 0.0 0.0 0.0 0.0 1.0 1024.0 
52.000515032786886 1.6116654621535769 1.2473342339496536 4.6261065484396156 0.0 25.804524834941216 110.0 9.309090909090905 2.528008655342301 3.897931893630442 13.834661177334347 0.0 14.765263115077909 62.0 16.516129032258075 1.2673988439278883 0.9455473060169663 3.4836138576524758 0.0 26.249225811789877 132.0 7.757575757575764 1.6731432030226436 1.2493382919756078 4.6261065484396156 0.0 26.590067977772364 113.0 9.061946902654856 3.2063147682307673 4.113409238360339 13.241912419968985 0.0 16.312392093283513 49.0 20.89795918367347 1.346904529331354 0.888381201016753 3.332808309342373 0.0 26.349237211865418 137.0 7.474452554744532 1.6986021273436667 1.3319196963168172 5.6352774948562505 0.0 27.272216105532724 112.0 9.14285714285713 3.8649473481133176 6.466106547867601 24.628416408678792 0.0 21.257994108536618 46.0 22.260869565217398 1.3757535441794833 1.002206740487418 3.6016230121356916 0.0 26.379173209613242 130.0 7.876923076923094 0.0 0.0 0.0 0.0 0.0 1.0 1024.0 0.0 0.0 0.0 0.0 0.0 38.0 26.947368421052634 0.0 0.0 0.0 0.0 0.0 1.0 1024.0 0.0 0.0 0.0 0.0 0.0 1.0 1024.0 0.0 0.0 0.0 0.0 0.0 38.0 26.947368421052634 0.0 0.0 0.0 0.0 0.0 1.0 1024.0 0.0 0.0 0.0 0.0 0.0 1.0 1024.0 0.0 0.0 0.0 0.0 0.0 38.0 26.947368421052634 0.0 0.0 0.0 0.0 0.0 1.0 1024.0 1.6494770169534143 1.2482247790001189 4.805157531375327 0.0 25.943372319294202 162.0 6.320987654320978 4.408153991367047 4.7431673526593 15.074033345448699 0.0 19.198461464369778 53.0 19.320754716981135 1.3393376956414078 0.9776614904349099 3.4864782878754865 0.0 25.90777807299611 189.0 5.417989417989418 1.6358602958735893 1.224443944966582 4.805157531375327 0.0 26.2718206731264 167.0 6.1317365269461135 4.623389552209654 4.626418050729 15.166946884958433 0.0 19.60975946760939 50.0 20.48 1.3395467206340712 0.9267198680833286 3.355582661291501 0.0 25.89897856271659 198.0 5.171717171717169 1.7432919171836205 1.372102108449902 5.869339320126588 0.0 27.033153816668072 155.0 6.6064516129032205 6.456434469307724 8.513328788650053 28.568402560419546 0.0 23.341183625825785 45.0 22.755555555555553 1.457301637313456 1.0090029214615186 3.9592310638267834 0.0 25.29029344056563 177.0 5.785310734463273 1.4821718997126845 3.7743625924153417 41.78745222094094 0.0 29.348448643212514 638.0 1.6050156739811945 24.07319097332853 10.878977035411614 36.9901087825193 0.0 13.537096399266316 42.0 24.380952380952376 0.67316311656262 1.058939836325291 4.365364986724842 0.0 29.23826360004977 667.0 1.535232383808098 1.4169618569110516 3.4117222292526472 32.874741622928155 0.0 29.45164062088824 644.0 1.5900621118012397 26.413959054522664 9.991545507772553 41.631810312897706 0.0 9.48347659176922 38.0 26.947368421052634 0.6580914509313256 1.0264785295261905 3.5217069291965686 0.0 29.384316693613304 680.0 1.505882352941178 1.3946511866458113 3.502690858301952 45.01462284090048 0.0 29.345482224521774 641.0 1.5975039001560107 28.13662262744742 5.58675950686399 35.76295777937128 0.0 7.64368178375316 36.0 28.44444444444444 0.6977944404766012 1.0905571814145025 4.365364986724842 0.0 29.32950224089589 666.0 1.5375375375375404 0.0 0.0 0.0 0.0 0.0 1.0 1024.0 0.0 0.0 0.0 0.0 0.0 38.0 26.947368421052634 0.0 0.0 0.0 0.0 0.0 1.0 1024.0 0.0 0.0 0.0 0.0 0.0 1.0 1024.0 0.0 0.0 0.0 0.0 0.0 38.0 26.947368421052634 0.0 0.0 0.0 0.0 0.0 1.0 1024.0 0.0 0.0 0.0 0.0 0.0 1.0 1024.0 0.0 0.0 0.0 0.0 0.0 38.0 26.947368421052634 0.0 0.0 0.0 0.0 0.0 1.0 1024.0 
53.000515032786886 1.5974499344189994 1.248225937072301 4.6261065484396156 0.0 25.885937963952372 111.0 9.225225225225214 2.6231588936263104 3.9275227573941076 13.834661177334347 0.0 15.021011795931658 60.0 17.06666666666667 1.2961721749789838 0.9368739175968192 3.4836138576524758 0.0 26.097063002571396 129.0 7.937984496124021 1.7031777898994964 1.240183466454449 4.6261065484396156 0.0 26.495023073696046 111.0 9.225225225225216 3.2108678311444296 4.114248576811646 13.241912419968985 0.0 16.310928040262407 49.0 20.89795918367347 1.3196924695209942 0.9035655418633548 3.332808309342373 0.0 26.4408570326457 139.0 7.366906474820136 1.7280936837625047 1.3273784765338734 5.6352774948562505 0.0 27.313089773135452 110.0 9.309090909090905 3.8649473481133176 6.466106547867601 24.628416408678792 0.0 21.257994108536618 46.0 22.260869565217398 1.3758085108261386 1.0021759747908747 3.6016230121356916 0.0 26.379226877129234 130.0 7.876923076923094 0.0 0.0 0.0 0.0 0.0 1.0 1024.0 0.0 0.0 0.0 0.0 0.0 38.0 26.947368421052634 0.0 0.0 0.0 0.0 0.0 1.0 1024.0 0.0 0.0 0.0 0.0 0.0 1.0 1024.0 0.0 0.0 0.0 0.0 0.0 38.0 26.947368421052634 0.0 0.0 0.0 0.0 0.0 1.0 1024.0 0.0 0.0 0.0 0.0 0.0 1.0 1024.0 0.0 0.0 0.0 0.0 0.0 38.0 26.947368421052634 0.0 0.0 0.0 0.0 0.0 1.0 1024.0 1.6350836564570668 1.255601304895346 4.805157531375327 0.0 26.006099432561214 163.0 6.28220858895705 4.248076515880943 4.728216086149777 15.074033345448699 0.0 19.073480172214076 55.0 18.618181818181814 1.30434928623651 0.9873453177207374 3.4864782878754865 0.0 26.179210917591824 194.0 5.278350515463915 1.6338378215442848 1.2259788620559084 4.805157531375327 0.0 26.264801128344697 167.0 6.1317365269461135 4.623389552209654 4.626418050729 15.166946884958433 0.0 19.60975946760939 50.0 20.48 1.345784136166349 0.9232088950960613 3.355582661291501 0.0 25.91683561011603 198.0 5.171717171717169 1.7442405808073367 1.3750105140346058 5.869339320126588 0.0 27.023011593170832 155.0 6.6064516129032205 6.456434469307724 8.513328788650053 28.568402560419546 0.0 23.341183625825785 45.0 22.755555555555553 1.4564540104506067 1.0100353021087514 3.9592310638267834 0.0 25.289914081137365 177.0 5.785310734463273 1.4821718997126845 3.7743625924153417 41.78745222094094 0.0 29.348448643212514 638.0 1.6050156739811945 24.07319097332853 10.878977035411614 36.9901087825193 0.0 13.537096399266316 42.0 24.380952380952376 0.67316311656262 1.058939836325291 4.365364986724842 0.0 29.23826360004977 667.0 1.535232383808098 1.4169618569110516 3.4117222292526472 32.874741622928155 0.0 29.45164062088824 644.0 1.5900621118012397 26.413959054522664 9.991545507772553 41.631810312897706 0.0 9.48347659176922 38.0 26.947368421052634 0.6580914509313256 1.0264785295261905 3.5217069291965686 0.0 29.384316693613304 680.0 1.505882352941178 1.3946511866458113 3.502690858301952 45.01462284090048 0.0 29.345482224521774 641.0 1.5975039001560107 28.13662262744742 5.58675950686399 35.76295777937128 0.0 7.64368178375316 36.0 28.44444444444444 0.6977944404766012 1.0905571814145025 4.365364986724842 0.0 29.32950224089589 666.0 1.5375375375375404 0.0 0.0 0.0 0.0 0.0 1.0 1024.0 0.0 0.0 0.0 0.0 0.0 38.0 26.947368421052634 0.0 0.0 0.0 0.0 0.0 1.0 1024.0 0.0 0.0 0.0 0.0 0.0 1.0 1024.0 0.0 0.0 0.0 0.0 0.0 38.0 26.947368421052634 0.0 0.0 0.0 0.0 0.0 1.0 1024.0 0.0 0.0 0.0 0.0 0.0 1.0 1024.0 0.0 0.0 0.0 0.0 0.0 38.0 26.947368421052634 0.0 0.0 0.0 0.0 0.0 1.0 1024.0 
54.000515032786886 1.549174176845761 1.2585441014923053 4.6261065484396156 0.0 25.975955845516605 114.0 8.98245614035086 2.522745395158498 3.899822974759248 13.834661177334347 0.0 14.843964658549647 62.0 16.516129032258075 1.2964252385283903 0.9367897441138627 3.4836138576524758 0.0 26.098735557340703 129.0 7.937984496124021 1.7027916961080476 1.240568189942316 4.6261065484396156 0.0 26.497311461360248 111.0 9.225225225225216 3.215174161356519 4.115440220494991 13.241912419968985 0.0 16.309553926498698 49.0 20.89795918367347 1.3290139049502285 0.8999634803756008 3.332808309342373 0.0 26.416069666916293 138.0 7.420289855072476 1.7293594518811124 1.3279655516313082 5.6352774948562505 0.0 27.30577263912549 110.0 9.309090909090905 3.8649473481133176 6.466106547867601 24.628416408678792 0.0 21.257994108536618 46.0 22.260869565217398 1.3645342019730318 1.0059818526896092 3.6016230121356916 0.0 26.432056273160132 131.0 7.81679389312976 0.0 0.0 0.0 0.0 0.0 1.0 1024.0 0.0 0.0 0.0 0.0 0.0 38.0 26.947368421052634 0.0 0.0 0.0 0.0 0.0 1.0 1024.0 0.0 0.0 0.0 0.0 0.0 1.0 1024.0 0.0 0.0 0.0 0.0 0.0 38.0 26.947368421052634 0.0 0.0 0.0 0.0 0.0 1.0 1024.0 0.0 0.0 0.0 0.0 0.0 1.0 1024.0 0.0 0.0 0.0 0.0 0.0 38.0 26.947368421052634 0.0 0.0 0.0 0.0 0.0 1.0 1024.0 1.619033689433324 1.2585013068265474 4.805157531375327 0.0 26.033373035238235 164.0 6.243902439024386 4.493164564012226 4.748498948868418 15.074033345448699 0.0 19.257378195833553 52.0 19.692307692307697 1.3110787370000654 0.9850928632111494 3.4864782878754865 0.0 26.13384569497245 193.0 5.30569948186529 1.6334290268232319 1.2263651207013184 4.805157531375327 0.0 26.262590775291304 167.0 6.1317365269461135 4.623389552209654 4.626418050729 15.166946884958433 0.0 19.60975946760939 50.0 20.48 1.3301357183219582 0.9311494122887197 3.355582661291501 0.0 25.943187443403527 200.0 5.1199999999999966 1.7652562325022236 1.3715139511119916 5.869339320126588 0.0 26.873969576123134 153.0 6.69281045751635 6.599812247510329 8.555497930014969 28.568402560419546 0.0 23.60727266036167 44.0 23.272727272727266 1.4564540104506067 1.0100353021087514 3.9592310638267834 0.0 25.289914081137365 177.0 5.785310734463273 1.4821718997126845 3.7743625924153417 41.78745222094094 0.0 29.348448643212514 638.0 1.6050156739811945 24.07319097332853 10.878977035411614 36.9901087825193 0.0 13.537096399266316 42.0 24.380952380952376 0.67316311656262 1.058939836325291 4.365364986724842 0.0 29.23826360004977 667.0 1.535232383808098 1.4169618569110516 3.4117222292526472 32.874741622928155 0.0 29.45164062088824 644.0 1.5900621118012397 26.413959054522664 9.991545507772553 41.631810312897706 0.0 9.48347659176922 38.0 26.947368421052634 0.6580914509313256 1.0264785295261905 3.5217069291965686 0.0 29.384316693613304 680.0 1.505882352941178 1.3946511866458113 3.502690858301952 45.01462284090048 0.0 29.345482224521774 641.0 1.5975039001560107 28.13662262744742 5.58675950686399 35.76295777937128 0.0 7.64368178375316 36.0 28.44444444444444 0.6977944404766012 1.0905571814145025 4.365364986724842 0.0 29.32950224089589 666.0 1.5375375375375404 0.0 0.0 0.0 0.0 0.0 1.0 1024.0 0.0 0.0 0.0 0.0 0.0 38.0 26.947368421052634 0.0 0.0 0.0 0.0 0.0 1.0 1024.0 0.0 0.0 0.0 0.0 0.0 1.0 1024.0 0.0 0.0 0.0 0.0 0.0 38.0 26.947368421052634 0.0 0.0 0.0 0.0 0.0 1.0 1024.0 0.0 0.0 0.0 0.0 0.0 1.0 1024.0 0.0 0.0 0.0 0.0 0.0 38.0 26.947368421052634 0.0 0.0 0.0 0.0 0.0 1.0 1024.0 
55.000515032786886 1.5377431159153003 1.2679140139113476 4.6261065484396156 0.0 25.909205776508546 114.0 8.98245614035086 2.693666279195954 3.9764872308000316 13.834661177334347 0.0 15.24402239767646 58.0 17.655172413793096 1.2960650898977846 0.9375525604436286 3.4836138576524758 0.0 26.10184818370745 129.0 7.937984496124021 1.7005022308409254 1.2432698680094416 4.6261065484396156 0.0 26.499414339464526 111.0 9.225225225225216 3.215174161356519 4.115440220494991 13.241912419968985 0.0 16.309553926498698 49.0 20.89795918367347 1.3385846174532492 0.8961729955809538 3.332808309342373 0.0 26.374459967515108 137.0 7.474452554744532 1.7045059073338493 1.3241471643880096 5.6352774948562505 0.0 27.279173370733183 110.0 9.309090909090905 3.8649473481133176 6.466106547867601 24.628416408678792 0.0 21.257994108536618 46.0 22.260869565217398 1.3718326742025824 1.005821732638717 3.6016230121356916 0.0 26.363471525624803 130.0 7.876923076923094 0.0 0.0 0.0 0.0 0.0 1.0 1024.0 0.0 0.0 0.0 0.0 0.0 38.0 26.947368421052634 0.0 0.0 0.0 0.0 0.0 1.0 1024.0 0.0 0.0 0.0 0.0 0.0 1.0 1024.0 0.0 0.0 0.0 0.0 0.0 38.0 26.947368421052634 0.0 0.0 0.0 0.0 0.0 1.0 1024.0 0.0 0.0 0.0 0.0 0.0 1.0 1024.0 0.0 0.0 0.0 0.0 0.0 38.0 26.947368421052634 0.0 0.0 0.0 0.0 0.0 1.0 1024.0 1.6507283970575395 1.248440272081072 4.805157531375327 0.0 25.961830300529186 162.0 6.320987654320978 4.58106600659779 4.752829121290701 15.074033345448699 0.0 19.31325074437748 51.0 20.078431372549023 1.3167771971485087 0.9841174203908197 3.4864782878754865 0.0 26.079241359526332 192.0 5.333333333333329 1.6341277861699808 1.2262829162376692 4.805157531375327 0.0 26.26197841498184 167.0 6.1317365269461135 4.623389552209654 4.626418050729 15.166946884958433 0.0 19.60975946760939 50.0 20.48 1.3408961141401787 0.9275587239539539 3.355582661291501 0.0 25.968120771190417 200.0 5.1199999999999966 1.7671120694058593 1.3704477722433095 5.869339320126588 0.0 26.87587837370314 153.0 6.69281045751635 6.599812247510329 8.555497930014969 28.568402560419546 0.0 23.60727266036167 44.0 23.272727272727266 1.4564540104506067 1.0100353021087514 3.9592310638267834 0.0 25.289914081137365 177.0 5.785310734463273 1.4821718997126845 3.7743625924153417 41.78745222094094 0.0 29.348448643212514 638.0 1.6050156739811945 24.07319097332853 10.878977035411614 36.9901087825193 0.0 13.537096399266316 42.0 24.380952380952376 0.67316311656262 1.058939836325291 4.365364986724842 0.0 29.23826360004977 667.0 1.535232383808098 1.4169618569110516 3.4117222292526472 32.874741622928155 0.0 29.45164062088824 644.0 1.5900621118012397 26.413959054522664 9.991545507772553 41.631810312897706 0.0 9.48347659176922 38.0 26.947368421052634 0.6580914509313256 1.0264785295261905 3.5217069291965686 0.0 29.384316693613304 680.0 1.505882352941178 1.3946511866458113 3.502690858301952 45.01462284090048 0.0 29.345482224521774 641.0 1.5975039001560107 28.13662262744742 5.58675950686399 35.76295777937128 0.0 7.64368178375316 36.0 28.44444444444444 0.6977944404766012 1.0905571814145025 4.365364986724842 0.0 29.32950224089589 666.0 1.5375375375375404 0.0 0.0 0.0 0.0 0.0 1.0 1024.0 0.0 0.0 0.0 0.0 0.0 38.0 26.947368421052634 0.0 0.0 0.0 0.0 0.0 1.0 1024.0 0.0 0.0 0.0 0.0 0.0 1.0 1024.0 0.0 0.0 0.0 0.0 0.0 38.0 26.947368421052634 0.0 0.0 0.0 0.0 0.0 1.0 1024.0 0.0 0.0 0.0 0.0 0.0 1.0 1024.0 0.0 0.0 0.0 0.0 0.0 38.0 26.947368421052634 0.0 0.0 0.0 0.0 0.0 1.0 1024.0 
56.000515032786886 1.5683685359645285 1.2585321651850851 4.6261065484396156 0.0 25.893455487274384 112.0 9.142857142857128 2.5851762556071063 3.9499077529149185 13.834661177334347 0.0 15.023974830146091 60.0 17.06666666666667 1.296268844671479 0.9372210492385404 3.4836138576524758 0.0 26.10253928326754 129.0 7.937984496124021 1.700069826194573 1.2438203045155392 4.6261065484396156 0.0 26.49903921038848 111.0 9.225225225225216 3.215174161356519 4.115440220494991 13.241912419968985 0.0 16.309553926498698 49.0 20.89795918367347 1.3383276513524571 0.8964501048205951 3.332808309342373 0.0 26.374709586161856 137.0 7.474452554744532 1.7194384266064011 1.3210282588098334 5.6352774948562505 0.0 27.22024976837037 109.0 9.394495412844037 3.8649473481133176 6.466106547867601 24.628416408678792 0.0 21.257994108536618 46.0 22.260869565217398 1.3718675411841341 1.0057961221322402 3.6016230121356916 0.0 26.363663545873738 130.0 7.876923076923094 0.0 0.0 0.0 0.0 0.0 1.0 1024.0 0.0 0.0 0.0 0.0 0.0 38.0 26.947368421052634 0.0 0.0 0.0 0.0 0.0 1.0 1024.0 0.0 0.0 0.0 0.0 0.0 1.0 1024.0 0.0 0.0 0.0 0.0 0.0 38.0 26.947368421052634 0.0 0.0 0.0 0.0 0.0 1.0 1024.0 0.0 0.0 0.0 0.0 0.0 1.0 1024.0 0.0 0.0 0.0 0.0 0.0 38.0 26.947368421052634 0.0 0.0 0.0 0.0 0.0 1.0 1024.0 1.6553306016788742 1.2465423055211082 4.805157531375327 0.0 26.10107577460517 163.0 6.282208588957052 4.58106600659779 4.752829121290701 15.074033345448699 0.0 19.31325074437748 51.0 20.078431372549023 1.3100784010145767 0.9857805039503508 3.4864782878754865 0.0 26.110646758769708 193.0 5.30569948186529 1.6344921182456782 1.2265455722793215 4.805157531375327 0.0 26.26428217145006 167.0 6.1317365269461135 4.623389552209654 4.626418050729 15.166946884958433 0.0 19.60975946760939 50.0 20.48 1.3429891336535928 0.9221968650287584 3.355582661291501 0.0 25.967113333518043 199.0 5.145728643216085 1.739232400286547 1.3805323986436797 5.869339320126588 0.0 27.049861120097464 155.0 6.60645161290322 6.599812247510329 8.555497930014969 28.568402560419546 0.0 23.60727266036167 44.0 23.272727272727266 1.4564540104506067 1.0100353021087514 3.9592310638267834 0.0 25.289914081137365 177.0 5.785310734463273 1.4821718997126845 3.7743625924153417 41.78745222094094 0.0 29.348448643212514 638.0 1.6050156739811945 24.07319097332853 10.878977035411614 36.9901087825193 0.0 13.537096399266316 42.0 24.380952380952376 0.67316311656262 1.058939836325291 4.365364986724842 0.0 29.23826360004977 667.0 1.535232383808098 1.4169618569110516 3.4117222292526472 32.874741622928155 0.0 29.45164062088824 644.0 1.5900621118012397 26.413959054522664 9.991545507772553 41.631810312897706 0.0 9.48347659176922 38.0 26.947368421052634 0.6580914509313256 1.0264785295261905 3.5217069291965686 0.0 29.384316693613304 680.0 1.505882352941178 1.3946511866458113 3.502690858301952 45.01462284090048 0.0 29.345482224521774 641.0 1.5975039001560107 28.13662262744742 5.58675950686399 35.76295777937128 0.0 7.64368178375316 36.0 28.44444444444444 0.6977944404766012 1.0905571814145025 4.365364986724842 0.0 29.32950224089589 666.0 1.5375375375375404 0.0 0.0 0.0 0.0 0.0 1.0 1024.0 0.0 0.0 0.0 0.0 0.0 38.0 26.947368421052634 0.0 0.0 0.0 0.0 0.0 1.0 1024.0 0.0 0.0 0.0 0.0 0.0 1.0 1024.0 0.0 0.0 0.0 0.0 0.0 38.0 26.947368421052634 0.0 0.0 0.0 0.0 0.0 1.0 1024.0 0.0 0.0 0.0 0.0 0.0 1.0 1024.0 0.0 0.0 0.0 0.0 0.0 38.0 26.947368421052634 0.0 0.0 0.0 0.0 0.0 1.0 1024.0 
57.000515032786886 1.591751788927502 1.2504733420728293 4.6261065484396156 0.0 25.904199672419757 111.0 9.225225225225214 2.87552455520221 4.0633442169351035 13.834661177334347 0.0 15.639513139860648 54.0 18.962962962962962 1.2851657648009724 0.9413171548169416 3.4836138576524758 0.0 26.159100958652623 130.0 7.87692307692309 1.6991264890824975 1.2450245904990709 4.6261065484396156 0.0 26.498421489384317 111.0 9.225225225225216 3.215174161356519 4.115440220494991 13.241912419968985 0.0 16.309553926498698 49.0 20.89795918367347 1.3382703535980822 0.8964964470726194 3.332808309342373 0.0 26.374779120784286 137.0 7.474452554744532 1.7189535810438437 1.3211855878233136 5.6352774948562505 0.0 27.223232298302168 109.0 9.394495412844037 3.8649473481133176 6.466106547867601 24.628416408678792 0.0 21.257994108536618 46.0 22.260869565217398 1.372209588437042 1.0055866856897047 3.6016230121356916 0.0 26.36436161529183 130.0 7.876923076923094 0.0 0.0 0.0 0.0 0.0 1.0 1024.0 0.0 0.0 0.0 0.0 0.0 38.0 26.947368421052634 0.0 0.0 0.0 0.0 0.0 1.0 1024.0 0.0 0.0 0.0 0.0 0.0 1.0 1024.0 0.0 0.0 0.0 0.0 0.0 38.0 26.947368421052634 0.0 0.0 0.0 0.0 0.0 1.0 1024.0 0.0 0.0 0.0 0.0 0.0 1.0 1024.0 0.0 0.0 0.0 0.0 0.0 38.0 26.947368421052634 0.0 0.0 0.0 0.0 0.0 1.0 1024.0 1.6158558711269086 1.2588068340411984 4.805157531375327 0.0 26.223475033079545 167.0 6.131736526946114 4.58106600659779 4.752829121290701 15.074033345448699 0.0 19.31325074437748 51.0 20.078431372549023 1.3419901133688552 0.9781876627811534 3.4864782878754865 0.0 25.859663332647255 188.0 5.446808510638295 1.6430547148298658 1.2244483864728481 4.805157531375327 0.0 26.19421940064346 166.0 6.1686746987951775 4.623389552209654 4.626418050729 15.166946884958433 0.0 19.60975946760939 50.0 20.48 1.349566967813698 0.9211990417332793 3.355582661291501 0.0 25.977549233647665 199.0 5.145728643216085 1.7611263900121845 1.3792687639333763 5.869339320126588 0.0 26.936878874894674 153.0 6.69281045751635 6.599812247510329 8.555497930014969 28.568402560419546 0.0 23.60727266036167 44.0 23.272727272727266 1.456160319394776 1.01035032231416 3.9592310638267834 0.0 25.28984488715036 177.0 5.785310734463273 1.4821718997126845 3.7743625924153417 41.78745222094094 0.0 29.348448643212514 638.0 1.6050156739811945 24.07319097332853 10.878977035411614 36.9901087825193 0.0 13.537096399266316 42.0 24.380952380952376 0.67316311656262 1.058939836325291 4.365364986724842 0.0 29.23826360004977 667.0 1.535232383808098 1.4169618569110516 3.4117222292526472 32.874741622928155 0.0 29.45164062088824 644.0 1.5900621118012397 26.413959054522664 9.991545507772553 41.631810312897706 0.0 9.48347659176922 38.0 26.947368421052634 0.6580914509313256 1.0264785295261905 3.5217069291965686 0.0 29.384316693613304 680.0 1.505882352941178 1.3946511866458113 3.502690858301952 45.01462284090048 0.0 29.345482224521774 641.0 1.5975039001560107 28.13662262744742 5.58675950686399 35.76295777937128 0.0 7.64368178375316 36.0 28.44444444444444 0.6977944404766012 1.0905571814145025 4.365364986724842 0.0 29.32950224089589 666.0 1.5375375375375404 0.0 0.0 0.0 0.0 0.0 1.0 1024.0 0.0 0.0 0.0 0.0 0.0 38.0 26.947368421052634 0.0 0.0 0.0 0.0 0.0 1.0 1024.0 0.0 0.0 0.0 0.0 0.0 1.0 1024.0 0.0 0.0 0.0 0.0 0.0 38.0 26.947368421052634 0.0 0.0 0.0 0.0 0.0 1.0 1024.0 0.0 0.0 0.0 0.0 0.0 1.0 1024.0 0.0 0.0 0.0 0.0 0.0 38.0 26.947368421052634 0.0 0.0 0.0 0.0 0.0 1.0 1024.0 
58.000515032786886 1.5771553087915118 1.2543452011503522 4.6261065484396156 0.0 25.94522428784574 112.0 9.142857142857128 2.823153151138099 4.044325305911708 13.834661177334347 0.0 15.545088733772344 55.0 18.618181818181814 1.2945658216689224 0.9389839978462783 3.4836138576524758 0.0 26.099768835663603 129.0 7.937984496124021 1.7144870004728199 1.240083470490494 4.6261065484396156 0.0 26.428616160320683 110.0 9.309090909090905 3.215174161356519 4.115440220494991 13.241912419968985 0.0 16.309553926498698 49.0 20.89795918367347 1.3478989421859604 0.8925969828411198 3.332808309342373 0.0 26.31154477566321 136.0 7.5294117647058965 1.7175622488687763 1.3219153052164125 5.6352774948562505 0.0 27.22550741904649 109.0 9.394495412844037 3.8649473481133176 6.466106547867601 24.628416408678792 0.0 21.257994108536618 46.0 22.260869565217398 1.3916901300502829 1.0000428764828955 3.6016230121356916 0.0 26.237428304479756 128.0 8.0 0.0 0.0 0.0 0.0 0.0 1.0 1024.0 0.0 0.0 0.0 0.0 0.0 38.0 26.947368421052634 0.0 0.0 0.0 0.0 0.0 1.0 1024.0 0.0 0.0 0.0 0.0 0.0 1.0 1024.0 0.0 0.0 0.0 0.0 0.0 38.0 26.947368421052634 0.0 0.0 0.0 0.0 0.0 1.0 1024.0 0.0 0.0 0.0 0.0 0.0 1.0 1024.0 0.0 0.0 0.0 0.0 0.0 38.0 26.947368421052634 0.0 0.0 0.0 0.0 0.0 1.0 1024.0 1.6354625262391138 1.2582927047899992 4.805157531375327 0.0 26.19947186390527 165.0 6.206060606060606 4.58106600659779 4.752829121290701 15.074033345448699 0.0 19.31325074437748 51.0 20.078431372549023 1.3555772680709224 0.9741659124345097 3.4864782878754865 0.0 25.735889582175755 186.0 5.5053763440860255 1.6399865413726962 1.2271092396695582 4.805157531375327 0.0 26.19022979482504 166.0 6.1686746987951775 4.623389552209654 4.626418050729 15.166946884958433 0.0 19.60975946760939 50.0 20.48 1.335367106948421 0.9274055809238005 3.355582661291501 0.0 26.110457680497394 201.0 5.094527363184076 1.7876606722131585 1.3706090176385115 5.869339320126588 0.0 26.680460467946666 150.0 6.826666666666676 6.599812247510329 8.555497930014969 28.568402560419546 0.0 23.60727266036167 44.0 23.272727272727266 1.4642475723633508 1.0073928125821558 3.9592310638267834 0.0 25.19586844023507 176.0 5.818181818181823 1.4821718997126845 3.7743625924153417 41.78745222094094 0.0 29.348448643212514 638.0 1.6050156739811945 24.07319097332853 10.878977035411614 36.9901087825193 0.0 13.537096399266316 42.0 24.380952380952376 0.67316311656262 1.058939836325291 4.365364986724842 0.0 29.23826360004977 667.0 1.535232383808098 1.4169618569110516 3.4117222292526472 32.874741622928155 0.0 29.45164062088824 644.0 1.5900621118012397 26.413959054522664 9.991545507772553 41.631810312897706 0.0 9.48347659176922 38.0 26.947368421052634 0.6580914509313256 1.0264785295261905 3.5217069291965686 0.0 29.384316693613304 680.0 1.505882352941178 1.3946511866458113 3.502690858301952 45.01462284090048 0.0 29.345482224521774 641.0 1.5975039001560107 28.13662262744742 5.58675950686399 35.76295777937128 0.0 7.64368178375316 36.0 28.44444444444444 0.6977944404766012 1.0905571814145025 4.365364986724842 0.0 29.32950224089589 666.0 1.5375375375375404 0.0 0.0 0.0 0.0 0.0 1.0 1024.0 0.0 0.0 0.0 0.0 0.0 38.0 26.947368421052634 0.0 0.0 0.0 0.0 0.0 1.0 1024.0 0.0 0.0 0.0 0.0 0.0 1.0 1024.0 0.0 0.0 0.0 0.0 0.0 38.0 26.947368421052634 0.0 0.0 0.0 0.0 0.0 1.0 1024.0 0.0 0.0 0.0 0.0 0.0 1.0 1024.0 0.0 0.0 0.0 0.0 0.0 38.0 26.947368421052634 0.0 0.0 0.0 0.0 0.0 1.0 1024.0 
59.000515032786886 1.57732686876791 1.2541562512198186 4.6261065484396156 0.0 25.937131928525233 112.0 9.142857142857128 2.986522223880412 4.101211280981706 13.834661177334347 0.0 15.864779644263747 52.0 19.6923076923077 1.3048214003243734 0.9353404318771726 3.4836138576524758 0.0 26.044279316919788 128.0 8.0 1.7144776678693998 1.240093579001605 4.6261065484396156 0.0 26.428789143892065 110.0 9.309090909090905 3.215174161356519 4.115440220494991 13.241912419968985 0.0 16.309553926498698 49.0 20.89795918367347 1.3377854695242672 0.8969450563517574 3.332808309342373 0.0 26.37635838339813 137.0 7.4744525547445315 1.7002460632025693 1.3270040851092604 5.6352774948562505 0.0 27.275186618174406 110.0 9.309090909090905 3.8649473481133176 6.466106547867601 24.628416408678792 0.0 21.257994108536618 46.0 22.260869565217398 1.371472769008185 1.0062686270834247 3.6016230121356916 0.0 26.36625686767534 130.0 7.876923076923094 0.0 0.0 0.0 0.0 0.0 1.0 1024.0 0.0 0.0 0.0 0.0 0.0 38.0 26.947368421052634 0.0 0.0 0.0 0.0 0.0 1.0 1024.0 0.0 0.0 0.0 0.0 0.0 1.0 1024.0 0.0 0.0 0.0 0.0 0.0 38.0 26.947368421052634 0.0 0.0 0.0 0.0 0.0 1.0 1024.0 0.0 0.0 0.0 0.0 0.0 1.0 1024.0 0.0 0.0 0.0 0.0 0.0 38.0 26.947368421052634 0.0 0.0 0.0 0.0 0.0 1.0 1024.0 1.6590290553901867 1.250162649900441 4.805157531375327 0.0 26.09731960522984 163.0 6.282208588957053 4.58106600659779 4.752829121290701 15.074033345448699 0.0 19.31325074437748 51.0 20.078431372549023 1.3606698159239783 0.9740414699402917 3.4864782878754865 0.0 25.68183789535237 185.0 5.535135135135135 1.6399865413726962 1.2271092396695582 4.805157531375327 0.0 26.19022979482504 166.0 6.1686746987951775 4.623389552209654 4.626418050729 15.166946884958433 0.0 19.60975946760939 50.0 20.48 1.3195629513123572 0.9337203221793603 3.355582661291501 0.0 26.186083420931784 203.0 5.044334975369463 1.795713751717831 1.3752439256377538 5.869339320126588 0.0 26.680719157711923 149.0 6.872483221476516 6.599812247510329 8.555497930014969 28.568402560419546 0.0 23.60727266036167 44.0 23.272727272727266 1.4642475723633508 1.0073928125821558 3.9592310638267834 0.0 25.19586844023507 176.0 5.818181818181823 1.4821718997126845 3.7743625924153417 41.78745222094094 0.0 29.348448643212514 638.0 1.6050156739811945 24.07319097332853 10.878977035411614 36.9901087825193 0.0 13.537096399266316 42.0 24.380952380952376 0.67316311656262 1.058939836325291 4.365364986724842 0.0 29.23826360004977 667.0 1.535232383808098 1.4169618569110516 3.4117222292526472 32.874741622928155 0.0 29.45164062088824 644.0 1.5900621118012397 26.413959054522664 9.991545507772553 41.631810312897706 0.0 9.48347659176922 38.0 26.947368421052634 0.6580914509313256 1.0264785295261905 3.5217069291965686 0.0 29.384316693613304 680.0 1.505882352941178 1.3946511866458113 3.502690858301952 45.01462284090048 0.0 29.345482224521774 641.0 1.5975039001560107 28.13662262744742 5.58675950686399 35.76295777937128 0.0 7.64368178375316 36.0 28.44444444444444 0.6977944404766012 1.0905571814145025 4.365364986724842 0.0 29.32950224089589 666.0 1.5375375375375404 0.0 0.0 0.0 0.0 0.0 1.0 1024.0 0.0 0.0 0.0 0.0 0.0 38.0 26.947368421052634 0.0 0.0 0.0 0.0 0.0 1.0 1024.0 0.0 0.0 0.0 0.0 0.0 1.0 1024.0 0.0 0.0 0.0 0.0 0.0 38.0 26.947368421052634 0.0 0.0 0.0 0.0 0.0 1.0 1024.0 0.0 0.0 0.0 0.0 0.0 1.0 1024.0 0.0 0.0 0.0 0.0 0.0 38.0 26.947368421052634 0.0 0.0 0.0 0.0 0.0 1.0 1024.0 
60.000515032786886 1.6071403205259018 1.2457888726423234 4.6261065484396156 0.0 25.85242449060421 110.0 9.309090909090905 3.0508590875247634 4.120958070877382 13.834661177334347 0.0 15.972223627544874 51.0 20.078431372549026 1.316201635832791 0.9308812897311912 3.4836138576524758 0.0 25.984675386743646 127.0 8.062992125984263 1.7116569342199732 1.242134870022214 4.6261065484396156 0.0 26.429147745042716 110.0 9.309090909090905 3.215174161356519 4.115440220494991 13.241912419968985 0.0 16.309553926498698 49.0 20.89795918367347 1.3377450908981645 0.896840194057086 3.332808309342373 0.0 26.37725101342785 137.0 7.4744525547445315 1.6672043191540842 1.337140069989206 5.6352774948562505 0.0 27.35812339527433 112.0 9.14285714285713 3.8649473481133176 6.466106547867601 24.628416408678792 0.0 21.257994108536618 46.0 22.260869565217398 1.3846725678414358 0.999777907762605 3.6016230121356916 0.0 26.303137243522936 129.0 7.937984496124019 0.0 0.0 0.0 0.0 0.0 1.0 1024.0 0.0 0.0 0.0 0.0 0.0 38.0 26.947368421052634 0.0 0.0 0.0 0.0 0.0 1.0 1024.0 0.0 0.0 0.0 0.0 0.0 1.0 1024.0 0.0 0.0 0.0 0.0 0.0 38.0 26.947368421052634 0.0 0.0 0.0 0.0 0.0 1.0 1024.0 0.0 0.0 0.0 0.0 0.0 1.0 1024.0 0.0 0.0 0.0 0.0 0.0 38.0 26.947368421052634 0.0 0.0 0.0 0.0 0.0 1.0 1024.0 1.6511147521801541 1.255910362168188 4.805157531375327 0.0 26.099376697961 164.0 6.243902439024386 4.58106600659779 4.752829121290701 15.074033345448699 0.0 19.31325074437748 51.0 20.078431372549023 1.352626535370139 0.9775613633179926 3.4864782878754865 0.0 25.673339785791075 186.0 5.5053763440860255 1.6399865413726962 1.2271092396695582 4.805157531375327 0.0 26.19022979482504 166.0 6.1686746987951775 4.623389552209654 4.626418050729 15.166946884958433 0.0 19.60975946760939 50.0 20.48 1.3475062806369273 0.9218791193143192 3.355582661291501 0.0 25.97304578818051 199.0 5.145728643216085 1.77926048778081 1.383058730957584 5.869339320126588 0.0 26.767390174269707 150.0 6.826666666666676 6.599812247510329 8.555497930014969 28.568402560419546 0.0 23.60727266036167 44.0 23.272727272727266 1.4642475723633508 1.0073928125821558 3.9592310638267834 0.0 25.19586844023507 176.0 5.818181818181823 1.4821718997126845 3.7743625924153417 41.78745222094094 0.0 29.348448643212514 638.0 1.6050156739811945 24.07319097332853 10.878977035411614 36.9901087825193 0.0 13.537096399266316 42.0 24.380952380952376 0.67316311656262 1.058939836325291 4.365364986724842 0.0 29.23826360004977 667.0 1.535232383808098 1.4169618569110516 3.4117222292526472 32.874741622928155 0.0 29.45164062088824 644.0 1.5900621118012397 26.413959054522664 9.991545507772553 41.631810312897706 0.0 9.48347659176922 38.0 26.947368421052634 0.6580914509313256 1.0264785295261905 3.5217069291965686 0.0 29.384316693613304 680.0 1.505882352941178 1.3946511866458113 3.502690858301952 45.01462284090048 0.0 29.345482224521774 641.0 1.5975039001560107 28.13662262744742 5.58675950686399 35.76295777937128 0.0 7.64368178375316 36.0 28.44444444444444 0.6977944404766012 1.0905571814145025 4.365364986724842 0.0 29.32950224089589 666.0 1.5375375375375404 0.0 0.0 0.0 0.0 0.0 1.0 1024.0 0.0 0.0 0.0 0.0 0.0 38.0 26.947368421052634 0.0 0.0 0.0 0.0 0.0 1.0 1024.0 0.0 0.0 0.0 0.0 0.0 1.0 1024.0 0.0 0.0 0.0 0.0 0.0 38.0 26.947368421052634 0.0 0.0 0.0 0.0 0.0 1.0 1024.0 0.0 0.0 0.0 0.0 0.0 1.0 1024.0 0.0 0.0 0.0 0.0 0.0 38.0 26.947368421052634 0.0 0.0 0.0 0.0 0.0 1.0 1024.0 
61.000515032786886 1.604275346932129 1.2484536019496448 4.6261065484396156 0.0 25.849656332805495 110.0 9.309090909090905 3.056263059684581 4.12259513383657 13.834661177334347 0.0 15.970947686880438 51.0 20.078431372549026 1.293127270096209 0.9396584386050612 3.4836138576524758 0.0 26.101239346857685 129.0 7.93798449612402 1.7084435023939462 1.2473231002637517 4.6261065484396156 0.0 26.430137347428442 110.0 9.309090909090905 3.215174161356519 4.115440220494991 13.241912419968985 0.0 16.309553926498698 49.0 20.89795918367347 1.3378064241166443 0.8966773519525045 3.332808309342373 0.0 26.377770662249688 137.0 7.4744525547445315 1.683547614837808 1.3320219943819263 5.6352774948562505 0.0 27.322769351286205 111.0 9.225225225225216 3.8649473481133176 6.466106547867601 24.628416408678792 0.0 21.257994108536618 46.0 22.260869565217398 1.3864478182466278 0.997235401673043 3.6016230121356916 0.0 26.30578289569573 129.0 7.937984496124019 0.0 0.0 0.0 0.0 0.0 1.0 1024.0 0.0 0.0 0.0 0.0 0.0 38.0 26.947368421052634 0.0 0.0 0.0 0.0 0.0 1.0 1024.0 0.0 0.0 0.0 0.0 0.0 1.0 1024.0 0.0 0.0 0.0 0.0 0.0 38.0 26.947368421052634 0.0 0.0 0.0 0.0 0.0 1.0 1024.0 0.0 0.0 0.0 0.0 0.0 1.0 1024.0 0.0 0.0 0.0 0.0 0.0 38.0 26.947368421052634 0.0 0.0 0.0 0.0 0.0 1.0 1024.0 1.6734306627035151 1.2559511283967153 4.805157531375327 0.0 26.0429044850813 162.0 6.320987654320979 4.58106600659779 4.752829121290701 15.074033345448699 0.0 19.31325074437748 51.0 20.078431372549023 1.344834962722293 0.980674102695092 3.4864782878754865 0.0 25.735220720764957 187.0 5.475935828877006 1.6399865413726962 1.2271092396695582 4.805157531375327 0.0 26.19022979482504 166.0 6.1686746987951775 4.623389552209654 4.626418050729 15.166946884958433 0.0 19.60975946760939 50.0 20.48 1.346721349527254 0.923199979343988 3.355582661291501 0.0 25.976807578760642 199.0 5.145728643216085 1.7924292301814144 1.3803065308846139 5.869339320126588 0.0 26.68962237767301 149.0 6.872483221476516 6.599812247510329 8.555497930014969 28.568402560419546 0.0 23.60727266036167 44.0 23.272727272727266 1.4642475723633508 1.0073928125821558 3.9592310638267834 0.0 25.19586844023507 176.0 5.818181818181823 1.4821718997126845 3.7743625924153417 41.78745222094094 0.0 29.348448643212514 638.0 1.6050156739811945 24.07319097332853 10.878977035411614 36.9901087825193 0.0 13.537096399266316 42.0 24.380952380952376 0.67316311656262 1.058939836325291 4.365364986724842 0.0 29.23826360004977 667.0 1.535232383808098 1.4169618569110516 3.4117222292526472 32.874741622928155 0.0 29.45164062088824 644.0 1.5900621118012397 26.413959054522664 9.991545507772553 41.631810312897706 0.0 9.48347659176922 38.0 26.947368421052634 0.6580914509313256 1.0264785295261905 3.5217069291965686 0.0 29.384316693613304 680.0 1.505882352941178 1.3946511866458113 3.502690858301952 45.01462284090048 0.0 29.345482224521774 641.0 1.5975039001560107 28.13662262744742 5.58675950686399 35.76295777937128 0.0 7.64368178375316 36.0 28.44444444444444 0.6977944404766012 1.0905571814145025 4.365364986724842 0.0 29.32950224089589 666.0 1.5375375375375404 0.0 0.0 0.0 0.0 0.0 1.0 1024.0 0.0 0.0 0.0 0.0 0.0 38.0 26.947368421052634 0.0 0.0 0.0 0.0 0.0 1.0 1024.0 0.0 0.0 0.0 0.0 0.0 1.0 1024.0 0.0 0.0 0.0 0.0 0.0 38.0 26.947368421052634 0.0 0.0 0.0 0.0 0.0 1.0 1024.0 0.0 0.0 0.0 0.0 0.0 1.0 1024.0 0.0 0.0 0.0 0.0 0.0 38.0 26.947368421052634 0.0 0.0 0.0 0.0 0.0 1.0 1024.0 
62.000515032786886 1.6042956423537493 1.2483931045808065 4.6261065484396156 0.0 25.868779826390064 110.0 9.309090909090905 3.056263059684581 4.12259513383657 13.834661177334347 0.0 15.970947686880438 51.0 20.078431372549026 1.2936323751336298 0.9398126997022876 3.4836138576524758 0.0 26.10893132226614 129.0 7.937984496124019 1.7084435023939462 1.2473231002637517 4.6261065484396156 0.0 26.430137347428442 110.0 9.309090909090905 3.215174161356519 4.115440220494991 13.241912419968985 0.0 16.309553926498698 49.0 20.89795918367347 1.3532152126814727 0.8925655287581644 3.332808309342373 0.0 26.239389900718624 135.0 7.5851851851851775 1.6997234047220477 1.3271842059907624 5.6352774948562505 0.0 27.281069671101914 110.0 9.309090909090905 3.8649473481133176 6.466106547867601 24.628416408678792 0.0 21.257994108536618 46.0 22.260869565217398 1.3832451477081715 1.000663999080523 3.6016230121356916 0.0 26.312338193337343 129.0 7.937984496124019 0.0 0.0 0.0 0.0 0.0 1.0 1024.0 0.0 0.0 0.0 0.0 0.0 38.0 26.947368421052634 0.0 0.0 0.0 0.0 0.0 1.0 1024.0 0.0 0.0 0.0 0.0 0.0 1.0 1024.0 0.0 0.0 0.0 0.0 0.0 38.0 26.947368421052634 0.0 0.0 0.0 0.0 0.0 1.0 1024.0 0.0 0.0 0.0 0.0 0.0 1.0 1024.0 0.0 0.0 0.0 0.0 0.0 38.0 26.947368421052634 0.0 0.0 0.0 0.0 0.0 1.0 1024.0 1.6610100768843714 1.24391009246774 4.805157531375327 0.0 25.973124189423434 161.0 6.36024844720496 4.58106600659779 4.752829121290701 15.074033345448699 0.0 19.31325074437748 51.0 20.078431372549023 1.3499214459797875 0.9749912478542111 3.4864782878754865 0.0 25.757117059256927 187.0 5.475935828877005 1.6399865413726962 1.2271092396695582 4.805157531375327 0.0 26.19022979482504 166.0 6.1686746987951775 4.623389552209654 4.626418050729 15.166946884958433 0.0 19.60975946760939 50.0 20.48 1.3510782893376687 0.9233068384853854 3.355582661291501 0.0 25.91470354484024 198.0 5.171717171717169 1.8087895053415208 1.3723831676305005 5.869339320126588 0.0 26.598948435496553 148.0 6.918918918918929 6.599812247510329 8.555497930014969 28.568402560419546 0.0 23.60727266036167 44.0 23.272727272727266 1.4642475723633508 1.0073928125821558 3.9592310638267834 0.0 25.19586844023507 176.0 5.818181818181823 1.4821718997126845 3.7743625924153417 41.78745222094094 0.0 29.348448643212514 638.0 1.6050156739811945 24.07319097332853 10.878977035411614 36.9901087825193 0.0 13.537096399266316 42.0 24.380952380952376 0.67316311656262 1.058939836325291 4.365364986724842 0.0 29.23826360004977 667.0 1.535232383808098 1.4169618569110516 3.4117222292526472 32.874741622928155 0.0 29.45164062088824 644.0 1.5900621118012397 26.413959054522664 9.991545507772553 41.631810312897706 0.0 9.48347659176922 38.0 26.947368421052634 0.6580914509313256 1.0264785295261905 3.5217069291965686 0.0 29.384316693613304 680.0 1.505882352941178 1.3946511866458113 3.502690858301952 45.01462284090048 0.0 29.345482224521774 641.0 1.5975039001560107 28.13662262744742 5.58675950686399 35.76295777937128 0.0 7.64368178375316 36.0 28.44444444444444 0.6977944404766012 1.0905571814145025 4.365364986724842 0.0 29.32950224089589 666.0 1.5375375375375404 0.0 0.0 0.0 0.0 0.0 1.0 1024.0 0.0 0.0 0.0 0.0 0.0 38.0 26.947368421052634 0.0 0.0 0.0 0.0 0.0 1.0 1024.0 0.0 0.0 0.0 0.0 0.0 1.0 1024.0 0.0 0.0 0.0 0.0 0.0 38.0 26.947368421052634 0.0 0.0 0.0 0.0 0.0 1.0 1024.0 0.0 0.0 0.0 0.0 0.0 1.0 1024.0 0.0 0.0 0.0 0.0 0.0 38.0 26.947368421052634 0.0 0.0 0.0 0.0 0.0 1.0 1024.0 
63.000515032786886 1.589421263916529 1.2525070191259362 4.6261065484396156 0.0 25.890869048693443 111.0 9.225225225225214 3.056263059684581 4.12259513383657 13.834661177334347 0.0 15.970947686880438 51.0 20.078431372549026 1.3069863947808245 0.9337004994550142 3.4836138576524758 0.0 26.057643147488815 128.0 8.0 1.6939550675491528 1.2534985590729566 4.6261065484396156 0.0 26.39701806992152 111.0 9.225225225225216 3.215174161356519 4.115440220494991 13.241912419968985 0.0 16.309553926498698 49.0 20.89795918367347 1.3334745006514903 0.9007656588921051 3.332808309342373 0.0 26.382359724130513 137.0 7.4744525547445315 1.679511098802294 1.3318886040702136 5.6352774948562505 0.0 27.401789380619626 112.0 9.14285714285713 3.8649473481133176 6.466106547867601 24.628416408678792 0.0 21.257994108536618 46.0 22.260869565217398 1.3843760255652022 0.999627044330629 3.6016230121356916 0.0 26.33005747949664 129.0 7.937984496124019 0.0 0.0 0.0 0.0 0.0 1.0 1024.0 0.0 0.0 0.0 0.0 0.0 38.0 26.947368421052634 0.0 0.0 0.0 0.0 0.0 1.0 1024.0 0.0 0.0 0.0 0.0 0.0 1.0 1024.0 0.0 0.0 0.0 0.0 0.0 38.0 26.947368421052634 0.0 0.0 0.0 0.0 0.0 1.0 1024.0 0.0 0.0 0.0 0.0 0.0 1.0 1024.0 0.0 0.0 0.0 0.0 0.0 38.0 26.947368421052634 0.0 0.0 0.0 0.0 0.0 1.0 1024.0 1.664272280170847 1.2403298099121332 4.805157531375327 0.0 25.977896832656747 161.0 6.36024844720496 4.58106600659779 4.752829121290701 15.074033345448699 0.0 19.31325074437748 51.0 20.078431372549023 1.3659985964896597 0.9742020524630188 3.4864782878754865 0.0 25.623998568582333 185.0 5.535135135135135 1.640205925310383 1.226728117237766 4.805157531375327 0.0 26.190403181173924 166.0 6.1686746987951775 4.623389552209654 4.626418050729 15.166946884958433 0.0 19.60975946760939 50.0 20.48 1.3441029527731583 0.926306524746367 3.355582661291501 0.0 25.971482360624957 199.0 5.145728643216085 1.8097674451118304 1.3732604267280246 5.869339320126588 0.0 26.58517305536953 148.0 6.918918918918929 6.599812247510329 8.555497930014969 28.568402560419546 0.0 23.60727266036167 44.0 23.272727272727266 1.4642475723633508 1.0073928125821558 3.9592310638267834 0.0 25.19586844023507 176.0 5.818181818181823 1.4821718997126845 3.7743625924153417 41.78745222094094 0.0 29.348448643212514 638.0 1.6050156739811945 24.07319097332853 10.878977035411614 36.9901087825193 0.0 13.537096399266316 42.0 24.380952380952376 0.67316311656262 1.058939836325291 4.365364986724842 0.0 29.23826360004977 667.0 1.535232383808098 1.4169618569110516 3.4117222292526472 32.874741622928155 0.0 29.45164062088824 644.0 1.5900621118012397 26.413959054522664 9.991545507772553 41.631810312897706 0.0 9.48347659176922 38.0 26.947368421052634 0.6580914509313256 1.0264785295261905 3.5217069291965686 0.0 29.384316693613304 680.0 1.505882352941178 1.3946511866458113 3.502690858301952 45.01462284090048 0.0 29.345482224521774 641.0 1.5975039001560107 28.13662262744742 5.58675950686399 35.76295777937128 0.0 7.64368178375316 36.0 28.44444444444444 0.6977944404766012 1.0905571814145025 4.365364986724842 0.0 29.32950224089589 666.0 1.5375375375375404 0.0 0.0 0.0 0.0 0.0 1.0 1024.0 0.0 0.0 0.0 0.0 0.0 38.0 26.947368421052634 0.0 0.0 0.0 0.0 0.0 1.0 1024.0 0.0 0.0 0.0 0.0 0.0 1.0 1024.0 0.0 0.0 0.0 0.0 0.0 38.0 26.947368421052634 0.0 0.0 0.0 0.0 0.0 1.0 1024.0 0.0 0.0 0.0 0.0 0.0 1.0 1024.0 0.0 0.0 0.0 0.0 0.0 38.0 26.947368421052634 0.0 0.0 0.0 0.0 0.0 1.0 1024.0 
64.0005150327869 1.6037757929916925 1.2490334507662892 4.6261065484396156 0.0 25.834645204553432 110.0 9.309090909090905 3.056263059684581 4.12259513383657 13.834661177334347 0.0 15.970947686880438 51.0 20.078431372549026 1.311696454341896 0.9321958547148355 3.4836138576524758 0.0 26.05417186362571 128.0 8.0 1.693558591317784 1.2540360632028553 4.6261065484396156 0.0 26.496098822607134 111.0 9.225225225225214 3.215174161356519 4.115440220494991 13.241912419968985 0.0 16.309553926498698 49.0 20.89795918367347 1.3153369140258493 0.9067615702944384 3.332808309342373 0.0 26.51535490411106 139.0 7.366906474820135 1.7169385017823349 1.3179611805883342 5.6352774948562505 0.0 27.37705592741951 110.0 9.309090909090905 3.8649473481133176 6.466106547867601 24.628416408678792 0.0 21.257994108536618 46.0 22.260869565217398 1.3494528905130765 1.0126199653715156 3.6016230121356916 0.0 26.5630389406535 132.0 7.757575757575764 0.0 0.0 0.0 0.0 0.0 1.0 1024.0 0.0 0.0 0.0 0.0 0.0 38.0 26.947368421052634 0.0 0.0 0.0 0.0 0.0 1.0 1024.0 0.0 0.0 0.0 0.0 0.0 1.0 1024.0 0.0 0.0 0.0 0.0 0.0 38.0 26.947368421052634 0.0 0.0 0.0 0.0 0.0 1.0 1024.0 0.0 0.0 0.0 0.0 0.0 1.0 1024.0 0.0 0.0 0.0 0.0 0.0 38.0 26.947368421052634 0.0 0.0 0.0 0.0 0.0 1.0 1024.0 1.6193670444078134 1.2523714119686664 4.805157531375327 0.0 26.270724686720875 166.0 6.1686746987951775 4.58106600659779 4.752829121290701 15.074033345448699 0.0 19.31325074437748 51.0 20.078431372549023 1.3603512885483926 0.964139260198527 3.4864782878754865 0.0 25.577499471113885 183.0 5.595628415300541 1.6375013973988173 1.2281467068257794 4.805157531375327 0.0 26.194149237066224 166.0 6.1686746987951775 4.623389552209654 4.626418050729 15.166946884958433 0.0 19.60975946760939 50.0 20.48 1.335257243763705 0.9313419039852933 3.355582661291501 0.0 26.04069912216115 200.0 5.1199999999999966 1.7929789925474882 1.3743136345680296 5.869339320126588 0.0 26.570358235683162 148.0 6.918918918918929 6.599812247510329 8.555497930014969 28.568402560419546 0.0 23.60727266036167 44.0 23.272727272727266 1.4642475723633508 1.0073928125821558 3.9592310638267834 0.0 25.19586844023507 176.0 5.818181818181823 1.4821718997126845 3.7743625924153417 41.78745222094094 0.0 29.348448643212514 638.0 1.6050156739811945 24.07319097332853 10.878977035411614 36.9901087825193 0.0 13.537096399266316 42.0 24.380952380952376 0.67316311656262 1.058939836325291 4.365364986724842 0.0 29.23826360004977 667.0 1.535232383808098 1.4169618569110516 3.4117222292526472 32.874741622928155 0.0 29.45164062088824 644.0 1.5900621118012397 26.413959054522664 9.991545507772553 41.631810312897706 0.0 9.48347659176922 38.0 26.947368421052634 0.6580914509313256 1.0264785295261905 3.5217069291965686 0.0 29.384316693613304 680.0 1.505882352941178 1.3946511866458113 3.502690858301952 45.01462284090048 0.0 29.345482224521774 641.0 1.5975039001560107 28.13662262744742 5.58675950686399 35.76295777937128 0.0 7.64368178375316 36.0 28.44444444444444 0.6977944404766012 1.0905571814145025 4.365364986724842 0.0 29.32950224089589 666.0 1.5375375375375404 0.0 0.0 0.0 0.0 0.0 1.0 1024.0 0.0 0.0 0.0 0.0 0.0 38.0 26.947368421052634 0.0 0.0 0.0 0.0 0.0 1.0 1024.0 0.0 0.0 0.0 0.0 0.0 1.0 1024.0 0.0 0.0 0.0 0.0 0.0 38.0 26.947368421052634 0.0 0.0 0.0 0.0 0.0 1.0 1024.0 0.0 0.0 0.0 0.0 0.0 1.0 1024.0 0.0 0.0 0.0 0.0 0.0 38.0 26.947368421052634 0.0 0.0 0.0 0.0 0.0 1.0 1024.0 
65.0005150327869 1.6036133738425014 1.2489944351165345 4.6261065484396156 0.0 25.833393904867894 110.0 9.309090909090905 3.056263059684581 4.12259513383657 13.834661177334347 0.0 15.970947686880438 51.0 20.078431372549026 1.3187784281401984 0.9267037880631941 3.4836138576524758 0.0 26.062647381161103 128.0 8.0 1.7088610871990566 1.2493086835223646 4.6261065484396156 0.0 26.542788461692368 110.0 9.309090909090905 3.215174161356519 4.115440220494991 13.241912419968985 0.0 16.309553926498698 49.0 20.89795918367347 1.251493728711597 0.9294105132519702 3.332808309342373 0.0 26.79780069125738 146.0 7.01369863013697 1.7158994180776104 1.3187077467713515 5.6352774948562505 0.0 27.377318827811674 110.0 9.309090909090905 3.8649473481133176 6.466106547867601 24.628416408678792 0.0 21.257994108536618 46.0 22.260869565217398 1.3816601895275258 1.002032772906542 3.6016230121356916 0.0 26.331403956401182 129.0 7.937984496124019 0.0 0.0 0.0 0.0 0.0 1.0 1024.0 0.0 0.0 0.0 0.0 0.0 38.0 26.947368421052634 0.0 0.0 0.0 0.0 0.0 1.0 1024.0 0.0 0.0 0.0 0.0 0.0 1.0 1024.0 0.0 0.0 0.0 0.0 0.0 38.0 26.947368421052634 0.0 0.0 0.0 0.0 0.0 1.0 1024.0 0.0 0.0 0.0 0.0 0.0 1.0 1024.0 0.0 0.0 0.0 0.0 0.0 38.0 26.947368421052634 0.0 0.0 0.0 0.0 0.0 1.0 1024.0 1.6615646253734195 1.2385923402310823 4.805157531375327 0.0 26.042502643045854 162.0 6.320987654320981 4.58106600659779 4.752829121290701 15.074033345448699 0.0 19.31325074437748 51.0 20.078431372549023 1.3662563963316365 0.9633161697783716 3.4864782878754865 0.0 25.53861438491733 182.0 5.626373626373624 1.6376637098424152 1.228294711833092 4.805157531375327 0.0 26.19332694233774 166.0 6.1686746987951775 4.623389552209654 4.626418050729 15.166946884958433 0.0 19.60975946760939 50.0 20.48 1.340903631139409 0.9299055428216705 3.355582661291501 0.0 25.971536981951125 199.0 5.145728643216086 1.7929789925474882 1.3743136345680296 5.869339320126588 0.0 26.570358235683162 148.0 6.918918918918929 6.599812247510329 8.555497930014969 28.568402560419546 0.0 23.60727266036167 44.0 23.272727272727266 1.447295405474393 1.0137070320955006 3.9592310638267834 0.0 25.386126744909536 178.0 5.752808988764034 1.4821718997126845 3.7743625924153417 41.78745222094094 0.0 29.348448643212514 638.0 1.6050156739811945 24.07319097332853 10.878977035411614 36.9901087825193 0.0 13.537096399266316 42.0 24.380952380952376 0.67316311656262 1.058939836325291 4.365364986724842 0.0 29.23826360004977 667.0 1.535232383808098 1.4169618569110516 3.4117222292526472 32.874741622928155 0.0 29.45164062088824 644.0 1.5900621118012397 26.413959054522664 9.991545507772553 41.631810312897706 0.0 9.48347659176922 38.0 26.947368421052634 0.6580914509313256 1.0264785295261905 3.5217069291965686 0.0 29.384316693613304 680.0 1.505882352941178 1.3946511866458113 3.502690858301952 45.01462284090048 0.0 29.345482224521774 641.0 1.5975039001560107 28.13662262744742 5.58675950686399 35.76295777937128 0.0 7.64368178375316 36.0 28.44444444444444 0.6977944404766012 1.0905571814145025 4.365364986724842 0.0 29.32950224089589 666.0 1.5375375375375404 0.0 0.0 0.0 0.0 0.0 1.0 1024.0 0.0 0.0 0.0 0.0 0.0 38.0 26.947368421052634 0.0 0.0 0.0 0.0 0.0 1.0 1024.0 0.0 0.0 0.0 0.0 0.0 1.0 1024.0 0.0 0.0 0.0 0.0 0.0 38.0 26.947368421052634 0.0 0.0 0.0 0.0 0.0 1.0 1024.0 0.0 0.0 0.0 0.0 0.0 1.0 1024.0 0.0 0.0 0.0 0.0 0.0 38.0 26.947368421052634 0.0 0.0 0.0 0.0 0.0 1.0 1024.0 
66.0005150327869 1.6177487720706258 1.2457244489615897 4.6261065484396156 0.0 25.779220109142916 109.0 9.394495412844037 3.056263059684581 4.12259513383657 13.834661177334347 0.0 15.970947686880438 51.0 20.078431372549026 1.3109760347905297 0.9298892953222959 3.4836138576524758 0.0 26.049834433243504 128.0 8.0 1.7088084559448313 1.2493150509468676 4.6261065484396156 0.0 26.542869611741615 110.0 9.309090909090905 3.215174161356519 4.115440220494991 13.241912419968985 0.0 16.309553926498698 49.0 20.89795918367347 1.3142198357725863 0.908089751369147 3.332808309342373 0.0 26.469987366929324 139.0 7.366906474820136 1.7095726204114308 1.325201074559483 5.6352774948562505 0.0 27.382534509541216 110.0 9.309090909090905 3.8649473481133176 6.466106547867601 24.628416408678792 0.0 21.257994108536618 46.0 22.260869565217398 1.3930238639848331 0.9978518748517109 3.6016230121356916 0.0 26.24233450526512 128.0 8.0 0.0 0.0 0.0 0.0 0.0 1.0 1024.0 0.0 0.0 0.0 0.0 0.0 38.0 26.947368421052634 0.0 0.0 0.0 0.0 0.0 1.0 1024.0 0.0 0.0 0.0 0.0 0.0 1.0 1024.0 0.0 0.0 0.0 0.0 0.0 38.0 26.947368421052634 0.0 0.0 0.0 0.0 0.0 1.0 1024.0 0.0 0.0 0.0 0.0 0.0 1.0 1024.0 0.0 0.0 0.0 0.0 0.0 38.0 26.947368421052634 0.0 0.0 0.0 0.0 0.0 1.0 1024.0 1.662013035443266 1.238440285934873 4.805157531375327 0.0 26.033865368012265 162.0 6.320987654320981 4.58106600659779 4.752829121290701 15.074033345448699 0.0 19.31325074437748 51.0 20.078431372549023 1.369255351086228 0.9644279045183544 3.4864782878754865 0.0 25.539039803410542 182.0 5.626373626373625 1.63680874898292 1.2292254642324618 4.805157531375327 0.0 26.190996166424398 166.0 6.168674698795177 4.623389552209654 4.626418050729 15.166946884958433 0.0 19.60975946760939 50.0 20.48 1.3544444842211667 0.924998104225433 3.355582661291501 0.0 25.829442026149902 197.0 5.197969543147215 1.7929789925474882 1.3743136345680296 5.869339320126588 0.0 26.570358235683162 148.0 6.918918918918929 6.599812247510329 8.555497930014969 28.568402560419546 0.0 23.60727266036167 44.0 23.272727272727266 1.4426684346981629 1.0169085861295368 3.9592310638267834 0.0 25.381934896970506 178.0 5.752808988764034 1.4821718997126845 3.7743625924153417 41.78745222094094 0.0 29.348448643212514 638.0 1.6050156739811945 24.07319097332853 10.878977035411614 36.9901087825193 0.0 13.537096399266316 42.0 24.380952380952376 0.67316311656262 1.058939836325291 4.365364986724842 0.0 29.23826360004977 667.0 1.535232383808098 1.4169618569110516 3.4117222292526472 32.874741622928155 0.0 29.45164062088824 644.0 1.5900621118012397 26.413959054522664 9.991545507772553 41.631810312897706 0.0 9.48347659176922 38.0 26.947368421052634 0.6580914509313256 1.0264785295261905 3.5217069291965686 0.0 29.384316693613304 680.0 1.505882352941178 1.3946511866458113 3.502690858301952 45.01462284090048 0.0 29.345482224521774 641.0 1.5975039001560107 28.13662262744742 5.58675950686399 35.76295777937128 0.0 7.64368178375316 36.0 28.44444444444444 0.6977944404766012 1.0905571814145025 4.365364986724842 0.0 29.32950224089589 666.0 1.5375375375375404 0.0 0.0 0.0 0.0 0.0 1.0 1024.0 0.0 0.0 0.0 0.0 0.0 38.0 26.947368421052634 0.0 0.0 0.0 0.0 0.0 1.0 1024.0 0.0 0.0 0.0 0.0 0.0 1.0 1024.0 0.0 0.0 0.0 0.0 0.0 38.0 26.947368421052634 0.0 0.0 0.0 0.0 0.0 1.0 1024.0 0.0 0.0 0.0 0.0 0.0 1.0 1024.0 0.0 0.0 0.0 0.0 0.0 38.0 26.947368421052634 0.0 0.0 0.0 0.0 0.0 1.0 1024.0 
67.0005150327869 1.6160033235729738 1.2476245620635475 4.6261065484396156 0.0 25.77863958213051 109.0 9.394495412844037 3.056263059684581 4.12259513383657 13.834661177334347 0.0 15.970947686880438 51.0 20.078431372549026 1.3100714733333318 0.9305004910286058 3.4836138576524758 0.0 26.053656975325723 128.0 8.0 1.7085259612855686 1.2494751915098097 4.6261065484396156 0.0 26.543241743381348 110.0 9.309090909090905 3.215174161356519 4.115440220494991 13.241912419968985 0.0 16.309553926498698 49.0 20.89795918367347 1.3579755552345485 0.8870568728566484 3.332808309342373 0.0 26.233382887375377 135.0 7.5851851851851775 1.7088144430608538 1.3254620859057664 5.6352774948562505 0.0 27.38855254566152 110.0 9.309090909090905 3.8649473481133176 6.466106547867601 24.628416408678792 0.0 21.257994108536618 46.0 22.260869565217398 1.3894567329193648 1.0019992881281912 3.6016230121356916 0.0 26.239576028393287 128.0 8.0 0.0 0.0 0.0 0.0 0.0 1.0 1024.0 0.0 0.0 0.0 0.0 0.0 38.0 26.947368421052634 0.0 0.0 0.0 0.0 0.0 1.0 1024.0 0.0 0.0 0.0 0.0 0.0 1.0 1024.0 0.0 0.0 0.0 0.0 0.0 38.0 26.947368421052634 0.0 0.0 0.0 0.0 0.0 1.0 1024.0 0.0 0.0 0.0 0.0 0.0 1.0 1024.0 0.0 0.0 0.0 0.0 0.0 38.0 26.947368421052634 0.0 0.0 0.0 0.0 0.0 1.0 1024.0 1.6499599765582649 1.2430583561724018 4.805157531375327 0.0 26.017421482929773 163.0 6.282208588957054 4.58106600659779 4.752829121290701 15.074033345448699 0.0 19.31325074437748 51.0 20.078431372549023 1.3767999925017445 0.9616792268273981 3.4864782878754865 0.0 25.467653641867255 181.0 5.657458563535921 1.6443226498232233 1.2291022592890366 4.805157531375327 0.0 26.111066738497396 165.0 6.206060606060608 4.623389552209654 4.626418050729 15.166946884958433 0.0 19.60975946760939 50.0 20.48 1.359896250690768 0.919910060790242 3.355582661291501 0.0 25.813899559074642 197.0 5.197969543147216 1.7929789925474882 1.3743136345680296 5.869339320126588 0.0 26.570358235683162 148.0 6.918918918918929 6.599812247510329 8.555497930014969 28.568402560419546 0.0 23.60727266036167 44.0 23.272727272727266 1.4505950370300216 1.0142400959878273 3.9592310638267834 0.0 25.285841879676187 177.0 5.785310734463273 1.4821718997126845 3.7743625924153417 41.78745222094094 0.0 29.348448643212514 638.0 1.6050156739811945 24.07319097332853 10.878977035411614 36.9901087825193 0.0 13.537096399266316 42.0 24.380952380952376 0.67316311656262 1.058939836325291 4.365364986724842 0.0 29.23826360004977 667.0 1.535232383808098 1.4169618569110516 3.4117222292526472 32.874741622928155 0.0 29.45164062088824 644.0 1.5900621118012397 26.413959054522664 9.991545507772553 41.631810312897706 0.0 9.48347659176922 38.0 26.947368421052634 0.6580914509313256 1.0264785295261905 3.5217069291965686 0.0 29.384316693613304 680.0 1.505882352941178 1.3946511866458113 3.502690858301952 45.01462284090048 0.0 29.345482224521774 641.0 1.5975039001560107 28.13662262744742 5.58675950686399 35.76295777937128 0.0 7.64368178375316 36.0 28.44444444444444 0.6977944404766012 1.0905571814145025 4.365364986724842 0.0 29.32950224089589 666.0 1.5375375375375404 0.0 0.0 0.0 0.0 0.0 1.0 1024.0 0.0 0.0 0.0 0.0 0.0 38.0 26.947368421052634 0.0 0.0 0.0 0.0 0.0 1.0 1024.0 0.0 0.0 0.0 0.0 0.0 1.0 1024.0 0.0 0.0 0.0 0.0 0.0 38.0 26.947368421052634 0.0 0.0 0.0 0.0 0.0 1.0 1024.0 0.0 0.0 0.0 0.0 0.0 1.0 1024.0 0.0 0.0 0.0 0.0 0.0 38.0 26.947368421052634 0.0 0.0 0.0 0.0 0.0 1.0 1024.0 
68.0005150327869 1.6440049066485851 1.2419050397519809 4.6261065484396156 0.0 25.663023538065882 107.0 9.570093457943923 3.056263059684581 4.12259513383657 13.834661177334347 0.0 15.970947686880438 51.0 20.078431372549026 1.250594954825841 0.9497008785373546 3.4836138576524758 0.0 26.36834766507643 134.0 7.641791044776109 1.6919178958267527 1.2554078498114103 4.6261065484396156 0.0 26.589273344419176 111.0 9.225225225225216 3.215174161356519 4.115440220494991 13.241912419968985 0.0 16.309553926498698 49.0 20.89795918367347 1.3478269424883105 0.8915746355585431 3.332808309342373 0.0 26.30504845373554 136.0 7.5294117647058965 1.6895857401067182 1.3337438596197184 5.6352774948562505 0.0 27.459611035933982 111.0 9.225225225225216 3.8649473481133176 6.466106547867601 24.628416408678792 0.0 21.257994108536618 46.0 22.260869565217398 1.3894567329193648 1.0019992881281912 3.6016230121356916 0.0 26.239576028393287 128.0 8.0 0.0 0.0 0.0 0.0 0.0 1.0 1024.0 0.0 0.0 0.0 0.0 0.0 38.0 26.947368421052634 0.0 0.0 0.0 0.0 0.0 1.0 1024.0 0.0 0.0 0.0 0.0 0.0 1.0 1024.0 0.0 0.0 0.0 0.0 0.0 38.0 26.947368421052634 0.0 0.0 0.0 0.0 0.0 1.0 1024.0 0.0 0.0 0.0 0.0 0.0 1.0 1024.0 0.0 0.0 0.0 0.0 0.0 38.0 26.947368421052634 0.0 0.0 0.0 0.0 0.0 1.0 1024.0 1.637427754285555 1.2494131594565672 4.805157531375327 0.0 26.093354883770495 164.0 6.243902439024386 4.58106600659779 4.752829121290701 15.074033345448699 0.0 19.31325074437748 51.0 20.078431372549023 1.3904754853836834 0.9536904736082682 3.4864782878754865 0.0 25.40514245172204 180.0 5.6888888888888856 1.6373518998788765 1.2328712298119533 4.805157531375327 0.0 26.192363784190643 166.0 6.168674698795176 4.623389552209654 4.626418050729 15.166946884958433 0.0 19.60975946760939 50.0 20.48 1.3593193571618687 0.9204568136686196 3.355582661291501 0.0 25.820364240779508 197.0 5.197969543147215 1.7927839398677838 1.3743177000188922 5.869339320126588 0.0 26.56912799608839 148.0 6.91891891891893 6.599812247510329 8.555497930014969 28.568402560419546 0.0 23.60727266036167 44.0 23.272727272727266 1.4519116131402796 1.016335343177457 3.9592310638267834 0.0 25.282608063332066 177.0 5.785310734463273 1.4821718997126845 3.7743625924153417 41.78745222094094 0.0 29.348448643212514 638.0 1.6050156739811945 24.07319097332853 10.878977035411614 36.9901087825193 0.0 13.537096399266316 42.0 24.380952380952376 0.67316311656262 1.058939836325291 4.365364986724842 0.0 29.23826360004977 667.0 1.535232383808098 1.4169618569110516 3.4117222292526472 32.874741622928155 0.0 29.45164062088824 644.0 1.5900621118012397 26.413959054522664 9.991545507772553 41.631810312897706 0.0 9.48347659176922 38.0 26.947368421052634 0.6580914509313256 1.0264785295261905 3.5217069291965686 0.0 29.384316693613304 680.0 1.505882352941178 1.3946511866458113 3.502690858301952 45.01462284090048 0.0 29.345482224521774 641.0 1.5975039001560107 28.13662262744742 5.58675950686399 35.76295777937128 0.0 7.64368178375316 36.0 28.44444444444444 0.6977944404766012 1.0905571814145025 4.365364986724842 0.0 29.32950224089589 666.0 1.5375375375375404 0.0 0.0 0.0 0.0 0.0 1.0 1024.0 0.0 0.0 0.0 0.0 0.0 38.0 26.947368421052634 0.0 0.0 0.0 0.0 0.0 1.0 1024.0 0.0 0.0 0.0 0.0 0.0 1.0 1024.0 0.0 0.0 0.0 0.0 0.0 38.0 26.947368421052634 0.0 0.0 0.0 0.0 0.0 1.0 1024.0 0.0 0.0 0.0 0.0 0.0 1.0 1024.0 0.0 0.0 0.0 0.0 0.0 38.0 26.947368421052634 0.0 0.0 0.0 0.0 0.0 1.0 1024.0 
69.0005150327869 1.6588626170855234 1.2373137043745372 4.6261065484396156 0.0 25.732020507624853 106.0 9.660377358490567 3.056263059684581 4.12259513383657 13.834661177334347 0.0 15.970947686880438 51.0 20.078431372549026 1.2790293555883034 0.9411604564798524 3.4836138576524758 0.0 26.217505374587073 131.0 7.81679389312976 1.6609992228021127 1.264992289447048 4.6261065484396156 0.0 26.729097126504318 113.0 9.061946902654856 3.215174161356519 4.115440220494991 13.241912419968985 0.0 16.309553926498698 49.0 20.89795918367347 1.3465816821215337 0.8933080364427178 3.332808309342373 0.0 26.312055767325084 136.0 7.5294117647058965 1.7055406862768125 1.3292088218968163 5.6352774948562505 0.0 27.394861299896405 110.0 9.309090909090905 3.8649473481133176 6.466106547867601 24.628416408678792 0.0 21.257994108536618 46.0 22.260869565217398 1.4009988749632065 0.9979809826895485 3.6016230121356916 0.0 26.165133627428343 127.0 8.062992125984264 0.0 0.0 0.0 0.0 0.0 1.0 1024.0 0.0 0.0 0.0 0.0 0.0 38.0 26.947368421052634 0.0 0.0 0.0 0.0 0.0 1.0 1024.0 0.0 0.0 0.0 0.0 0.0 1.0 1024.0 0.0 0.0 0.0 0.0 0.0 38.0 26.947368421052634 0.0 0.0 0.0 0.0 0.0 1.0 1024.0 0.0 0.0 0.0 0.0 0.0 1.0 1024.0 0.0 0.0 0.0 0.0 0.0 38.0 26.947368421052634 0.0 0.0 0.0 0.0 0.0 1.0 1024.0 1.6468042114815915 1.247309490961193 4.805157531375327 0.0 25.94167329157113 163.0 6.282208588957055 4.58106600659779 4.752829121290701 15.074033345448699 0.0 19.31325074437748 51.0 20.078431372549023 1.3904754853836834 0.9536904736082682 3.4864782878754865 0.0 25.40514245172204 180.0 5.6888888888888856 1.636752246886017 1.2351672631183734 4.805157531375327 0.0 26.21437874964973 166.0 6.168674698795176 4.623389552209654 4.626418050729 15.166946884958433 0.0 19.60975946760939 50.0 20.48 1.357120405156935 0.9209278773099054 3.355582661291501 0.0 25.816185474996207 197.0 5.197969543147213 1.7766722490880285 1.3817786198729813 5.869339320126588 0.0 26.536733204431396 149.0 6.872483221476518 6.599812247510329 8.555497930014969 28.568402560419546 0.0 23.60727266036167 44.0 23.272727272727266 1.4519116131402796 1.016335343177457 3.9592310638267834 0.0 25.282608063332066 177.0 5.785310734463273 1.4821718997126845 3.7743625924153417 41.78745222094094 0.0 29.348448643212514 638.0 1.6050156739811945 24.07319097332853 10.878977035411614 36.9901087825193 0.0 13.537096399266316 42.0 24.380952380952376 0.67316311656262 1.058939836325291 4.365364986724842 0.0 29.23826360004977 667.0 1.535232383808098 1.4169618569110516 3.4117222292526472 32.874741622928155 0.0 29.45164062088824 644.0 1.5900621118012397 26.413959054522664 9.991545507772553 41.631810312897706 0.0 9.48347659176922 38.0 26.947368421052634 0.6580914509313256 1.0264785295261905 3.5217069291965686 0.0 29.384316693613304 680.0 1.505882352941178 1.3946511866458113 3.502690858301952 45.01462284090048 0.0 29.345482224521774 641.0 1.5975039001560107 28.13662262744742 5.58675950686399 35.76295777937128 0.0 7.64368178375316 36.0 28.44444444444444 0.6977944404766012 1.0905571814145025 4.365364986724842 0.0 29.32950224089589 666.0 1.5375375375375404 0.0 0.0 0.0 0.0 0.0 1.0 1024.0 0.0 0.0 0.0 0.0 0.0 38.0 26.947368421052634 0.0 0.0 0.0 0.0 0.0 1.0 1024.0 0.0 0.0 0.0 0.0 0.0 1.0 1024.0 0.0 0.0 0.0 0.0 0.0 38.0 26.947368421052634 0.0 0.0 0.0 0.0 0.0 1.0 1024.0 0.0 0.0 0.0 0.0 0.0 1.0 1024.0 0.0 0.0 0.0 0.0 0.0 38.0 26.947368421052634 0.0 0.0 0.0 0.0 0.0 1.0 1024.0 
70.0005150327869 1.6435500110413321 1.2416555450445157 4.6261065484396156 0.0 25.782445301010465 107.0 9.570093457943923 3.056263059684581 4.12259513383657 13.834661177334347 0.0 15.970947686880438 51.0 20.078431372549026 1.2885320338960948 0.9383341415241281 3.4836138576524758 0.0 26.151215719659124 130.0 7.876923076923092 1.6615341123263494 1.2638158419361092 4.6261065484396156 0.0 26.75928063134778 113.0 9.061946902654856 3.215174161356519 4.115440220494991 13.241912419968985 0.0 16.309553926498698 49.0 20.89795918367347 1.3266191704987162 0.9018624438058999 3.332808309342373 0.0 26.44282073413669 138.0 7.420289855072476 1.7049740947213414 1.3291202501949915 5.6352774948562505 0.0 27.530633708599243 110.0 9.309090909090905 3.8649473481133176 6.466106547867601 24.628416408678792 0.0 21.257994108536618 46.0 22.260869565217398 1.4009988749632065 0.9979809826895485 3.6016230121356916 0.0 26.165133627428343 127.0 8.062992125984264 0.0 0.0 0.0 0.0 0.0 1.0 1024.0 0.0 0.0 0.0 0.0 0.0 38.0 26.947368421052634 0.0 0.0 0.0 0.0 0.0 1.0 1024.0 0.0 0.0 0.0 0.0 0.0 1.0 1024.0 0.0 0.0 0.0 0.0 0.0 38.0 26.947368421052634 0.0 0.0 0.0 0.0 0.0 1.0 1024.0 0.0 0.0 0.0 0.0 0.0 1.0 1024.0 0.0 0.0 0.0 0.0 0.0 38.0 26.947368421052634 0.0 0.0 0.0 0.0 0.0 1.0 1024.0 1.6642003282020388 1.2382694024865628 4.805157531375327 0.0 25.96493916645172 163.0 6.282208588957055 4.58106600659779 4.752829121290701 15.074033345448699 0.0 19.31325074437748 51.0 20.078431372549023 1.390269428120969 0.953873243377058 3.4864782878754865 0.0 25.405775594635237 180.0 5.6888888888888856 1.6282589112571857 1.2371771678747436 4.805157531375327 0.0 26.24977437935439 167.0 6.1317365269461135 4.623389552209654 4.626418050729 15.166946884958433 0.0 19.60975946760939 50.0 20.48 1.3551344184905478 0.9224788800002466 3.355582661291501 0.0 25.76787184015079 197.0 5.197969543147214 1.7906119422788707 1.3753426835722655 5.869339320126588 0.0 26.559480594560554 149.0 6.872483221476518 6.599812247510329 8.555497930014969 28.568402560419546 0.0 23.60727266036167 44.0 23.272727272727266 1.4519116131402796 1.016335343177457 3.9592310638267834 0.0 25.282608063332066 177.0 5.785310734463273 1.4821718997126845 3.7743625924153417 41.78745222094094 0.0 29.348448643212514 638.0 1.6050156739811945 24.07319097332853 10.878977035411614 36.9901087825193 0.0 13.537096399266316 42.0 24.380952380952376 0.67316311656262 1.058939836325291 4.365364986724842 0.0 29.23826360004977 667.0 1.535232383808098 1.4169618569110516 3.4117222292526472 32.874741622928155 0.0 29.45164062088824 644.0 1.5900621118012397 26.413959054522664 9.991545507772553 41.631810312897706 0.0 9.48347659176922 38.0 26.947368421052634 0.6580914509313256 1.0264785295261905 3.5217069291965686 0.0 29.384316693613304 680.0 1.505882352941178 1.3946511866458113 3.502690858301952 45.01462284090048 0.0 29.345482224521774 641.0 1.5975039001560107 28.13662262744742 5.58675950686399 35.76295777937128 0.0 7.64368178375316 36.0 28.44444444444444 0.6977944404766012 1.0905571814145025 4.365364986724842 0.0 29.32950224089589 666.0 1.5375375375375404 0.0 0.0 0.0 0.0 0.0 1.0 1024.0 0.0 0.0 0.0 0.0 0.0 38.0 26.947368421052634 0.0 0.0 0.0 0.0 0.0 1.0 1024.0 0.0 0.0 0.0 0.0 0.0 1.0 1024.0 0.0 0.0 0.0 0.0 0.0 38.0 26.947368421052634 0.0 0.0 0.0 0.0 0.0 1.0 1024.0 0.0 0.0 0.0 0.0 0.0 1.0 1024.0 0.0 0.0 0.0 0.0 0.0 38.0 26.947368421052634 0.0 0.0 0.0 0.0 0.0 1.0 1024.0 
71.0005150327869 1.6407835907940105 1.241080213648431 4.6261065484396156 0.0 25.796208518236238 107.0 9.570093457943923 3.056263059684581 4.12259513383657 13.834661177334347 0.0 15.970947686880438 51.0 20.078431372549026 1.3075505771717595 0.9325470248424163 3.4836138576524758 0.0 26.042648248290895 128.0 8.0 1.5763747105357693 1.2853795645729764 4.6261065484396156 0.0 26.95501768252172 119.0 8.60504201680671 3.215174161356519 4.115440220494991 13.241912419968985 0.0 16.309553926498698 49.0 20.89795918367347 1.3562601871688098 0.8892692524368276 3.332808309342373 0.0 26.24035695257511 135.0 7.5851851851851775 1.6897539424391232 1.3327468315889015 5.6352774948562505 0.0 27.59625457690719 111.0 9.225225225225216 3.8649473481133176 6.466106547867601 24.628416408678792 0.0 21.257994108536618 46.0 22.260869565217398 1.4009988749632065 0.9979809826895485 3.6016230121356916 0.0 26.165133627428343 127.0 8.062992125984264 0.0 0.0 0.0 0.0 0.0 1.0 1024.0 0.0 0.0 0.0 0.0 0.0 38.0 26.947368421052634 0.0 0.0 0.0 0.0 0.0 1.0 1024.0 0.0 0.0 0.0 0.0 0.0 1.0 1024.0 0.0 0.0 0.0 0.0 0.0 38.0 26.947368421052634 0.0 0.0 0.0 0.0 0.0 1.0 1024.0 0.0 0.0 0.0 0.0 0.0 1.0 1024.0 0.0 0.0 0.0 0.0 0.0 38.0 26.947368421052634 0.0 0.0 0.0 0.0 0.0 1.0 1024.0 1.6604532417451006 1.2402713862528234 4.805157531375327 0.0 25.998908610137168 162.0 6.320987654320985 4.58106600659779 4.752829121290701 15.074033345448699 0.0 19.31325074437748 51.0 20.078431372549023 1.3819110226877984 0.957632179645321 3.4864782878754865 0.0 25.470938159671967 181.0 5.657458563535921 1.618134971872055 1.2411375929163708 4.805157531375327 0.0 26.272340326703954 168.0 6.095238095238099 4.623389552209654 4.626418050729 15.166946884958433 0.0 19.60975946760939 50.0 20.48 1.368810059137307 0.9213233324369403 3.355582661291501 0.0 25.782931191990542 197.0 5.197969543147214 1.7895602535727224 1.375229370619064 5.869339320126588 0.0 26.676070296579248 149.0 6.872483221476518 6.599812247510329 8.555497930014969 28.568402560419546 0.0 23.60727266036167 44.0 23.272727272727266 1.4519116131402796 1.016335343177457 3.9592310638267834 0.0 25.282608063332066 177.0 5.785310734463273 1.4821718997126845 3.7743625924153417 41.78745222094094 0.0 29.348448643212514 638.0 1.6050156739811945 24.07319097332853 10.878977035411614 36.9901087825193 0.0 13.537096399266316 42.0 24.380952380952376 0.67316311656262 1.058939836325291 4.365364986724842 0.0 29.23826360004977 667.0 1.535232383808098 1.4169618569110516 3.4117222292526472 32.874741622928155 0.0 29.45164062088824 644.0 1.5900621118012397 26.413959054522664 9.991545507772553 41.631810312897706 0.0 9.48347659176922 38.0 26.947368421052634 0.6580914509313256 1.0264785295261905 3.5217069291965686 0.0 29.384316693613304 680.0 1.505882352941178 1.3946511866458113 3.502690858301952 45.01462284090048 0.0 29.345482224521774 641.0 1.5975039001560107 28.13662262744742 5.58675950686399 35.76295777937128 0.0 7.64368178375316 36.0 28.44444444444444 0.6977944404766012 1.0905571814145025 4.365364986724842 0.0 29.32950224089589 666.0 1.5375375375375404 0.0 0.0 0.0 0.0 0.0 1.0 1024.0 0.0 0.0 0.0 0.0 0.0 38.0 26.947368421052634 0.0 0.0 0.0 0.0 0.0 1.0 1024.0 0.0 0.0 0.0 0.0 0.0 1.0 1024.0 0.0 0.0 0.0 0.0 0.0 38.0 26.947368421052634 0.0 0.0 0.0 0.0 0.0 1.0 1024.0 0.0 0.0 0.0 0.0 0.0 1.0 1024.0 0.0 0.0 0.0 0.0 0.0 38.0 26.947368421052634 0.0 0.0 0.0 0.0 0.0 1.0 1024.0 
72.0005150327869 1.6311795069772386 1.2478352169947098 4.6261065484396156 0.0 25.805268355666545 107.0 9.570093457943923 3.056263059684581 4.12259513383657 13.834661177334347 0.0 15.970947686880438 51.0 20.078431372549026 1.3225502099490125 0.9237744837484303 3.4836138576524758 0.0 25.99700473692744 127.0 8.062992125984264 1.6037610798063817 1.2779877866560865 4.6261065484396156 0.0 26.84871890732931 117.0 8.75213675213674 3.215174161356519 4.115440220494991 13.241912419968985 0.0 16.309553926498698 49.0 20.89795918367347 1.3562601871688098 0.8892692524368276 3.332808309342373 0.0 26.24035695257511 135.0 7.5851851851851775 1.6748482584437778 1.3356780420303958 5.6352774948562505 0.0 27.653840796404076 112.0 9.142857142857132 3.8649473481133176 6.466106547867601 24.628416408678792 0.0 21.257994108536618 46.0 22.260869565217398 1.402848735018834 1.0005433365793444 3.6016230121356916 0.0 26.161274195731924 127.0 8.062992125984264 0.0 0.0 0.0 0.0 0.0 1.0 1024.0 0.0 0.0 0.0 0.0 0.0 38.0 26.947368421052634 0.0 0.0 0.0 0.0 0.0 1.0 1024.0 0.0 0.0 0.0 0.0 0.0 1.0 1024.0 0.0 0.0 0.0 0.0 0.0 38.0 26.947368421052634 0.0 0.0 0.0 0.0 0.0 1.0 1024.0 0.0 0.0 0.0 0.0 0.0 1.0 1024.0 0.0 0.0 0.0 0.0 0.0 38.0 26.947368421052634 0.0 0.0 0.0 0.0 0.0 1.0 1024.0 1.6585752785771541 1.244539734925085 4.805157531375327 0.0 26.013079540059927 162.0 6.320987654320985 4.58106600659779 4.752829121290701 15.074033345448699 0.0 19.31325074437748 51.0 20.078431372549023 1.3636753729880233 0.9656999834233511 3.4864782878754865 0.0 25.51853215351044 183.0 5.595628415300541 1.6143646471655857 1.2401317713232392 4.805157531375327 0.0 26.30607159080367 168.0 6.095238095238099 4.623389552209654 4.626418050729 15.166946884958433 0.0 19.60975946760939 50.0 20.48 1.3552633086830028 0.9239872221610572 3.355582661291501 0.0 25.795339265791736 197.0 5.197969543147212 1.7719587770517964 1.3799610643143165 5.869339320126588 0.0 26.854273574054314 151.0 6.781456953642392 6.599812247510329 8.555497930014969 28.568402560419546 0.0 23.60727266036167 44.0 23.272727272727266 1.451022532068266 1.0168174129427523 3.9592310638267834 0.0 25.27580622661619 177.0 5.785310734463273 1.4821718997126845 3.7743625924153417 41.78745222094094 0.0 29.348448643212514 638.0 1.6050156739811945 24.07319097332853 10.878977035411614 36.9901087825193 0.0 13.537096399266316 42.0 24.380952380952376 0.67316311656262 1.058939836325291 4.365364986724842 0.0 29.23826360004977 667.0 1.535232383808098 1.4169618569110516 3.4117222292526472 32.874741622928155 0.0 29.45164062088824 644.0 1.5900621118012397 26.413959054522664 9.991545507772553 41.631810312897706 0.0 9.48347659176922 38.0 26.947368421052634 0.6580914509313256 1.0264785295261905 3.5217069291965686 0.0 29.384316693613304 680.0 1.505882352941178 1.3946511866458113 3.502690858301952 45.01462284090048 0.0 29.345482224521774 641.0 1.5975039001560107 28.13662262744742 5.58675950686399 35.76295777937128 0.0 7.64368178375316 36.0 28.44444444444444 0.6977944404766012 1.0905571814145025 4.365364986724842 0.0 29.32950224089589 666.0 1.5375375375375404 0.0 0.0 0.0 0.0 0.0 1.0 1024.0 0.0 0.0 0.0 0.0 0.0 38.0 26.947368421052634 0.0 0.0 0.0 0.0 0.0 1.0 1024.0 0.0 0.0 0.0 0.0 0.0 1.0 1024.0 0.0 0.0 0.0 0.0 0.0 38.0 26.947368421052634 0.0 0.0 0.0 0.0 0.0 1.0 1024.0 0.0 0.0 0.0 0.0 0.0 1.0 1024.0 0.0 0.0 0.0 0.0 0.0 38.0 26.947368421052634 0.0 0.0 0.0 0.0 0.0 1.0 1024.0 
73.0005150327869 1.615780366178685 1.25203910179883 4.6261065484396156 0.0 25.803528754057 108.0 9.481481481481493 3.056263059684581 4.12259513383657 13.834661177334347 0.0 15.970947686880438 51.0 20.078431372549026 1.3248149394792414 0.9238259610557744 3.4836138576524758 0.0 26.003063014347997 127.0 8.062992125984264 1.6391452390972008 1.2633734833724624 4.6261065484396156 0.0 26.828104664358197 115.0 8.904347826086953 3.215174161356519 4.115440220494991 13.241912419968985 0.0 16.309553926498698 49.0 20.89795918367347 1.3560818014028255 0.8894105232006467 3.332808309342373 0.0 26.240437251088878 135.0 7.5851851851851775 1.6320727124164405 1.343989041351723 5.6352774948562505 0.0 27.795429694873597 115.0 8.904347826086951 3.8649473481133176 6.466106547867601 24.628416408678792 0.0 21.257994108536618 46.0 22.260869565217398 1.402848735018834 1.0005433365793444 3.6016230121356916 0.0 26.161274195731924 127.0 8.062992125984264 0.0 0.0 0.0 0.0 0.0 1.0 1024.0 0.0 0.0 0.0 0.0 0.0 38.0 26.947368421052634 0.0 0.0 0.0 0.0 0.0 1.0 1024.0 0.0 0.0 0.0 0.0 0.0 1.0 1024.0 0.0 0.0 0.0 0.0 0.0 38.0 26.947368421052634 0.0 0.0 0.0 0.0 0.0 1.0 1024.0 0.0 0.0 0.0 0.0 0.0 1.0 1024.0 0.0 0.0 0.0 0.0 0.0 38.0 26.947368421052634 0.0 0.0 0.0 0.0 0.0 1.0 1024.0 1.6897118563180635 1.233826483718722 4.805157531375327 0.0 25.944765482614095 160.0 6.399999999999998 4.58106600659779 4.752829121290701 15.074033345448699 0.0 19.31325074437748 51.0 20.078431372549023 1.383310620569468 0.9601649322808021 3.4864782878754865 0.0 25.472479836370443 182.0 5.626373626373626 1.5947729714527448 1.2472086667144908 4.805157531375327 0.0 26.396621292088273 170.0 6.02352941176471 4.623389552209654 4.626418050729 15.166946884958433 0.0 19.60975946760939 50.0 20.48 1.3684199517305868 0.9182991549027958 3.355582661291501 0.0 25.70245619528341 195.0 5.251282051282048 1.7981304565080531 1.372745147315551 5.869339320126588 0.0 26.69381707396115 149.0 6.872483221476518 6.599812247510329 8.555497930014969 28.568402560419546 0.0 23.60727266036167 44.0 23.272727272727266 1.451022532068266 1.0168174129427523 3.9592310638267834 0.0 25.27580622661619 177.0 5.785310734463273 1.4821718997126845 3.7743625924153417 41.78745222094094 0.0 29.348448643212514 638.0 1.6050156739811945 24.07319097332853 10.878977035411614 36.9901087825193 0.0 13.537096399266316 42.0 24.380952380952376 0.67316311656262 1.058939836325291 4.365364986724842 0.0 29.23826360004977 667.0 1.535232383808098 1.4169618569110516 3.4117222292526472 32.874741622928155 0.0 29.45164062088824 644.0 1.5900621118012397 26.413959054522664 9.991545507772553 41.631810312897706 0.0 9.48347659176922 38.0 26.947368421052634 0.6580914509313256 1.0264785295261905 3.5217069291965686 0.0 29.384316693613304 680.0 1.505882352941178 1.3946511866458113 3.502690858301952 45.01462284090048 0.0 29.345482224521774 641.0 1.5975039001560107 28.13662262744742 5.58675950686399 35.76295777937128 0.0 7.64368178375316 36.0 28.44444444444444 0.6977944404766012 1.0905571814145025 4.365364986724842 0.0 29.32950224089589 666.0 1.5375375375375404 0.0 0.0 0.0 0.0 0.0 1.0 1024.0 0.0 0.0 0.0 0.0 0.0 38.0 26.947368421052634 0.0 0.0 0.0 0.0 0.0 1.0 1024.0 0.0 0.0 0.0 0.0 0.0 1.0 1024.0 0.0 0.0 0.0 0.0 0.0 38.0 26.947368421052634 0.0 0.0 0.0 0.0 0.0 1.0 1024.0 0.0 0.0 0.0 0.0 0.0 1.0 1024.0 0.0 0.0 0.0 0.0 0.0 38.0 26.947368421052634 0.0 0.0 0.0 0.0 0.0 1.0 1024.0 
74.0005150327869 1.6085813426890427 1.2533110898511624 4.6261065484396156 0.0 25.808799963265102 109.0 9.394495412844037 3.056263059684581 4.12259513383657 13.834661177334347 0.0 15.970947686880438 51.0 20.078431372549026 1.3352417076794543 0.9198512783539454 3.4836138576524758 0.0 25.951812788972532 126.0 8.12698412698414 1.6540137111493245 1.2587211526143418 4.6261065484396156 0.0 26.771750667095684 114.0 8.982456140350862 3.215174161356519 4.115440220494991 13.241912419968985 0.0 16.309553926498698 49.0 20.89795918367347 1.3657023086600741 0.8856285634873207 3.332808309342373 0.0 26.165550292389447 134.0 7.641791044776109 1.6765119026640958 1.3337312130499572 5.6352774948562505 0.0 27.647278613342042 112.0 9.14285714285713 3.8649473481133176 6.466106547867601 24.628416408678792 0.0 21.257994108536618 46.0 22.260869565217398 1.402848735018834 1.0005433365793444 3.6016230121356916 0.0 26.161274195731924 127.0 8.062992125984264 0.0 0.0 0.0 0.0 0.0 1.0 1024.0 0.0 0.0 0.0 0.0 0.0 38.0 26.947368421052634 0.0 0.0 0.0 0.0 0.0 1.0 1024.0 0.0 0.0 0.0 0.0 0.0 1.0 1024.0 0.0 0.0 0.0 0.0 0.0 38.0 26.947368421052634 0.0 0.0 0.0 0.0 0.0 1.0 1024.0 0.0 0.0 0.0 0.0 0.0 1.0 1024.0 0.0 0.0 0.0 0.0 0.0 38.0 26.947368421052634 0.0 0.0 0.0 0.0 0.0 1.0 1024.0 1.6886521939969779 1.2312682892772107 4.805157531375327 0.0 25.997827007349677 161.0 6.36024844720496 4.58106600659779 4.752829121290701 15.074033345448699 0.0 19.31325074437748 51.0 20.078431372549023 1.3770306235526313 0.959415471733649 3.4864782878754865 0.0 25.47141100176804 182.0 5.626373626373626 1.6318164343244188 1.236152237291584 4.805157531375327 0.0 26.307051234927467 167.0 6.1317365269461135 4.623389552209654 4.626418050729 15.166946884958433 0.0 19.60975946760939 50.0 20.48 1.3684199517305868 0.9182991549027958 3.355582661291501 0.0 25.70245619528341 195.0 5.251282051282048 1.8075311390535205 1.37213143539483 5.869339320126588 0.0 26.60609596271084 148.0 6.91891891891893 6.599812247510329 8.555497930014969 28.568402560419546 0.0 23.60727266036167 44.0 23.272727272727266 1.451022532068266 1.0168174129427523 3.9592310638267834 0.0 25.27580622661619 177.0 5.785310734463273 1.4821718997126845 3.7743625924153417 41.78745222094094 0.0 29.348448643212514 638.0 1.6050156739811945 24.07319097332853 10.878977035411614 36.9901087825193 0.0 13.537096399266316 42.0 24.380952380952376 0.67316311656262 1.058939836325291 4.365364986724842 0.0 29.23826360004977 667.0 1.535232383808098 1.4169618569110516 3.4117222292526472 32.874741622928155 0.0 29.45164062088824 644.0 1.5900621118012397 26.413959054522664 9.991545507772553 41.631810312897706 0.0 9.48347659176922 38.0 26.947368421052634 0.6580914509313256 1.0264785295261905 3.5217069291965686 0.0 29.384316693613304 680.0 1.505882352941178 1.3946511866458113 3.502690858301952 45.01462284090048 0.0 29.345482224521774 641.0 1.5975039001560107 28.13662262744742 5.58675950686399 35.76295777937128 0.0 7.64368178375316 36.0 28.44444444444444 0.6977944404766012 1.0905571814145025 4.365364986724842 0.0 29.32950224089589 666.0 1.5375375375375404 0.0 0.0 0.0 0.0 0.0 1.0 1024.0 0.0 0.0 0.0 0.0 0.0 38.0 26.947368421052634 0.0 0.0 0.0 0.0 0.0 1.0 1024.0 0.0 0.0 0.0 0.0 0.0 1.0 1024.0 0.0 0.0 0.0 0.0 0.0 38.0 26.947368421052634 0.0 0.0 0.0 0.0 0.0 1.0 1024.0 0.0 0.0 0.0 0.0 0.0 1.0 1024.0 0.0 0.0 0.0 0.0 0.0 38.0 26.947368421052634 0.0 0.0 0.0 0.0 0.0 1.0 1024.0 
75.0005150327869 1.6426527807774227 1.247780779182309 4.6261065484396156 0.0 25.8437205914502 107.0 9.570093457943923 3.056263059684581 4.12259513383657 13.834661177334347 0.0 15.970947686880438 51.0 20.078431372549026 1.3342123843635183 0.9202420327448058 3.4836138576524758 0.0 25.953030253990246 126.0 8.12698412698414 1.6536545937216245 1.2589412600434413 4.6261065484396156 0.0 26.772068736099968 114.0 8.982456140350862 3.215174161356519 4.115440220494991 13.241912419968985 0.0 16.309553926498698 49.0 20.89795918367347 1.355551243038828 0.8901414997743892 3.332808309342373 0.0 26.238209298359745 135.0 7.5851851851851775 1.6770635717828282 1.333057527060599 5.6352774948562505 0.0 27.653736816078197 112.0 9.14285714285713 3.8649473481133176 6.466106547867601 24.628416408678792 0.0 21.257994108536618 46.0 22.260869565217398 1.402848735018834 1.0005433365793444 3.6016230121356916 0.0 26.161274195731924 127.0 8.062992125984264 0.0 0.0 0.0 0.0 0.0 1.0 1024.0 0.0 0.0 0.0 0.0 0.0 38.0 26.947368421052634 0.0 0.0 0.0 0.0 0.0 1.0 1024.0 0.0 0.0 0.0 0.0 0.0 1.0 1024.0 0.0 0.0 0.0 0.0 0.0 38.0 26.947368421052634 0.0 0.0 0.0 0.0 0.0 1.0 1024.0 0.0 0.0 0.0 0.0 0.0 1.0 1024.0 0.0 0.0 0.0 0.0 0.0 38.0 26.947368421052634 0.0 0.0 0.0 0.0 0.0 1.0 1024.0 1.6777869658241626 1.2347250148505584 4.805157531375327 0.0 26.055874397684207 162.0 6.3209876543209855 4.58106600659779 4.752829121290701 15.074033345448699 0.0 19.31325074437748 51.0 20.078431372549023 1.3578484095094911 0.9691007115576891 3.4864782878754865 0.0 25.504198868079733 184.0 5.565217391304346 1.6422706564872571 1.233942702239471 4.805157531375327 0.0 26.262486058474583 166.0 6.168674698795176 4.623389552209654 4.626418050729 15.166946884958433 0.0 19.60975946760939 50.0 20.48 1.361041497824255 0.9234711470271846 3.355582661291501 0.0 25.690852347145345 195.0 5.251282051282049 1.80681911690578 1.3726063547879341 5.869339320126588 0.0 26.608343886896666 148.0 6.91891891891893 6.599812247510329 8.555497930014969 28.568402560419546 0.0 23.60727266036167 44.0 23.272727272727266 1.451022532068266 1.0168174129427523 3.9592310638267834 0.0 25.27580622661619 177.0 5.785310734463273 1.4821718997126845 3.7743625924153417 41.78745222094094 0.0 29.348448643212514 638.0 1.6050156739811945 24.07319097332853 10.878977035411614 36.9901087825193 0.0 13.537096399266316 42.0 24.380952380952376 0.67316311656262 1.058939836325291 4.365364986724842 0.0 29.23826360004977 667.0 1.535232383808098 1.4169618569110516 3.4117222292526472 32.874741622928155 0.0 29.45164062088824 644.0 1.5900621118012397 26.413959054522664 9.991545507772553 41.631810312897706 0.0 9.48347659176922 38.0 26.947368421052634 0.6580914509313256 1.0264785295261905 3.5217069291965686 0.0 29.384316693613304 680.0 1.505882352941178 1.3946511866458113 3.502690858301952 45.01462284090048 0.0 29.345482224521774 641.0 1.5975039001560107 28.13662262744742 5.58675950686399 35.76295777937128 0.0 7.64368178375316 36.0 28.44444444444444 0.6977944404766012 1.0905571814145025 4.365364986724842 0.0 29.32950224089589 666.0 1.5375375375375404 0.0 0.0 0.0 0.0 0.0 1.0 1024.0 0.0 0.0 0.0 0.0 0.0 38.0 26.947368421052634 0.0 0.0 0.0 0.0 0.0 1.0 1024.0 0.0 0.0 0.0 0.0 0.0 1.0 1024.0 0.0 0.0 0.0 0.0 0.0 38.0 26.947368421052634 0.0 0.0 0.0 0.0 0.0 1.0 1024.0 0.0 0.0 0.0 0.0 0.0 1.0 1024.0 0.0 0.0 0.0 0.0 0.0 38.0 26.947368421052634 0.0 0.0 0.0 0.0 0.0 1.0 1024.0 
76.0005150327869 1.6435283132453464 1.2539398322846278 4.6261065484396156 0.0 25.842901661721804 106.0 9.660377358490567 3.056263059684581 4.12259513383657 13.834661177334347 0.0 15.970947686880438 51.0 20.078431372549026 1.3335182492500939 0.9204575710533678 3.4836138576524758 0.0 25.95320924284587 126.0 8.12698412698414 1.6539948192083742 1.258376304271818 4.6261065484396156 0.0 26.773111882213588 114.0 8.982456140350862 3.215174161356519 4.115440220494991 13.241912419968985 0.0 16.309553926498698 49.0 20.89795918367347 1.3655420759922634 0.8857618512146544 3.332808309342373 0.0 26.165600368347725 134.0 7.641791044776109 1.6763855417881797 1.3338545241669268 5.6352774948562505 0.0 27.64464463974068 112.0 9.14285714285713 3.8649473481133176 6.466106547867601 24.628416408678792 0.0 21.257994108536618 46.0 22.260869565217398 1.402848735018834 1.0005433365793444 3.6016230121356916 0.0 26.161274195731924 127.0 8.062992125984264 0.0 0.0 0.0 0.0 0.0 1.0 1024.0 0.0 0.0 0.0 0.0 0.0 38.0 26.947368421052634 0.0 0.0 0.0 0.0 0.0 1.0 1024.0 0.0 0.0 0.0 0.0 0.0 1.0 1024.0 0.0 0.0 0.0 0.0 0.0 38.0 26.947368421052634 0.0 0.0 0.0 0.0 0.0 1.0 1024.0 0.0 0.0 0.0 0.0 0.0 1.0 1024.0 0.0 0.0 0.0 0.0 0.0 38.0 26.947368421052634 0.0 0.0 0.0 0.0 0.0 1.0 1024.0 1.6657268321600531 1.2374736303215796 4.805157531375327 0.0 26.117660869778906 163.0 6.282208588957058 4.58106600659779 4.752829121290701 15.074033345448699 0.0 19.31325074437748 51.0 20.078431372549023 1.3769978589953358 0.9619217528621538 3.4864782878754865 0.0 25.466223743984834 183.0 5.595628415300541 1.64126747103686 1.2338512178409278 4.805157531375327 0.0 26.265757989277745 166.0 6.168674698795176 4.623389552209654 4.626418050729 15.166946884958433 0.0 19.60975946760939 50.0 20.48 1.361041497824255 0.9234711470271846 3.355582661291501 0.0 25.690852347145345 195.0 5.251282051282049 1.8308970221888405 1.3657096196536038 5.869339320126588 0.0 26.432416473334634 146.0 7.013698630136974 6.599812247510329 8.555497930014969 28.568402560419546 0.0 23.60727266036167 44.0 23.272727272727266 1.451022532068266 1.0168174129427523 3.9592310638267834 0.0 25.27580622661619 177.0 5.785310734463273 1.4821718997126845 3.7743625924153417 41.78745222094094 0.0 29.348448643212514 638.0 1.6050156739811945 24.07319097332853 10.878977035411614 36.9901087825193 0.0 13.537096399266316 42.0 24.380952380952376 0.67316311656262 1.058939836325291 4.365364986724842 0.0 29.23826360004977 667.0 1.535232383808098 1.4169618569110516 3.4117222292526472 32.874741622928155 0.0 29.45164062088824 644.0 1.5900621118012397 26.413959054522664 9.991545507772553 41.631810312897706 0.0 9.48347659176922 38.0 26.947368421052634 0.6580914509313256 1.0264785295261905 3.5217069291965686 0.0 29.384316693613304 680.0 1.505882352941178 1.3946511866458113 3.502690858301952 45.01462284090048 0.0 29.345482224521774 641.0 1.5975039001560107 28.13662262744742 5.58675950686399 35.76295777937128 0.0 7.64368178375316 36.0 28.44444444444444 0.6977944404766012 1.0905571814145025 4.365364986724842 0.0 29.32950224089589 666.0 1.5375375375375404 0.0 0.0 0.0 0.0 0.0 1.0 1024.0 0.0 0.0 0.0 0.0 0.0 38.0 26.947368421052634 0.0 0.0 0.0 0.0 0.0 1.0 1024.0 0.0 0.0 0.0 0.0 0.0 1.0 1024.0 0.0 0.0 0.0 0.0 0.0 38.0 26.947368421052634 0.0 0.0 0.0 0.0 0.0 1.0 1024.0 0.0 0.0 0.0 0.0 0.0 1.0 1024.0 0.0 0.0 0.0 0.0 0.0 38.0 26.947368421052634 0.0 0.0 0.0 0.0 0.0 1.0 1024.0 
77.0005150327869 1.6613050093109383 1.2482692850700092 4.6261065484396156 0.0 25.79815630451794 105.0 9.752380952380943 3.056263059684581 4.12259513383657 13.834661177334347 0.0 15.970947686880438 51.0 20.078431372549026 1.3329288082326771 0.9208908241755048 3.4836138576524758 0.0 25.95664404804477 126.0 8.12698412698414 1.6697198923586039 1.2531155225502992 4.6261065484396156 0.0 26.714831360933793 113.0 9.061946902654856 3.215174161356519 4.115440220494991 13.241912419968985 0.0 16.309553926498698 49.0 20.89795918367347 1.3654661455455654 0.8858186413399507 3.332808309342373 0.0 26.165397225670507 134.0 7.641791044776109 1.6782178226568072 1.331867118287485 5.6352774948562505 0.0 27.638484326601876 112.0 9.142857142857132 3.8649473481133176 6.466106547867601 24.628416408678792 0.0 21.257994108536618 46.0 22.260869565217398 1.402848735018834 1.0005433365793444 3.6016230121356916 0.0 26.161274195731924 127.0 8.062992125984264 0.0 0.0 0.0 0.0 0.0 1.0 1024.0 0.0 0.0 0.0 0.0 0.0 38.0 26.947368421052634 0.0 0.0 0.0 0.0 0.0 1.0 1024.0 0.0 0.0 0.0 0.0 0.0 1.0 1024.0 0.0 0.0 0.0 0.0 0.0 38.0 26.947368421052634 0.0 0.0 0.0 0.0 0.0 1.0 1024.0 0.0 0.0 0.0 0.0 0.0 1.0 1024.0 0.0 0.0 0.0 0.0 0.0 38.0 26.947368421052634 0.0 0.0 0.0 0.0 0.0 1.0 1024.0 1.6532488532013367 1.241116848947533 4.805157531375327 0.0 26.173562847956 164.0 6.243902439024386 4.58106600659779 4.752829121290701 15.074033345448699 0.0 19.31325074437748 51.0 20.078431372549023 1.3839792836803178 0.9565007684801581 3.4864782878754865 0.0 25.540945769146788 183.0 5.595628415300541 1.64126747103686 1.2338512178409278 4.805157531375327 0.0 26.265757989277745 166.0 6.168674698795176 4.623389552209654 4.626418050729 15.166946884958433 0.0 19.60975946760939 50.0 20.48 1.361041497824255 0.9234711470271846 3.355582661291501 0.0 25.690852347145345 195.0 5.251282051282049 1.8311041088924844 1.3656112625820522 5.869339320126588 0.0 26.433863688829753 146.0 7.013698630136974 6.599812247510329 8.555497930014969 28.568402560419546 0.0 23.60727266036167 44.0 23.272727272727266 1.451022532068266 1.0168174129427523 3.9592310638267834 0.0 25.27580622661619 177.0 5.785310734463273 1.4821718997126845 3.7743625924153417 41.78745222094094 0.0 29.348448643212514 638.0 1.6050156739811945 24.07319097332853 10.878977035411614 36.9901087825193 0.0 13.537096399266316 42.0 24.380952380952376 0.67316311656262 1.058939836325291 4.365364986724842 0.0 29.23826360004977 667.0 1.535232383808098 1.4169618569110516 3.4117222292526472 32.874741622928155 0.0 29.45164062088824 644.0 1.5900621118012397 26.413959054522664 9.991545507772553 41.631810312897706 0.0 9.48347659176922 38.0 26.947368421052634 0.6580914509313256 1.0264785295261905 3.5217069291965686 0.0 29.384316693613304 680.0 1.505882352941178 1.3946511866458113 3.502690858301952 45.01462284090048 0.0 29.345482224521774 641.0 1.5975039001560107 28.13662262744742 5.58675950686399 35.76295777937128 0.0 7.64368178375316 36.0 28.44444444444444 0.6977944404766012 1.0905571814145025 4.365364986724842 0.0 29.32950224089589 666.0 1.5375375375375404 0.0 0.0 0.0 0.0 0.0 1.0 1024.0 0.0 0.0 0.0 0.0 0.0 38.0 26.947368421052634 0.0 0.0 0.0 0.0 0.0 1.0 1024.0 0.0 0.0 0.0 0.0 0.0 1.0 1024.0 0.0 0.0 0.0 0.0 0.0 38.0 26.947368421052634 0.0 0.0 0.0 0.0 0.0 1.0 1024.0 0.0 0.0 0.0 0.0 0.0 1.0 1024.0 0.0 0.0 0.0 0.0 0.0 38.0 26.947368421052634 0.0 0.0 0.0 0.0 0.0 1.0 1024.0 
78.0005150327869 1.6620041275203477 1.2484231658334792 4.6261065484396156 0.0 25.803694457776583 105.0 9.752380952380943 3.056263059684581 4.12259513383657 13.834661177334347 0.0 15.970947686880438 51.0 20.078431372549026 1.3291323858098276 0.924282780966925 3.4836138576524758 0.0 25.95849896715402 126.0 8.12698412698414 1.6754492330137714 1.2583422200043701 4.6261065484396156 0.0 26.685828778915447 112.0 9.14285714285713 3.215174161356519 4.115440220494991 13.241912419968985 0.0 16.309553926498698 49.0 20.89795918367347 1.3650423241282537 0.8864116046143288 3.332808309342373 0.0 26.165336946578527 134.0 7.641791044776109 1.7073496517817457 1.3259428555003567 5.6352774948562505 0.0 27.517915439761538 110.0 9.309090909090905 3.8649473481133176 6.466106547867601 24.628416408678792 0.0 21.257994108536618 46.0 22.260869565217398 1.402848735018834 1.0005433365793444 3.6016230121356916 0.0 26.161274195731924 127.0 8.062992125984264 0.0 0.0 0.0 0.0 0.0 1.0 1024.0 0.0 0.0 0.0 0.0 0.0 38.0 26.947368421052634 0.0 0.0 0.0 0.0 0.0 1.0 1024.0 0.0 0.0 0.0 0.0 0.0 1.0 1024.0 0.0 0.0 0.0 0.0 0.0 38.0 26.947368421052634 0.0 0.0 0.0 0.0 0.0 1.0 1024.0 0.0 0.0 0.0 0.0 0.0 1.0 1024.0 0.0 0.0 0.0 0.0 0.0 38.0 26.947368421052634 0.0 0.0 0.0 0.0 0.0 1.0 1024.0 1.6559254839334485 1.2436059597217404 4.805157531375327 0.0 26.121995862420157 163.0 6.282208588957059 4.58106600659779 4.752829121290701 15.074033345448699 0.0 19.31325074437748 51.0 20.078431372549023 1.3635850749664133 0.9628818146386797 3.4864782878754865 0.0 25.662708986180913 185.0 5.535135135135135 1.6412207443635278 1.2338326241102722 4.805157531375327 0.0 26.265546475017683 166.0 6.168674698795176 4.623389552209654 4.626418050729 15.166946884958433 0.0 19.60975946760939 50.0 20.48 1.361041497824255 0.9234711470271846 3.355582661291501 0.0 25.690852347145345 195.0 5.251282051282049 1.8311041088924844 1.3656112625820522 5.869339320126588 0.0 26.433863688829753 146.0 7.013698630136974 6.599812247510329 8.555497930014969 28.568402560419546 0.0 23.60727266036167 44.0 23.272727272727266 1.451022532068266 1.0168174129427523 3.9592310638267834 0.0 25.27580622661619 177.0 5.785310734463273 1.4821718997126845 3.7743625924153417 41.78745222094094 0.0 29.348448643212514 638.0 1.6050156739811945 24.07319097332853 10.878977035411614 36.9901087825193 0.0 13.537096399266316 42.0 24.380952380952376 0.67316311656262 1.058939836325291 4.365364986724842 0.0 29.23826360004977 667.0 1.535232383808098 1.4169618569110516 3.4117222292526472 32.874741622928155 0.0 29.45164062088824 644.0 1.5900621118012397 26.413959054522664 9.991545507772553 41.631810312897706 0.0 9.48347659176922 38.0 26.947368421052634 0.6580914509313256 1.0264785295261905 3.5217069291965686 0.0 29.384316693613304 680.0 1.505882352941178 1.3946511866458113 3.502690858301952 45.01462284090048 0.0 29.345482224521774 641.0 1.5975039001560107 28.13662262744742 5.58675950686399 35.76295777937128 0.0 7.64368178375316 36.0 28.44444444444444 0.6977944404766012 1.0905571814145025 4.365364986724842 0.0 29.32950224089589 666.0 1.5375375375375404 0.0 0.0 0.0 0.0 0.0 1.0 1024.0 0.0 0.0 0.0 0.0 0.0 38.0 26.947368421052634 0.0 0.0 0.0 0.0 0.0 1.0 1024.0 0.0 0.0 0.0 0.0 0.0 1.0 1024.0 0.0 0.0 0.0 0.0 0.0 38.0 26.947368421052634 0.0 0.0 0.0 0.0 0.0 1.0 1024.0 0.0 0.0 0.0 0.0 0.0 1.0 1024.0 0.0 0.0 0.0 0.0 0.0 38.0 26.947368421052634 0.0 0.0 0.0 0.0 0.0 1.0 1024.0 
79.0005150327869 1.6615560583669675 1.2480861931273814 4.6261065484396156 0.0 25.80997232452672 105.0 9.752380952380943 3.056263059684581 4.12259513383657 13.834661177334347 0.0 15.970947686880438 51.0 20.078431372549026 1.3270488146752664 0.9269209015897107 3.4836138576524758 0.0 25.938852198663877 126.0 8.126984126984143 1.691719278057527 1.2526848443178902 4.6261065484396156 0.0 26.637785514977242 111.0 9.225225225225216 3.215174161356519 4.115440220494991 13.241912419968985 0.0 16.309553926498698 49.0 20.89795918367347 1.3650423241282537 0.8864116046143288 3.332808309342373 0.0 26.165336946578527 134.0 7.641791044776109 1.6894324431091268 1.332734245582606 5.6352774948562505 0.0 27.584149704596115 111.0 9.225225225225216 3.8649473481133176 6.466106547867601 24.628416408678792 0.0 21.257994108536618 46.0 22.260869565217398 1.3887698263473593 1.0079945356098758 3.6016230121356916 0.0 26.197806280464942 128.0 8.0 0.0 0.0 0.0 0.0 0.0 1.0 1024.0 0.0 0.0 0.0 0.0 0.0 38.0 26.947368421052634 0.0 0.0 0.0 0.0 0.0 1.0 1024.0 0.0 0.0 0.0 0.0 0.0 1.0 1024.0 0.0 0.0 0.0 0.0 0.0 38.0 26.947368421052634 0.0 0.0 0.0 0.0 0.0 1.0 1024.0 0.0 0.0 0.0 0.0 0.0 1.0 1024.0 0.0 0.0 0.0 0.0 0.0 38.0 26.947368421052634 0.0 0.0 0.0 0.0 0.0 1.0 1024.0 1.6455072467224927 1.2465075977547229 4.805157531375327 0.0 26.185711068778968 164.0 6.243902439024386 4.58106600659779 4.752829121290701 15.074033345448699 0.0 19.31325074437748 51.0 20.078431372549023 1.360767815396403 0.9650785964898559 3.4864782878754865 0.0 25.625700959101266 185.0 5.535135135135135 1.643612190129104 1.2310538114243446 4.805157531375327 0.0 26.271077851003458 166.0 6.168674698795176 4.623389552209654 4.626418050729 15.166946884958433 0.0 19.60975946760939 50.0 20.48 1.3595489557537863 0.9248074112610895 3.355582661291501 0.0 25.691168438133893 195.0 5.2512820512820495 1.8307925189981817 1.3656379142922528 5.869339320126588 0.0 26.432244551738126 146.0 7.013698630136974 6.599812247510329 8.555497930014969 28.568402560419546 0.0 23.60727266036167 44.0 23.272727272727266 1.4406200664242252 1.0225016333601193 3.9592310638267834 0.0 25.343179234034015 178.0 5.752808988764034 1.4821718997126845 3.7743625924153417 41.78745222094094 0.0 29.348448643212514 638.0 1.6050156739811945 24.07319097332853 10.878977035411614 36.9901087825193 0.0 13.537096399266316 42.0 24.380952380952376 0.67316311656262 1.058939836325291 4.365364986724842 0.0 29.23826360004977 667.0 1.535232383808098 1.4169618569110516 3.4117222292526472 32.874741622928155 0.0 29.45164062088824 644.0 1.5900621118012397 26.413959054522664 9.991545507772553 41.631810312897706 0.0 9.48347659176922 38.0 26.947368421052634 0.6580914509313256 1.0264785295261905 3.5217069291965686 0.0 29.384316693613304 680.0 1.505882352941178 1.3946511866458113 3.502690858301952 45.01462284090048 0.0 29.345482224521774 641.0 1.5975039001560107 28.13662262744742 5.58675950686399 35.76295777937128 0.0 7.64368178375316 36.0 28.44444444444444 0.6977944404766012 1.0905571814145025 4.365364986724842 0.0 29.32950224089589 666.0 1.5375375375375404 0.0 0.0 0.0 0.0 0.0 1.0 1024.0 0.0 0.0 0.0 0.0 0.0 38.0 26.947368421052634 0.0 0.0 0.0 0.0 0.0 1.0 1024.0 0.0 0.0 0.0 0.0 0.0 1.0 1024.0 0.0 0.0 0.0 0.0 0.0 38.0 26.947368421052634 0.0 0.0 0.0 0.0 0.0 1.0 1024.0 0.0 0.0 0.0 0.0 0.0 1.0 1024.0 0.0 0.0 0.0 0.0 0.0 38.0 26.947368421052634 0.0 0.0 0.0 0.0 0.0 1.0 1024.0 
80.0005150327869 1.661277416316459 1.2479290871741808 4.6261065484396156 0.0 25.811124191654603 105.0 9.752380952380943 3.056263059684581 4.12259513383657 13.834661177334347 0.0 15.970947686880438 51.0 20.078431372549026 1.3271023725943323 0.9269061423255651 3.4836138576524758 0.0 25.93783241889063 126.0 8.126984126984143 1.6927980664963158 1.2516112006753009 4.6261065484396156 0.0 26.63707301353042 111.0 9.225225225225216 3.215174161356519 4.115440220494991 13.241912419968985 0.0 16.309553926498698 49.0 20.89795918367347 1.3752469896073733 0.8817785370452813 3.332808309342373 0.0 26.089030626528736 133.0 7.6992481203007515 1.7051316289383769 1.3283887313092988 5.6352774948562505 0.0 27.524939890677548 110.0 9.309090909090905 3.8649473481133176 6.466106547867601 24.628416408678792 0.0 21.257994108536618 46.0 22.260869565217398 1.3996790950544615 1.0016942652026815 3.6016230121356916 0.0 26.21633848313433 128.0 8.0 0.0 0.0 0.0 0.0 0.0 1.0 1024.0 0.0 0.0 0.0 0.0 0.0 38.0 26.947368421052634 0.0 0.0 0.0 0.0 0.0 1.0 1024.0 0.0 0.0 0.0 0.0 0.0 1.0 1024.0 0.0 0.0 0.0 0.0 0.0 38.0 26.947368421052634 0.0 0.0 0.0 0.0 0.0 1.0 1024.0 0.0 0.0 0.0 0.0 0.0 1.0 1024.0 0.0 0.0 0.0 0.0 0.0 38.0 26.947368421052634 0.0 0.0 0.0 0.0 0.0 1.0 1024.0 1.6451207239394587 1.246799437203371 4.805157531375327 0.0 26.171702079301642 164.0 6.243902439024386 4.58106600659779 4.752829121290701 15.074033345448699 0.0 19.31325074437748 51.0 20.078431372549023 1.306332544251278 0.9827039544403291 3.4864782878754865 0.0 26.009288356729932 193.0 5.305699481865288 1.6336280959318563 1.2340396457622664 4.805157531375327 0.0 26.217869299045894 167.0 6.1317365269461135 4.623389552209654 4.626418050729 15.166946884958433 0.0 19.60975946760939 50.0 20.48 1.3692479636989017 0.9201183668972673 3.355582661291501 0.0 25.653340057716996 194.0 5.278350515463914 1.830512288238802 1.3653708209723672 5.869339320126588 0.0 26.431200549697458 146.0 7.013698630136974 6.599812247510329 8.555497930014969 28.568402560419546 0.0 23.60727266036167 44.0 23.272727272727266 1.448419490277302 1.0176980687502921 3.9592310638267834 0.0 25.3587824328346 178.0 5.752808988764034 1.4821718997126845 3.7743625924153417 41.78745222094094 0.0 29.348448643212514 638.0 1.6050156739811945 24.07319097332853 10.878977035411614 36.9901087825193 0.0 13.537096399266316 42.0 24.380952380952376 0.67316311656262 1.058939836325291 4.365364986724842 0.0 29.23826360004977 667.0 1.535232383808098 1.4169618569110516 3.4117222292526472 32.874741622928155 0.0 29.45164062088824 644.0 1.5900621118012397 26.413959054522664 9.991545507772553 41.631810312897706 0.0 9.48347659176922 38.0 26.947368421052634 0.6580914509313256 1.0264785295261905 3.5217069291965686 0.0 29.384316693613304 680.0 1.505882352941178 1.3946511866458113 3.502690858301952 45.01462284090048 0.0 29.345482224521774 641.0 1.5975039001560107 28.13662262744742 5.58675950686399 35.76295777937128 0.0 7.64368178375316 36.0 28.44444444444444 0.6977944404766012 1.0905571814145025 4.365364986724842 0.0 29.32950224089589 666.0 1.5375375375375404 0.0 0.0 0.0 0.0 0.0 1.0 1024.0 0.0 0.0 0.0 0.0 0.0 38.0 26.947368421052634 0.0 0.0 0.0 0.0 0.0 1.0 1024.0 0.0 0.0 0.0 0.0 0.0 1.0 1024.0 0.0 0.0 0.0 0.0 0.0 38.0 26.947368421052634 0.0 0.0 0.0 0.0 0.0 1.0 1024.0 0.0 0.0 0.0 0.0 0.0 1.0 1024.0 0.0 0.0 0.0 0.0 0.0 38.0 26.947368421052634 0.0 0.0 0.0 0.0 0.0 1.0 1024.0 
81.0005150327869 1.661277416316459 1.2479290871741808 4.6261065484396156 0.0 25.811124191654603 105.0 9.752380952380943 3.056263059684581 4.12259513383657 13.834661177334347 0.0 15.970947686880438 51.0 20.078431372549026 1.3310842876341191 0.9298592818212167 3.4836138576524758 0.0 25.887852193050875 125.0 8.191999999999993 1.6927980664963158 1.2516112006753009 4.6261065484396156 0.0 26.63707301353042 111.0 9.225225225225216 3.215174161356519 4.115440220494991 13.241912419968985 0.0 16.309553926498698 49.0 20.89795918367347 1.3752469896073733 0.8817785370452813 3.332808309342373 0.0 26.089030626528736 133.0 7.6992481203007515 1.6901698749122755 1.33148853386889 5.6352774948562505 0.0 27.581190601335223 111.0 9.225225225225216 3.8649473481133176 6.466106547867601 24.628416408678792 0.0 21.257994108536618 46.0 22.260869565217398 1.4055743011572364 1.0009171124341267 3.6016230121356916 0.0 26.159442437953768 127.0 8.062992125984264 0.0 0.0 0.0 0.0 0.0 1.0 1024.0 0.0 0.0 0.0 0.0 0.0 38.0 26.947368421052634 0.0 0.0 0.0 0.0 0.0 1.0 1024.0 0.0 0.0 0.0 0.0 0.0 1.0 1024.0 0.0 0.0 0.0 0.0 0.0 38.0 26.947368421052634 0.0 0.0 0.0 0.0 0.0 1.0 1024.0 0.0 0.0 0.0 0.0 0.0 1.0 1024.0 0.0 0.0 0.0 0.0 0.0 38.0 26.947368421052634 0.0 0.0 0.0 0.0 0.0 1.0 1024.0 1.6465540183158498 1.2457695147697878 4.805157531375327 0.0 26.192505350444065 164.0 6.243902439024386 4.58106600659779 4.752829121290701 15.074033345448699 0.0 19.31325074437748 51.0 20.078431372549023 1.328643647199786 0.9781540897805718 3.4864782878754865 0.0 25.87607279965758 188.0 5.446808510638295 1.6719699925283136 1.2172367145464786 4.805157531375327 0.0 26.27871481913196 164.0 6.243902439024386 4.623389552209654 4.626418050729 15.166946884958433 0.0 19.60975946760939 50.0 20.48 1.3718506010084537 0.9197199158735111 3.355582661291501 0.0 25.65994096690899 194.0 5.278350515463914 1.830512288238802 1.3653708209723672 5.869339320126588 0.0 26.431200549697458 146.0 7.013698630136974 6.599812247510329 8.555497930014969 28.568402560419546 0.0 23.60727266036167 44.0 23.272727272727266 1.443224237694071 1.0213514445264906 3.9592310638267834 0.0 25.283277417873915 178.0 5.752808988764034 1.4821718997126845 3.7743625924153417 41.78745222094094 0.0 29.348448643212514 638.0 1.6050156739811945 24.07319097332853 10.878977035411614 36.9901087825193 0.0 13.537096399266316 42.0 24.380952380952376 0.67316311656262 1.058939836325291 4.365364986724842 0.0 29.23826360004977 667.0 1.535232383808098 1.4169618569110516 3.4117222292526472 32.874741622928155 0.0 29.45164062088824 644.0 1.5900621118012397 26.413959054522664 9.991545507772553 41.631810312897706 0.0 9.48347659176922 38.0 26.947368421052634 0.6580914509313256 1.0264785295261905 3.5217069291965686 0.0 29.384316693613304 680.0 1.505882352941178 1.3946511866458113 3.502690858301952 45.01462284090048 0.0 29.345482224521774 641.0 1.5975039001560107 28.13662262744742 5.58675950686399 35.76295777937128 0.0 7.64368178375316 36.0 28.44444444444444 0.6977944404766012 1.0905571814145025 4.365364986724842 0.0 29.32950224089589 666.0 1.5375375375375404 0.0 0.0 0.0 0.0 0.0 1.0 1024.0 0.0 0.0 0.0 0.0 0.0 38.0 26.947368421052634 0.0 0.0 0.0 0.0 0.0 1.0 1024.0 0.0 0.0 0.0 0.0 0.0 1.0 1024.0 0.0 0.0 0.0 0.0 0.0 38.0 26.947368421052634 0.0 0.0 0.0 0.0 0.0 1.0 1024.0 0.0 0.0 0.0 0.0 0.0 1.0 1024.0 0.0 0.0 0.0 0.0 0.0 38.0 26.947368421052634 0.0 0.0 0.0 0.0 0.0 1.0 1024.0 
82.0005150327869 1.661277416316459 1.2479290871741808 4.6261065484396156 0.0 25.811124191654603 105.0 9.752380952380943 3.056263059684581 4.12259513383657 13.834661177334347 0.0 15.970947686880438 51.0 20.078431372549026 1.3417687305450738 0.9258698906242298 3.4836138576524758 0.0 25.83237991671596 124.0 8.25806451612904 1.6928600177563855 1.2515592593185312 4.6261065484396156 0.0 26.637297884752684 111.0 9.225225225225216 3.215174161356519 4.115440220494991 13.241912419968985 0.0 16.309553926498698 49.0 20.89795918367347 1.3752469896073733 0.8817785370452813 3.332808309342373 0.0 26.089030626528736 133.0 7.6992481203007515 1.6748707681050519 1.3352474241795051 5.6352774948562505 0.0 27.63148147247574 112.0 9.14285714285713 3.8649473481133176 6.466106547867601 24.628416408678792 0.0 21.257994108536618 46.0 22.260869565217398 1.4055743011572364 1.0009171124341267 3.6016230121356916 0.0 26.159442437953768 127.0 8.062992125984264 0.0 0.0 0.0 0.0 0.0 1.0 1024.0 0.0 0.0 0.0 0.0 0.0 38.0 26.947368421052634 0.0 0.0 0.0 0.0 0.0 1.0 1024.0 0.0 0.0 0.0 0.0 0.0 1.0 1024.0 0.0 0.0 0.0 0.0 0.0 38.0 26.947368421052634 0.0 0.0 0.0 0.0 0.0 1.0 1024.0 0.0 0.0 0.0 0.0 0.0 1.0 1024.0 0.0 0.0 0.0 0.0 0.0 38.0 26.947368421052634 0.0 0.0 0.0 0.0 0.0 1.0 1024.0 1.6531314105306625 1.246585977908735 4.805157531375327 0.0 26.151960113916715 163.0 6.2822085889570545 4.58106600659779 4.752829121290701 15.074033345448699 0.0 19.31325074437748 51.0 20.078431372549023 1.3566488636341323 0.9693249265435434 3.4864782878754865 0.0 25.611185746750575 184.0 5.5652173913043494 1.660290858387425 1.2238078564736576 4.805157531375327 0.0 26.394533720888578 166.0 6.168674698795177 4.623389552209654 4.626418050729 15.166946884958433 0.0 19.60975946760939 50.0 20.48 1.3713278650530216 0.9196679596692343 3.355582661291501 0.0 25.66318816522712 194.0 5.278350515463914 1.8275910657766095 1.3659721641956617 5.869339320126588 0.0 26.425883647252117 146.0 7.013698630136974 6.599812247510329 8.555497930014969 28.568402560419546 0.0 23.60727266036167 44.0 23.272727272727266 1.443224237694071 1.0213514445264906 3.9592310638267834 0.0 25.283277417873915 178.0 5.752808988764034 1.4821718997126845 3.7743625924153417 41.78745222094094 0.0 29.348448643212514 638.0 1.6050156739811945 24.07319097332853 10.878977035411614 36.9901087825193 0.0 13.537096399266316 42.0 24.380952380952376 0.67316311656262 1.058939836325291 4.365364986724842 0.0 29.23826360004977 667.0 1.535232383808098 1.4169618569110516 3.4117222292526472 32.874741622928155 0.0 29.45164062088824 644.0 1.5900621118012397 26.413959054522664 9.991545507772553 41.631810312897706 0.0 9.48347659176922 38.0 26.947368421052634 0.6580914509313256 1.0264785295261905 3.5217069291965686 0.0 29.384316693613304 680.0 1.505882352941178 1.3946511866458113 3.502690858301952 45.01462284090048 0.0 29.345482224521774 641.0 1.5975039001560107 28.13662262744742 5.58675950686399 35.76295777937128 0.0 7.64368178375316 36.0 28.44444444444444 0.6977944404766012 1.0905571814145025 4.365364986724842 0.0 29.32950224089589 666.0 1.5375375375375404 0.0 0.0 0.0 0.0 0.0 1.0 1024.0 0.0 0.0 0.0 0.0 0.0 38.0 26.947368421052634 0.0 0.0 0.0 0.0 0.0 1.0 1024.0 0.0 0.0 0.0 0.0 0.0 1.0 1024.0 0.0 0.0 0.0 0.0 0.0 38.0 26.947368421052634 0.0 0.0 0.0 0.0 0.0 1.0 1024.0 0.0 0.0 0.0 0.0 0.0 1.0 1024.0 0.0 0.0 0.0 0.0 0.0 38.0 26.947368421052634 0.0 0.0 0.0 0.0 0.0 1.0 1024.0 
83.0005150327869 1.661277416316459 1.2479290871741808 4.6261065484396156 0.0 25.811124191654603 105.0 9.752380952380943 3.056263059684581 4.12259513383657 13.834661177334347 0.0 15.970947686880438 51.0 20.078431372549026 1.3416532066077635 0.9259710523462501 3.4836138576524758 0.0 25.83058631938175 124.0 8.25806451612904 1.6772140616375975 1.2565661461238906 4.6261065484396156 0.0 26.686255827441737 112.0 9.14285714285713 3.215174161356519 4.115440220494991 13.241912419968985 0.0 16.309553926498698 49.0 20.89795918367347 1.3752469896073733 0.8817785370452813 3.332808309342373 0.0 26.089030626528736 133.0 7.6992481203007515 1.6597102214056145 1.3388796069726667 5.6352774948562505 0.0 27.677626971206738 113.0 9.061946902654856 3.8649473481133176 6.466106547867601 24.628416408678792 0.0 21.257994108536618 46.0 22.260869565217398 1.4055743011572364 1.0009171124341267 3.6016230121356916 0.0 26.159442437953768 127.0 8.062992125984264 0.0 0.0 0.0 0.0 0.0 1.0 1024.0 0.0 0.0 0.0 0.0 0.0 38.0 26.947368421052634 0.0 0.0 0.0 0.0 0.0 1.0 1024.0 0.0 0.0 0.0 0.0 0.0 1.0 1024.0 0.0 0.0 0.0 0.0 0.0 38.0 26.947368421052634 0.0 0.0 0.0 0.0 0.0 1.0 1024.0 0.0 0.0 0.0 0.0 0.0 1.0 1024.0 0.0 0.0 0.0 0.0 0.0 38.0 26.947368421052634 0.0 0.0 0.0 0.0 0.0 1.0 1024.0 1.6622643653863616 1.2449586999190354 4.805157531375327 0.0 25.9744133158584 162.0 6.320987654320982 4.58106600659779 4.752829121290701 15.074033345448699 0.0 19.31325074437748 51.0 20.078431372549023 1.347022834517342 0.9749504831519323 3.4864782878754865 0.0 25.642140159369898 185.0 5.535135135135135 1.671012760771957 1.2209542527323316 4.805157531375327 0.0 26.338609786997612 165.0 6.206060606060608 4.623389552209654 4.626418050729 15.166946884958433 0.0 19.60975946760939 50.0 20.48 1.370676609906894 0.9202598326114919 3.355582661291501 0.0 25.661485797387833 194.0 5.278350515463915 1.8275910657766095 1.3659721641956617 5.869339320126588 0.0 26.425883647252117 146.0 7.013698630136974 6.599812247510329 8.555497930014969 28.568402560419546 0.0 23.60727266036167 44.0 23.272727272727266 1.443224237694071 1.0213514445264906 3.9592310638267834 0.0 25.283277417873915 178.0 5.752808988764034 1.4821718997126845 3.7743625924153417 41.78745222094094 0.0 29.348448643212514 638.0 1.6050156739811945 24.07319097332853 10.878977035411614 36.9901087825193 0.0 13.537096399266316 42.0 24.380952380952376 0.67316311656262 1.058939836325291 4.365364986724842 0.0 29.23826360004977 667.0 1.535232383808098 1.4169618569110516 3.4117222292526472 32.874741622928155 0.0 29.45164062088824 644.0 1.5900621118012397 26.413959054522664 9.991545507772553 41.631810312897706 0.0 9.48347659176922 38.0 26.947368421052634 0.6580914509313256 1.0264785295261905 3.5217069291965686 0.0 29.384316693613304 680.0 1.505882352941178 1.3946511866458113 3.502690858301952 45.01462284090048 0.0 29.345482224521774 641.0 1.5975039001560107 28.13662262744742 5.58675950686399 35.76295777937128 0.0 7.64368178375316 36.0 28.44444444444444 0.6977944404766012 1.0905571814145025 4.365364986724842 0.0 29.32950224089589 666.0 1.5375375375375404 0.0 0.0 0.0 0.0 0.0 1.0 1024.0 0.0 0.0 0.0 0.0 0.0 38.0 26.947368421052634 0.0 0.0 0.0 0.0 0.0 1.0 1024.0 0.0 0.0 0.0 0.0 0.0 1.0 1024.0 0.0 0.0 0.0 0.0 0.0 38.0 26.947368421052634 0.0 0.0 0.0 0.0 0.0 1.0 1024.0 0.0 0.0 0.0 0.0 0.0 1.0 1024.0 0.0 0.0 0.0 0.0 0.0 38.0 26.947368421052634 0.0 0.0 0.0 0.0 0.0 1.0 1024.0 
84.0005150327869 1.661277416316459 1.2479290871741808 4.6261065484396156 0.0 25.811124191654603 105.0 9.752380952380943 3.056263059684581 4.12259513383657 13.834661177334347 0.0 15.970947686880438 51.0 20.078431372549026 1.3370103581083757 0.9313658692641043 3.4836138576524758 0.0 25.826555777222186 124.0 8.25806451612904 1.6755642476304737 1.2580305850863152 4.6261065484396156 0.0 26.687798259467897 112.0 9.14285714285713 3.215174161356519 4.115440220494991 13.241912419968985 0.0 16.309553926498698 49.0 20.89795918367347 1.3752469896073733 0.8817785370452813 3.332808309342373 0.0 26.089030626528736 133.0 7.6992481203007515 1.6906968853174373 1.3306558603711056 5.6352774948562505 0.0 27.58089774145892 111.0 9.225225225225216 3.8649473481133176 6.466106547867601 24.628416408678792 0.0 21.257994108536618 46.0 22.260869565217398 1.4055743011572364 1.0009171124341267 3.6016230121356916 0.0 26.159442437953768 127.0 8.062992125984264 0.0 0.0 0.0 0.0 0.0 1.0 1024.0 0.0 0.0 0.0 0.0 0.0 38.0 26.947368421052634 0.0 0.0 0.0 0.0 0.0 1.0 1024.0 0.0 0.0 0.0 0.0 0.0 1.0 1024.0 0.0 0.0 0.0 0.0 0.0 38.0 26.947368421052634 0.0 0.0 0.0 0.0 0.0 1.0 1024.0 0.0 0.0 0.0 0.0 0.0 1.0 1024.0 0.0 0.0 0.0 0.0 0.0 38.0 26.947368421052634 0.0 0.0 0.0 0.0 0.0 1.0 1024.0 1.661265750146779 1.2465109973192192 4.805157531375327 0.0 26.12046175868165 162.0 6.320987654320979 4.58106600659779 4.752829121290701 15.074033345448699 0.0 19.31325074437748 51.0 20.078431372549023 1.347022834517342 0.9749504831519323 3.4864782878754865 0.0 25.642140159369898 185.0 5.535135135135135 1.6837648670747598 1.2142716159054898 4.805157531375327 0.0 26.28977679024275 164.0 6.243902439024386 4.623389552209654 4.626418050729 15.166946884958433 0.0 19.60975946760939 50.0 20.48 1.363786351548418 0.9230927171261155 3.355582661291501 0.0 25.73044776032026 195.0 5.251282051282049 1.8275910657766095 1.3659721641956617 5.869339320126588 0.0 26.425883647252117 146.0 7.013698630136974 6.599812247510329 8.555497930014969 28.568402560419546 0.0 23.60727266036167 44.0 23.272727272727266 1.443224237694071 1.0213514445264906 3.9592310638267834 0.0 25.283277417873915 178.0 5.752808988764034 1.4821718997126845 3.7743625924153417 41.78745222094094 0.0 29.348448643212514 638.0 1.6050156739811945 24.07319097332853 10.878977035411614 36.9901087825193 0.0 13.537096399266316 42.0 24.380952380952376 0.67316311656262 1.058939836325291 4.365364986724842 0.0 29.23826360004977 667.0 1.535232383808098 1.4169618569110516 3.4117222292526472 32.874741622928155 0.0 29.45164062088824 644.0 1.5900621118012397 26.413959054522664 9.991545507772553 41.631810312897706 0.0 9.48347659176922 38.0 26.947368421052634 0.6580914509313256 1.0264785295261905 3.5217069291965686 0.0 29.384316693613304 680.0 1.505882352941178 1.3946511866458113 3.502690858301952 45.01462284090048 0.0 29.345482224521774 641.0 1.5975039001560107 28.13662262744742 5.58675950686399 35.76295777937128 0.0 7.64368178375316 36.0 28.44444444444444 0.6977944404766012 1.0905571814145025 4.365364986724842 0.0 29.32950224089589 666.0 1.5375375375375404 0.0 0.0 0.0 0.0 0.0 1.0 1024.0 0.0 0.0 0.0 0.0 0.0 38.0 26.947368421052634 0.0 0.0 0.0 0.0 0.0 1.0 1024.0 0.0 0.0 0.0 0.0 0.0 1.0 1024.0 0.0 0.0 0.0 0.0 0.0 38.0 26.947368421052634 0.0 0.0 0.0 0.0 0.0 1.0 1024.0 0.0 0.0 0.0 0.0 0.0 1.0 1024.0 0.0 0.0 0.0 0.0 0.0 38.0 26.947368421052634 0.0 0.0 0.0 0.0 0.0 1.0 1024.0 
85.0005150327869 1.661277416316459 1.2479290871741808 4.6261065484396156 0.0 25.811124191654603 105.0 9.752380952380943 3.056263059684581 4.12259513383657 13.834661177334347 0.0 15.970947686880438 51.0 20.078431372549026 1.326010982050011 0.9356412864559013 3.4836138576524758 0.0 25.89260216964928 125.0 8.191999999999993 1.661967631622427 1.2605848287379842 4.6261065484396156 0.0 26.731225496052655 113.0 9.061946902654856 3.215174161356519 4.115440220494991 13.241912419968985 0.0 16.309553926498698 49.0 20.89795918367347 1.3752469896073733 0.8817785370452813 3.332808309342373 0.0 26.089030626528736 133.0 7.6992481203007515 1.6906968853174373 1.3306558603711056 5.6352774948562505 0.0 27.58089774145892 111.0 9.225225225225216 3.8649473481133176 6.466106547867601 24.628416408678792 0.0 21.257994108536618 46.0 22.260869565217398 1.4055743011572364 1.0009171124341267 3.6016230121356916 0.0 26.159442437953768 127.0 8.062992125984264 0.0 0.0 0.0 0.0 0.0 1.0 1024.0 0.0 0.0 0.0 0.0 0.0 38.0 26.947368421052634 0.0 0.0 0.0 0.0 0.0 1.0 1024.0 0.0 0.0 0.0 0.0 0.0 1.0 1024.0 0.0 0.0 0.0 0.0 0.0 38.0 26.947368421052634 0.0 0.0 0.0 0.0 0.0 1.0 1024.0 0.0 0.0 0.0 0.0 0.0 1.0 1024.0 0.0 0.0 0.0 0.0 0.0 38.0 26.947368421052634 0.0 0.0 0.0 0.0 0.0 1.0 1024.0 1.687011595707644 1.2295202748097813 4.805157531375327 0.0 26.081448633032817 161.0 6.3602484472049605 4.58106600659779 4.752829121290701 15.074033345448699 0.0 19.31325074437748 51.0 20.078431372549023 1.3366514886856642 0.9753285471424464 3.4864782878754865 0.0 25.731839088060802 187.0 5.475935828877006 1.6641605331258456 1.2198174846081737 4.805157531375327 0.0 26.421923740394888 166.0 6.168674698795177 4.623389552209654 4.626418050729 15.166946884958433 0.0 19.60975946760939 50.0 20.48 1.3638590609591883 0.9230633541528162 3.355582661291501 0.0 25.730179263715872 195.0 5.251282051282049 1.8278354154040752 1.3658465957608517 5.869339320126588 0.0 26.426605491029193 146.0 7.013698630136974 6.599812247510329 8.555497930014969 28.568402560419546 0.0 23.60727266036167 44.0 23.272727272727266 1.443224237694071 1.0213514445264906 3.9592310638267834 0.0 25.283277417873915 178.0 5.752808988764034 1.4821718997126845 3.7743625924153417 41.78745222094094 0.0 29.348448643212514 638.0 1.6050156739811945 24.07319097332853 10.878977035411614 36.9901087825193 0.0 13.537096399266316 42.0 24.380952380952376 0.67316311656262 1.058939836325291 4.365364986724842 0.0 29.23826360004977 667.0 1.535232383808098 1.4169618569110516 3.4117222292526472 32.874741622928155 0.0 29.45164062088824 644.0 1.5900621118012397 26.413959054522664 9.991545507772553 41.631810312897706 0.0 9.48347659176922 38.0 26.947368421052634 0.6580914509313256 1.0264785295261905 3.5217069291965686 0.0 29.384316693613304 680.0 1.505882352941178 1.3946511866458113 3.502690858301952 45.01462284090048 0.0 29.345482224521774 641.0 1.5975039001560107 28.13662262744742 5.58675950686399 35.76295777937128 0.0 7.64368178375316 36.0 28.44444444444444 0.6977944404766012 1.0905571814145025 4.365364986724842 0.0 29.32950224089589 666.0 1.5375375375375404 0.0 0.0 0.0 0.0 0.0 1.0 1024.0 0.0 0.0 0.0 0.0 0.0 38.0 26.947368421052634 0.0 0.0 0.0 0.0 0.0 1.0 1024.0 0.0 0.0 0.0 0.0 0.0 1.0 1024.0 0.0 0.0 0.0 0.0 0.0 38.0 26.947368421052634 0.0 0.0 0.0 0.0 0.0 1.0 1024.0 0.0 0.0 0.0 0.0 0.0 1.0 1024.0 0.0 0.0 0.0 0.0 0.0 38.0 26.947368421052634 0.0 0.0 0.0 0.0 0.0 1.0 1024.0 
86.0005150327869 1.661277416316459 1.2479290871741808 4.6261065484396156 0.0 25.811124191654603 105.0 9.752380952380943 3.056263059684581 4.12259513383657 13.834661177334347 0.0 15.970947686880438 51.0 20.078431372549026 1.3247559987582045 0.9372041050221819 3.4836138576524758 0.0 25.892697928008776 125.0 8.191999999999993 1.6316150389861819 1.269608961772787 4.6261065484396156 0.0 26.818061987212037 115.0 8.904347826086953 3.215174161356519 4.115440220494991 13.241912419968985 0.0 16.309553926498698 49.0 20.89795918367347 1.3752469896073733 0.8817785370452813 3.332808309342373 0.0 26.089030626528736 133.0 7.6992481203007515 1.6942272479444371 1.3323058928187468 5.6352774948562505 0.0 27.58495108752496 111.0 9.225225225225216 3.8649473481133176 6.466106547867601 24.628416408678792 0.0 21.257994108536618 46.0 22.260869565217398 1.405067153263819 1.000887999059599 3.6016230121356916 0.0 26.157195909632243 127.0 8.062992125984264 0.0 0.0 0.0 0.0 0.0 1.0 1024.0 0.0 0.0 0.0 0.0 0.0 38.0 26.947368421052634 0.0 0.0 0.0 0.0 0.0 1.0 1024.0 0.0 0.0 0.0 0.0 0.0 1.0 1024.0 0.0 0.0 0.0 0.0 0.0 38.0 26.947368421052634 0.0 0.0 0.0 0.0 0.0 1.0 1024.0 0.0 0.0 0.0 0.0 0.0 1.0 1024.0 0.0 0.0 0.0 0.0 0.0 38.0 26.947368421052634 0.0 0.0 0.0 0.0 0.0 1.0 1024.0 1.6955108059221342 1.2278846598471718 4.805157531375327 0.0 26.01631764053123 160.0 6.400000000000005 4.58106600659779 4.752829121290701 15.074033345448699 0.0 19.31325074437748 51.0 20.078431372549023 1.3441551529946543 0.972488403958017 3.4864782878754865 0.0 25.684033437468912 186.0 5.505376344086026 1.6641327440847724 1.2198359371373293 4.805157531375327 0.0 26.421724015799306 166.0 6.168674698795177 4.623389552209654 4.626418050729 15.166946884958433 0.0 19.60975946760939 50.0 20.48 1.3712114713955554 0.9199312558392772 3.355582661291501 0.0 25.659030047196424 194.0 5.278350515463915 1.8278354154040752 1.3658465957608517 5.869339320126588 0.0 26.426605491029193 146.0 7.013698630136974 6.599812247510329 8.555497930014969 28.568402560419546 0.0 23.60727266036167 44.0 23.272727272727266 1.443224237694071 1.0213514445264906 3.9592310638267834 0.0 25.283277417873915 178.0 5.752808988764034 1.4821718997126845 3.7743625924153417 41.78745222094094 0.0 29.348448643212514 638.0 1.6050156739811945 24.07319097332853 10.878977035411614 36.9901087825193 0.0 13.537096399266316 42.0 24.380952380952376 0.67316311656262 1.058939836325291 4.365364986724842 0.0 29.23826360004977 667.0 1.535232383808098 1.4169618569110516 3.4117222292526472 32.874741622928155 0.0 29.45164062088824 644.0 1.5900621118012397 26.413959054522664 9.991545507772553 41.631810312897706 0.0 9.48347659176922 38.0 26.947368421052634 0.6580914509313256 1.0264785295261905 3.5217069291965686 0.0 29.384316693613304 680.0 1.505882352941178 1.3946511866458113 3.502690858301952 45.01462284090048 0.0 29.345482224521774 641.0 1.5975039001560107 28.13662262744742 5.58675950686399 35.76295777937128 0.0 7.64368178375316 36.0 28.44444444444444 0.6977944404766012 1.0905571814145025 4.365364986724842 0.0 29.32950224089589 666.0 1.5375375375375404 0.0 0.0 0.0 0.0 0.0 1.0 1024.0 0.0 0.0 0.0 0.0 0.0 38.0 26.947368421052634 0.0 0.0 0.0 0.0 0.0 1.0 1024.0 0.0 0.0 0.0 0.0 0.0 1.0 1024.0 0.0 0.0 0.0 0.0 0.0 38.0 26.947368421052634 0.0 0.0 0.0 0.0 0.0 1.0 1024.0 0.0 0.0 0.0 0.0 0.0 1.0 1024.0 0.0 0.0 0.0 0.0 0.0 38.0 26.947368421052634 0.0 0.0 0.0 0.0 0.0 1.0 1024.0 
87.0005150327869 1.6619286481108388 1.247049755962904 4.6261065484396156 0.0 25.812775169852976 105.0 9.752380952380943 3.056263059684581 4.12259513383657 13.834661177334347 0.0 15.970947686880438 51.0 20.078431372549026 1.3350569919278945 0.9337015091939692 3.4836138576524758 0.0 25.82533896019793 124.0 8.25806451612904 1.6048584516800612 1.274597423929548 4.6261065484396156 0.0 26.879471002382136 117.0 8.75213675213674 3.215174161356519 4.115440220494991 13.241912419968985 0.0 16.309553926498698 49.0 20.89795918367347 1.3752469896073733 0.8817785370452813 3.332808309342373 0.0 26.089030626528736 133.0 7.6992481203007515 1.694135142849449 1.334999565623602 5.6352774948562505 0.0 27.587494656651074 111.0 9.225225225225216 3.8649473481133176 6.466106547867601 24.628416408678792 0.0 21.257994108536618 46.0 22.260869565217398 1.4155956896824096 0.9967905955874099 3.6016230121356916 0.0 26.19772461123048 126.0 8.126984126984144 0.0 0.0 0.0 0.0 0.0 1.0 1024.0 0.0 0.0 0.0 0.0 0.0 38.0 26.947368421052634 0.0 0.0 0.0 0.0 0.0 1.0 1024.0 0.0 0.0 0.0 0.0 0.0 1.0 1024.0 0.0 0.0 0.0 0.0 0.0 38.0 26.947368421052634 0.0 0.0 0.0 0.0 0.0 1.0 1024.0 0.0 0.0 0.0 0.0 0.0 1.0 1024.0 0.0 0.0 0.0 0.0 0.0 38.0 26.947368421052634 0.0 0.0 0.0 0.0 0.0 1.0 1024.0 1.7055862304425642 1.2241695860107342 4.805157531375327 0.0 25.87463011333715 159.0 6.440251572327046 4.58106600659779 4.752829121290701 15.074033345448699 0.0 19.31325074437748 51.0 20.078431372549023 1.3642077019549406 0.9670169124838429 3.4864782878754865 0.0 25.52255207929044 183.0 5.595628415300541 1.6751806817799118 1.2153169659562082 4.805157531375327 0.0 26.356024565197 165.0 6.206060606060608 4.623389552209654 4.626418050729 15.166946884958433 0.0 19.60975946760939 50.0 20.48 1.3783919261749369 0.9170317333577648 3.355582661291501 0.0 25.595990328627927 193.0 5.3056994818652905 1.8278354154040752 1.3658465957608517 5.869339320126588 0.0 26.426605491029193 146.0 7.013698630136974 6.599812247510329 8.555497930014969 28.568402560419546 0.0 23.60727266036167 44.0 23.272727272727266 1.443224237694071 1.0213514445264906 3.9592310638267834 0.0 25.283277417873915 178.0 5.752808988764034 1.4821718997126845 3.7743625924153417 41.78745222094094 0.0 29.348448643212514 638.0 1.6050156739811945 24.07319097332853 10.878977035411614 36.9901087825193 0.0 13.537096399266316 42.0 24.380952380952376 0.67316311656262 1.058939836325291 4.365364986724842 0.0 29.23826360004977 667.0 1.535232383808098 1.4169618569110516 3.4117222292526472 32.874741622928155 0.0 29.45164062088824 644.0 1.5900621118012397 26.413959054522664 9.991545507772553 41.631810312897706 0.0 9.48347659176922 38.0 26.947368421052634 0.6580914509313256 1.0264785295261905 3.5217069291965686 0.0 29.384316693613304 680.0 1.505882352941178 1.3946511866458113 3.502690858301952 45.01462284090048 0.0 29.345482224521774 641.0 1.5975039001560107 28.13662262744742 5.58675950686399 35.76295777937128 0.0 7.64368178375316 36.0 28.44444444444444 0.6977944404766012 1.0905571814145025 4.365364986724842 0.0 29.32950224089589 666.0 1.5375375375375404 0.0 0.0 0.0 0.0 0.0 1.0 1024.0 0.0 0.0 0.0 0.0 0.0 38.0 26.947368421052634 0.0 0.0 0.0 0.0 0.0 1.0 1024.0 0.0 0.0 0.0 0.0 0.0 1.0 1024.0 0.0 0.0 0.0 0.0 0.0 38.0 26.947368421052634 0.0 0.0 0.0 0.0 0.0 1.0 1024.0 0.0 0.0 0.0 0.0 0.0 1.0 1024.0 0.0 0.0 0.0 0.0 0.0 38.0 26.947368421052634 0.0 0.0 0.0 0.0 0.0 1.0 1024.0 
88.0005150327869 1.6619286481108388 1.247049755962904 4.6261065484396156 0.0 25.812775169852976 105.0 9.752380952380943 3.056263059684581 4.12259513383657 13.834661177334347 0.0 15.970947686880438 51.0 20.078431372549026 1.3132300251978417 0.9418882162357745 3.4836138576524758 0.0 25.95721761778474 126.0 8.126984126984143 1.6058420027221965 1.2737897019392672 4.6261065484396156 0.0 26.907166915188395 117.0 8.75213675213674 3.215174161356519 4.115440220494991 13.241912419968985 0.0 16.309553926498698 49.0 20.89795918367347 1.3752469896073733 0.8817785370452813 3.332808309342373 0.0 26.089030626528736 133.0 7.6992481203007515 1.694135142849449 1.334999565623602 5.6352774948562505 0.0 27.587494656651074 111.0 9.225225225225216 3.8649473481133176 6.466106547867601 24.628416408678792 0.0 21.257994108536618 46.0 22.260869565217398 1.4136335629160228 0.9958790928685 3.6016230121356916 0.0 26.201074148493475 126.0 8.126984126984144 0.0 0.0 0.0 0.0 0.0 1.0 1024.0 0.0 0.0 0.0 0.0 0.0 38.0 26.947368421052634 0.0 0.0 0.0 0.0 0.0 1.0 1024.0 0.0 0.0 0.0 0.0 0.0 1.0 1024.0 0.0 0.0 0.0 0.0 0.0 38.0 26.947368421052634 0.0 0.0 0.0 0.0 0.0 1.0 1024.0 0.0 0.0 0.0 0.0 0.0 1.0 1024.0 0.0 0.0 0.0 0.0 0.0 38.0 26.947368421052634 0.0 0.0 0.0 0.0 0.0 1.0 1024.0 1.6884597621004624 1.2322146162330527 4.805157531375327 0.0 25.860575056826338 160.0 6.400000000000005 4.58106600659779 4.752829121290701 15.074033345448699 0.0 19.31325074437748 51.0 20.078431372549023 1.364263279043551 0.9669746993045563 3.4864782878754865 0.0 25.523102545789424 183.0 5.595628415300541 1.6754485474222165 1.218976322424731 4.805157531375327 0.0 26.35833587811992 165.0 6.206060606060608 4.623389552209654 4.626418050729 15.166946884958433 0.0 19.60975946760939 50.0 20.48 1.3782074717555437 0.9170381972086886 3.355582661291501 0.0 25.59539231706786 193.0 5.3056994818652905 1.8280630968752147 1.365733037549216 5.869339320126588 0.0 26.42729622697567 146.0 7.013698630136974 6.599812247510329 8.555497930014969 28.568402560419546 0.0 23.60727266036167 44.0 23.272727272727266 1.443224237694071 1.0213514445264906 3.9592310638267834 0.0 25.283277417873915 178.0 5.752808988764034 1.4821718997126845 3.7743625924153417 41.78745222094094 0.0 29.348448643212514 638.0 1.6050156739811945 24.07319097332853 10.878977035411614 36.9901087825193 0.0 13.537096399266316 42.0 24.380952380952376 0.67316311656262 1.058939836325291 4.365364986724842 0.0 29.23826360004977 667.0 1.535232383808098 1.4169618569110516 3.4117222292526472 32.874741622928155 0.0 29.45164062088824 644.0 1.5900621118012397 26.413959054522664 9.991545507772553 41.631810312897706 0.0 9.48347659176922 38.0 26.947368421052634 0.6580914509313256 1.0264785295261905 3.5217069291965686 0.0 29.384316693613304 680.0 1.505882352941178 1.3946511866458113 3.502690858301952 45.01462284090048 0.0 29.345482224521774 641.0 1.5975039001560107 28.13662262744742 5.58675950686399 35.76295777937128 0.0 7.64368178375316 36.0 28.44444444444444 0.6977944404766012 1.0905571814145025 4.365364986724842 0.0 29.32950224089589 666.0 1.5375375375375404 0.0 0.0 0.0 0.0 0.0 1.0 1024.0 0.0 0.0 0.0 0.0 0.0 38.0 26.947368421052634 0.0 0.0 0.0 0.0 0.0 1.0 1024.0 0.0 0.0 0.0 0.0 0.0 1.0 1024.0 0.0 0.0 0.0 0.0 0.0 38.0 26.947368421052634 0.0 0.0 0.0 0.0 0.0 1.0 1024.0 0.0 0.0 0.0 0.0 0.0 1.0 1024.0 0.0 0.0 0.0 0.0 0.0 38.0 26.947368421052634 0.0 0.0 0.0 0.0 0.0 1.0 1024.0 
89.0005150327869 1.6619286481108388 1.247049755962904 4.6261065484396156 0.0 25.812775169852976 105.0 9.752380952380943 3.056263059684581 4.12259513383657 13.834661177334347 0.0 15.970947686880438 51.0 20.078431372549026 1.3232209506470696 0.9389058226953504 3.4836138576524758 0.0 25.886526242568614 125.0 8.191999999999993 1.6194599265497738 1.270268232873215 4.6261065484396156 0.0 26.885132157115596 116.0 8.827586206896544 3.215174161356519 4.115440220494991 13.241912419968985 0.0 16.309553926498698 49.0 20.89795918367347 1.3752469896073733 0.8817785370452813 3.332808309342373 0.0 26.089030626528736 133.0 7.6992481203007515 1.6933879783084673 1.335671172877279 5.6352774948562505 0.0 27.59018075555964 111.0 9.225225225225216 3.8649473481133176 6.466106547867601 24.628416408678792 0.0 21.257994108536618 46.0 22.260869565217398 1.4136335629160228 0.9958790928685 3.6016230121356916 0.0 26.201074148493475 126.0 8.126984126984144 0.0 0.0 0.0 0.0 0.0 1.0 1024.0 0.0 0.0 0.0 0.0 0.0 38.0 26.947368421052634 0.0 0.0 0.0 0.0 0.0 1.0 1024.0 0.0 0.0 0.0 0.0 0.0 1.0 1024.0 0.0 0.0 0.0 0.0 0.0 38.0 26.947368421052634 0.0 0.0 0.0 0.0 0.0 1.0 1024.0 0.0 0.0 0.0 0.0 0.0 1.0 1024.0 0.0 0.0 0.0 0.0 0.0 38.0 26.947368421052634 0.0 0.0 0.0 0.0 0.0 1.0 1024.0 1.7106751132393911 1.2214474756268907 4.805157531375327 0.0 25.884004158149768 159.0 6.440251572327046 4.58106600659779 4.752829121290701 15.074033345448699 0.0 19.31325074437748 51.0 20.078431372549023 1.3721398618730904 0.9638698843871111 3.4864782878754865 0.0 25.47374473136379 182.0 5.626373626373624 1.6852617541792183 1.2157548852537314 4.805157531375327 0.0 26.290283592528848 164.0 6.243902439024386 4.623389552209654 4.626418050729 15.166946884958433 0.0 19.60975946760939 50.0 20.48 1.377972742542551 0.9170876653594644 3.355582661291501 0.0 25.601656398207577 193.0 5.3056994818652905 1.8280630968752147 1.365733037549216 5.869339320126588 0.0 26.42729622697567 146.0 7.013698630136974 6.599812247510329 8.555497930014969 28.568402560419546 0.0 23.60727266036167 44.0 23.272727272727266 1.443224237694071 1.0213514445264906 3.9592310638267834 0.0 25.283277417873915 178.0 5.752808988764034 1.4821718997126845 3.7743625924153417 41.78745222094094 0.0 29.348448643212514 638.0 1.6050156739811945 24.07319097332853 10.878977035411614 36.9901087825193 0.0 13.537096399266316 42.0 24.380952380952376 0.67316311656262 1.058939836325291 4.365364986724842 0.0 29.23826360004977 667.0 1.535232383808098 1.4169618569110516 3.4117222292526472 32.874741622928155 0.0 29.45164062088824 644.0 1.5900621118012397 26.413959054522664 9.991545507772553 41.631810312897706 0.0 9.48347659176922 38.0 26.947368421052634 0.6580914509313256 1.0264785295261905 3.5217069291965686 0.0 29.384316693613304 680.0 1.505882352941178 1.3946511866458113 3.502690858301952 45.01462284090048 0.0 29.345482224521774 641.0 1.5975039001560107 28.13662262744742 5.58675950686399 35.76295777937128 0.0 7.64368178375316 36.0 28.44444444444444 0.6977944404766012 1.0905571814145025 4.365364986724842 0.0 29.32950224089589 666.0 1.5375375375375404 0.0 0.0 0.0 0.0 0.0 1.0 1024.0 0.0 0.0 0.0 0.0 0.0 38.0 26.947368421052634 0.0 0.0 0.0 0.0 0.0 1.0 1024.0 0.0 0.0 0.0 0.0 0.0 1.0 1024.0 0.0 0.0 0.0 0.0 0.0 38.0 26.947368421052634 0.0 0.0 0.0 0.0 0.0 1.0 1024.0 0.0 0.0 0.0 0.0 0.0 1.0 1024.0 0.0 0.0 0.0 0.0 0.0 38.0 26.947368421052634 0.0 0.0 0.0 0.0 0.0 1.0 1024.0 
90.0005150327869 1.6619286481108388 1.247049755962904 4.6261065484396156 0.0 25.812775169852976 105.0 9.752380952380943 3.056263059684581 4.12259513383657 13.834661177334347 0.0 15.970947686880438 51.0 20.078431372549026 1.3337904148794941 0.9351912316717481 3.4836138576524758 0.0 25.819956956548424 124.0 8.25806451612904 1.6608600775044362 1.2611495985739538 4.6261065484396156 0.0 26.759025060133514 113.0 9.061946902654856 3.215174161356519 4.115440220494991 13.241912419968985 0.0 16.309553926498698 49.0 20.89795918367347 1.3752469896073733 0.8817785370452813 3.332808309342373 0.0 26.089030626528736 133.0 7.6992481203007515 1.6933879783084673 1.335671172877279 5.6352774948562505 0.0 27.59018075555964 111.0 9.225225225225216 3.8649473481133176 6.466106547867601 24.628416408678792 0.0 21.257994108536618 46.0 22.260869565217398 1.4136335629160228 0.9958790928685 3.6016230121356916 0.0 26.201074148493475 126.0 8.126984126984144 0.0 0.0 0.0 0.0 0.0 1.0 1024.0 0.0 0.0 0.0 0.0 0.0 38.0 26.947368421052634 0.0 0.0 0.0 0.0 0.0 1.0 1024.0 0.0 0.0 0.0 0.0 0.0 1.0 1024.0 0.0 0.0 0.0 0.0 0.0 38.0 26.947368421052634 0.0 0.0 0.0 0.0 0.0 1.0 1024.0 0.0 0.0 0.0 0.0 0.0 1.0 1024.0 0.0 0.0 0.0 0.0 0.0 38.0 26.947368421052634 0.0 0.0 0.0 0.0 0.0 1.0 1024.0 1.6971823729138584 1.2289159292009049 4.805157531375327 0.0 25.926594937392654 160.0 6.400000000000005 4.58106600659779 4.752829121290701 15.074033345448699 0.0 19.31325074437748 51.0 20.078431372549023 1.3751574738831203 0.9603823571094375 3.4864782878754865 0.0 25.476538104671988 182.0 5.626373626373623 1.6510320564446357 1.2284578082120712 4.805157531375327 0.0 26.25004005826942 167.0 6.1317365269461135 4.623389552209654 4.626418050729 15.166946884958433 0.0 19.60975946760939 50.0 20.48 1.3675609917975364 0.9211860882225715 3.355582661291501 0.0 25.642316634959077 193.0 5.3056994818652905 1.8282808719355983 1.3656177636557594 5.869339320126588 0.0 26.428933538164156 146.0 7.013698630136974 6.599812247510329 8.555497930014969 28.568402560419546 0.0 23.60727266036167 44.0 23.272727272727266 1.443224237694071 1.0213514445264906 3.9592310638267834 0.0 25.283277417873915 178.0 5.752808988764034 1.4821718997126845 3.7743625924153417 41.78745222094094 0.0 29.348448643212514 638.0 1.6050156739811945 24.07319097332853 10.878977035411614 36.9901087825193 0.0 13.537096399266316 42.0 24.380952380952376 0.67316311656262 1.058939836325291 4.365364986724842 0.0 29.23826360004977 667.0 1.535232383808098 1.4169618569110516 3.4117222292526472 32.874741622928155 0.0 29.45164062088824 644.0 1.5900621118012397 26.413959054522664 9.991545507772553 41.631810312897706 0.0 9.48347659176922 38.0 26.947368421052634 0.6580914509313256 1.0264785295261905 3.5217069291965686 0.0 29.384316693613304 680.0 1.505882352941178 1.3946511866458113 3.502690858301952 45.01462284090048 0.0 29.345482224521774 641.0 1.5975039001560107 28.13662262744742 5.58675950686399 35.76295777937128 0.0 7.64368178375316 36.0 28.44444444444444 0.6977944404766012 1.0905571814145025 4.365364986724842 0.0 29.32950224089589 666.0 1.5375375375375404 0.0 0.0 0.0 0.0 0.0 1.0 1024.0 0.0 0.0 0.0 0.0 0.0 38.0 26.947368421052634 0.0 0.0 0.0 0.0 0.0 1.0 1024.0 0.0 0.0 0.0 0.0 0.0 1.0 1024.0 0.0 0.0 0.0 0.0 0.0 38.0 26.947368421052634 0.0 0.0 0.0 0.0 0.0 1.0 1024.0 0.0 0.0 0.0 0.0 0.0 1.0 1024.0 0.0 0.0 0.0 0.0 0.0 38.0 26.947368421052634 0.0 0.0 0.0 0.0 0.0 1.0 1024.0 
91.0005150327869 1.6619286481108388 1.247049755962904 4.6261065484396156 0.0 25.812775169852976 105.0 9.752380952380943 3.056263059684581 4.12259513383657 13.834661177334347 0.0 15.970947686880438 51.0 20.078431372549026 1.3446308377657952 0.9311580392261551 3.4836138576524758 0.0 25.739322021993836 123.0 8.32520325203253 1.6607685957487883 1.2612079422722058 4.6261065484396156 0.0 26.75998697683781 113.0 9.061946902654856 3.215174161356519 4.115440220494991 13.241912419968985 0.0 16.309553926498698 49.0 20.89795918367347 1.3752469896073733 0.8817785370452813 3.332808309342373 0.0 26.089030626528736 133.0 7.6992481203007515 1.6933879783084673 1.335671172877279 5.6352774948562505 0.0 27.59018075555964 111.0 9.225225225225216 3.8649473481133176 6.466106547867601 24.628416408678792 0.0 21.257994108536618 46.0 22.260869565217398 1.4136335629160228 0.9958790928685 3.6016230121356916 0.0 26.201074148493475 126.0 8.126984126984144 0.0 0.0 0.0 0.0 0.0 1.0 1024.0 0.0 0.0 0.0 0.0 0.0 38.0 26.947368421052634 0.0 0.0 0.0 0.0 0.0 1.0 1024.0 0.0 0.0 0.0 0.0 0.0 1.0 1024.0 0.0 0.0 0.0 0.0 0.0 38.0 26.947368421052634 0.0 0.0 0.0 0.0 0.0 1.0 1024.0 0.0 0.0 0.0 0.0 0.0 1.0 1024.0 0.0 0.0 0.0 0.0 0.0 38.0 26.947368421052634 0.0 0.0 0.0 0.0 0.0 1.0 1024.0 1.7010317640374057 1.2305913955803898 4.805157531375327 0.0 25.917047137502927 159.0 6.440251572327046 4.58106600659779 4.752829121290701 15.074033345448699 0.0 19.31325074437748 51.0 20.078431372549023 1.3780324434869304 0.9585363391137562 3.4864782878754865 0.0 25.488596543639442 182.0 5.626373626373622 1.645264523457859 1.2256407924691406 4.805157531375327 0.0 26.23311786078192 167.0 6.1317365269461135 4.623389552209654 4.626418050729 15.166946884958433 0.0 19.60975946760939 50.0 20.48 1.3675609917975364 0.9211860882225715 3.355582661291501 0.0 25.642316634959077 193.0 5.3056994818652905 1.828394796887833 1.3655578405279194 5.869339320126588 0.0 26.429466792588485 146.0 7.013698630136974 6.599812247510329 8.555497930014969 28.568402560419546 0.0 23.60727266036167 44.0 23.272727272727266 1.4424148419373344 1.0217843056538798 3.9592310638267834 0.0 25.278969736533696 178.0 5.752808988764034 1.4821718997126845 3.7743625924153417 41.78745222094094 0.0 29.348448643212514 638.0 1.6050156739811945 24.07319097332853 10.878977035411614 36.9901087825193 0.0 13.537096399266316 42.0 24.380952380952376 0.67316311656262 1.058939836325291 4.365364986724842 0.0 29.23826360004977 667.0 1.535232383808098 1.4169618569110516 3.4117222292526472 32.874741622928155 0.0 29.45164062088824 644.0 1.5900621118012397 26.413959054522664 9.991545507772553 41.631810312897706 0.0 9.48347659176922 38.0 26.947368421052634 0.6580914509313256 1.0264785295261905 3.5217069291965686 0.0 29.384316693613304 680.0 1.505882352941178 1.3946511866458113 3.502690858301952 45.01462284090048 0.0 29.345482224521774 641.0 1.5975039001560107 28.13662262744742 5.58675950686399 35.76295777937128 0.0 7.64368178375316 36.0 28.44444444444444 0.6977944404766012 1.0905571814145025 4.365364986724842 0.0 29.32950224089589 666.0 1.5375375375375404 0.0 0.0 0.0 0.0 0.0 1.0 1024.0 0.0 0.0 0.0 0.0 0.0 38.0 26.947368421052634 0.0 0.0 0.0 0.0 0.0 1.0 1024.0 0.0 0.0 0.0 0.0 0.0 1.0 1024.0 0.0 0.0 0.0 0.0 0.0 38.0 26.947368421052634 0.0 0.0 0.0 0.0 0.0 1.0 1024.0 0.0 0.0 0.0 0.0 0.0 1.0 1024.0 0.0 0.0 0.0 0.0 0.0 38.0 26.947368421052634 0.0 0.0 0.0 0.0 0.0 1.0 1024.0 
92.0005150327869 1.6619286481108388 1.247049755962904 4.6261065484396156 0.0 25.812775169852976 105.0 9.752380952380943 3.056263059684581 4.12259513383657 13.834661177334347 0.0 15.970947686880438 51.0 20.078431372549026 1.3446308377657952 0.9311580392261551 3.4836138576524758 0.0 25.739322021993836 123.0 8.32520325203253 1.6600612962441013 1.261754297448552 4.6261065484396156 0.0 26.760979710935658 113.0 9.061946902654856 3.215174161356519 4.115440220494991 13.241912419968985 0.0 16.309553926498698 49.0 20.89795918367347 1.3752469896073733 0.8817785370452813 3.332808309342373 0.0 26.089030626528736 133.0 7.6992481203007515 1.6933879783084673 1.335671172877279 5.6352774948562505 0.0 27.59018075555964 111.0 9.225225225225216 3.8649473481133176 6.466106547867601 24.628416408678792 0.0 21.257994108536618 46.0 22.260869565217398 1.4136335629160228 0.9958790928685 3.6016230121356916 0.0 26.201074148493475 126.0 8.126984126984144 0.0 0.0 0.0 0.0 0.0 1.0 1024.0 0.0 0.0 0.0 0.0 0.0 38.0 26.947368421052634 0.0 0.0 0.0 0.0 0.0 1.0 1024.0 0.0 0.0 0.0 0.0 0.0 1.0 1024.0 0.0 0.0 0.0 0.0 0.0 38.0 26.947368421052634 0.0 0.0 0.0 0.0 0.0 1.0 1024.0 0.0 0.0 0.0 0.0 0.0 1.0 1024.0 0.0 0.0 0.0 0.0 0.0 38.0 26.947368421052634 0.0 0.0 0.0 0.0 0.0 1.0 1024.0 1.7063350018829604 1.2255788545748068 4.805157531375327 0.0 25.931717770275064 159.0 6.440251572327046 4.58106600659779 4.752829121290701 15.074033345448699 0.0 19.31325074437748 51.0 20.078431372549023 1.3730388269546105 0.9627256290924263 3.4864782878754865 0.0 25.4933515757667 182.0 5.626373626373624 1.6637299115142787 1.2227852200060587 4.805157531375327 0.0 26.19140193087341 166.0 6.168674698795176 4.623389552209654 4.626418050729 15.166946884958433 0.0 19.60975946760939 50.0 20.48 1.37595687148014 0.9162723454376187 3.355582661291501 0.0 25.61580183523329 192.0 5.333333333333328 1.828305647958627 1.3656019665432515 5.869339320126588 0.0 26.429842970598898 146.0 7.013698630136974 6.599812247510329 8.555497930014969 28.568402560419546 0.0 23.60727266036167 44.0 23.272727272727266 1.4424148419373344 1.0217843056538798 3.9592310638267834 0.0 25.278969736533696 178.0 5.752808988764034 1.4821718997126845 3.7743625924153417 41.78745222094094 0.0 29.348448643212514 638.0 1.6050156739811945 24.07319097332853 10.878977035411614 36.9901087825193 0.0 13.537096399266316 42.0 24.380952380952376 0.67316311656262 1.058939836325291 4.365364986724842 0.0 29.23826360004977 667.0 1.535232383808098 1.4169618569110516 3.4117222292526472 32.874741622928155 0.0 29.45164062088824 644.0 1.5900621118012397 26.413959054522664 9.991545507772553 41.631810312897706 0.0 9.48347659176922 38.0 26.947368421052634 0.6580914509313256 1.0264785295261905 3.5217069291965686 0.0 29.384316693613304 680.0 1.505882352941178 1.3946511866458113 3.502690858301952 45.01462284090048 0.0 29.345482224521774 641.0 1.5975039001560107 28.13662262744742 5.58675950686399 35.76295777937128 0.0 7.64368178375316 36.0 28.44444444444444 0.6977944404766012 1.0905571814145025 4.365364986724842 0.0 29.32950224089589 666.0 1.5375375375375404 0.0 0.0 0.0 0.0 0.0 1.0 1024.0 0.0 0.0 0.0 0.0 0.0 38.0 26.947368421052634 0.0 0.0 0.0 0.0 0.0 1.0 1024.0 0.0 0.0 0.0 0.0 0.0 1.0 1024.0 0.0 0.0 0.0 0.0 0.0 38.0 26.947368421052634 0.0 0.0 0.0 0.0 0.0 1.0 1024.0 0.0 0.0 0.0 0.0 0.0 1.0 1024.0 0.0 0.0 0.0 0.0 0.0 38.0 26.947368421052634 0.0 0.0 0.0 0.0 0.0 1.0 1024.0 
93.0005150327869 1.6619286481108388 1.247049755962904 4.6261065484396156 0.0 25.812775169852976 105.0 9.752380952380943 3.056263059684581 4.12259513383657 13.834661177334347 0.0 15.970947686880438 51.0 20.078431372549026 1.3442302482914168 0.9312421247693321 3.4836138576524758 0.0 25.73964498223072 123.0 8.32520325203253 1.645816676689781 1.2652563035239979 4.6261065484396156 0.0 26.81069478147177 114.0 8.982456140350862 3.215174161356519 4.115440220494991 13.241912419968985 0.0 16.309553926498698 49.0 20.89795918367347 1.3752469896073733 0.8817785370452813 3.332808309342373 0.0 26.089030626528736 133.0 7.6992481203007515 1.6931220404514218 1.3355268305239123 5.6352774948562505 0.0 27.59215154928695 111.0 9.225225225225216 3.8649473481133176 6.466106547867601 24.628416408678792 0.0 21.257994108536618 46.0 22.260869565217398 1.4136335629160228 0.9958790928685 3.6016230121356916 0.0 26.201074148493475 126.0 8.126984126984144 0.0 0.0 0.0 0.0 0.0 1.0 1024.0 0.0 0.0 0.0 0.0 0.0 38.0 26.947368421052634 0.0 0.0 0.0 0.0 0.0 1.0 1024.0 0.0 0.0 0.0 0.0 0.0 1.0 1024.0 0.0 0.0 0.0 0.0 0.0 38.0 26.947368421052634 0.0 0.0 0.0 0.0 0.0 1.0 1024.0 0.0 0.0 0.0 0.0 0.0 1.0 1024.0 0.0 0.0 0.0 0.0 0.0 38.0 26.947368421052634 0.0 0.0 0.0 0.0 0.0 1.0 1024.0 1.704676428331677 1.226785509894665 4.805157531375327 0.0 25.93732125136146 159.0 6.440251572327046 4.58106600659779 4.752829121290701 15.074033345448699 0.0 19.31325074437748 51.0 20.078431372549023 1.3800198758288151 0.9604895138272562 3.4864782878754865 0.0 25.424396201978585 181.0 5.657458563535921 1.694498207465167 1.2093794536915015 4.805157531375327 0.0 26.224047662021263 163.0 6.28220858895705 4.623389552209654 4.626418050729 15.166946884958433 0.0 19.60975946760939 50.0 20.48 1.37595687148014 0.9162723454376187 3.355582661291501 0.0 25.61580183523329 192.0 5.333333333333328 1.828305647958627 1.3656019665432515 5.869339320126588 0.0 26.429842970598898 146.0 7.013698630136974 6.599812247510329 8.555497930014969 28.568402560419546 0.0 23.60727266036167 44.0 23.272727272727266 1.4424148419373344 1.0217843056538798 3.9592310638267834 0.0 25.278969736533696 178.0 5.752808988764034 1.4821718997126845 3.7743625924153417 41.78745222094094 0.0 29.348448643212514 638.0 1.6050156739811945 24.07319097332853 10.878977035411614 36.9901087825193 0.0 13.537096399266316 42.0 24.380952380952376 0.67316311656262 1.058939836325291 4.365364986724842 0.0 29.23826360004977 667.0 1.535232383808098 1.4169618569110516 3.4117222292526472 32.874741622928155 0.0 29.45164062088824 644.0 1.5900621118012397 26.413959054522664 9.991545507772553 41.631810312897706 0.0 9.48347659176922 38.0 26.947368421052634 0.6580914509313256 1.0264785295261905 3.5217069291965686 0.0 29.384316693613304 680.0 1.505882352941178 1.3946511866458113 3.502690858301952 45.01462284090048 0.0 29.345482224521774 641.0 1.5975039001560107 28.13662262744742 5.58675950686399 35.76295777937128 0.0 7.64368178375316 36.0 28.44444444444444 0.6977944404766012 1.0905571814145025 4.365364986724842 0.0 29.32950224089589 666.0 1.5375375375375404 0.0 0.0 0.0 0.0 0.0 1.0 1024.0 0.0 0.0 0.0 0.0 0.0 38.0 26.947368421052634 0.0 0.0 0.0 0.0 0.0 1.0 1024.0 0.0 0.0 0.0 0.0 0.0 1.0 1024.0 0.0 0.0 0.0 0.0 0.0 38.0 26.947368421052634 0.0 0.0 0.0 0.0 0.0 1.0 1024.0 0.0 0.0 0.0 0.0 0.0 1.0 1024.0 0.0 0.0 0.0 0.0 0.0 38.0 26.947368421052634 0.0 0.0 0.0 0.0 0.0 1.0 1024.0 
94.0005150327869 1.66149627515368 1.2476596293924256 4.6261065484396156 0.0 25.8145913354324 105.0 9.75238095238094 3.056263059684581 4.12259513383657 13.834661177334347 0.0 15.970947686880438 51.0 20.078431372549026 1.3442302482914168 0.9312421247693321 3.4836138576524758 0.0 25.73964498223072 123.0 8.32520325203253 1.6456380798092638 1.2652553486230183 4.6261065484396156 0.0 26.81115468057645 114.0 8.982456140350862 3.215174161356519 4.115440220494991 13.241912419968985 0.0 16.309553926498698 49.0 20.89795918367347 1.364695363467901 0.8867349502419505 3.332808309342373 0.0 26.153178277719416 134.0 7.641791044776109 1.6931220404514218 1.3355268305239123 5.6352774948562505 0.0 27.59215154928695 111.0 9.225225225225216 3.8649473481133176 6.466106547867601 24.628416408678792 0.0 21.257994108536618 46.0 22.260869565217398 1.4136335629160228 0.9958790928685 3.6016230121356916 0.0 26.201074148493475 126.0 8.126984126984144 0.0 0.0 0.0 0.0 0.0 1.0 1024.0 0.0 0.0 0.0 0.0 0.0 38.0 26.947368421052634 0.0 0.0 0.0 0.0 0.0 1.0 1024.0 0.0 0.0 0.0 0.0 0.0 1.0 1024.0 0.0 0.0 0.0 0.0 0.0 38.0 26.947368421052634 0.0 0.0 0.0 0.0 0.0 1.0 1024.0 0.0 0.0 0.0 0.0 0.0 1.0 1024.0 0.0 0.0 0.0 0.0 0.0 38.0 26.947368421052634 0.0 0.0 0.0 0.0 0.0 1.0 1024.0 1.7048102028874166 1.2272010784111371 4.805157531375327 0.0 25.937590072580246 159.0 6.440251572327046 4.58106600659779 4.752829121290701 15.074033345448699 0.0 19.31325074437748 51.0 20.078431372549023 1.3800198758288151 0.9604895138272562 3.4864782878754865 0.0 25.424396201978585 181.0 5.657458563535921 1.6662955962357244 1.2184148346183785 4.805157531375327 0.0 26.290260624810664 165.0 6.206060606060609 4.623389552209654 4.626418050729 15.166946884958433 0.0 19.60975946760939 50.0 20.48 1.37595687148014 0.9162723454376187 3.355582661291501 0.0 25.61580183523329 192.0 5.333333333333328 1.828305647958627 1.3656019665432515 5.869339320126588 0.0 26.429842970598898 146.0 7.013698630136974 6.599812247510329 8.555497930014969 28.568402560419546 0.0 23.60727266036167 44.0 23.272727272727266 1.4424148419373344 1.0217843056538798 3.9592310638267834 0.0 25.278969736533696 178.0 5.752808988764034 1.4821718997126845 3.7743625924153417 41.78745222094094 0.0 29.348448643212514 638.0 1.6050156739811945 24.07319097332853 10.878977035411614 36.9901087825193 0.0 13.537096399266316 42.0 24.380952380952376 0.67316311656262 1.058939836325291 4.365364986724842 0.0 29.23826360004977 667.0 1.535232383808098 1.4169618569110516 3.4117222292526472 32.874741622928155 0.0 29.45164062088824 644.0 1.5900621118012397 26.413959054522664 9.991545507772553 41.631810312897706 0.0 9.48347659176922 38.0 26.947368421052634 0.6580914509313256 1.0264785295261905 3.5217069291965686 0.0 29.384316693613304 680.0 1.505882352941178 1.3946511866458113 3.502690858301952 45.01462284090048 0.0 29.345482224521774 641.0 1.5975039001560107 28.13662262744742 5.58675950686399 35.76295777937128 0.0 7.64368178375316 36.0 28.44444444444444 0.6977944404766012 1.0905571814145025 4.365364986724842 0.0 29.32950224089589 666.0 1.5375375375375404 0.0 0.0 0.0 0.0 0.0 1.0 1024.0 0.0 0.0 0.0 0.0 0.0 38.0 26.947368421052634 0.0 0.0 0.0 0.0 0.0 1.0 1024.0 0.0 0.0 0.0 0.0 0.0 1.0 1024.0 0.0 0.0 0.0 0.0 0.0 38.0 26.947368421052634 0.0 0.0 0.0 0.0 0.0 1.0 1024.0 0.0 0.0 0.0 0.0 0.0 1.0 1024.0 0.0 0.0 0.0 0.0 0.0 38.0 26.947368421052634 0.0 0.0 0.0 0.0 0.0 1.0 1024.0 
95.0005150327869 1.66149627515368 1.2476596293924256 4.6261065484396156 0.0 25.8145913354324 105.0 9.75238095238094 3.056263059684581 4.12259513383657 13.834661177334347 0.0 15.970947686880438 51.0 20.078431372549026 1.3326534544185424 0.9361677851236694 3.4836138576524758 0.0 25.803537058164867 124.0 8.25806451612904 1.590702044173247 1.2782092751686756 4.6261065484396156 0.0 26.999781652609503 118.0 8.677966101694926 3.215174161356519 4.115440220494991 13.241912419968985 0.0 16.309553926498698 49.0 20.89795918367347 1.364695363467901 0.8867349502419505 3.332808309342373 0.0 26.153178277719416 134.0 7.641791044776109 1.7184547492839874 1.3274077642268407 5.6352774948562505 0.0 27.603535225100046 111.0 9.225225225225216 3.8649473481133176 6.466106547867601 24.628416408678792 0.0 21.257994108536618 46.0 22.260869565217398 1.4136335629160228 0.9958790928685 3.6016230121356916 0.0 26.201074148493475 126.0 8.126984126984144 0.0 0.0 0.0 0.0 0.0 1.0 1024.0 0.0 0.0 0.0 0.0 0.0 38.0 26.947368421052634 0.0 0.0 0.0 0.0 0.0 1.0 1024.0 0.0 0.0 0.0 0.0 0.0 1.0 1024.0 0.0 0.0 0.0 0.0 0.0 38.0 26.947368421052634 0.0 0.0 0.0 0.0 0.0 1.0 1024.0 0.0 0.0 0.0 0.0 0.0 1.0 1024.0 0.0 0.0 0.0 0.0 0.0 38.0 26.947368421052634 0.0 0.0 0.0 0.0 0.0 1.0 1024.0 1.703640418616184 1.2282180872514123 4.805157531375327 0.0 25.94280950179334 159.0 6.440251572327046 4.58106600659779 4.752829121290701 15.074033345448699 0.0 19.31325074437748 51.0 20.078431372549023 1.3794736584076188 0.9610039617994289 3.4864782878754865 0.0 25.422559744474814 181.0 5.657458563535921 1.6636591171285375 1.2196810822018205 4.805157531375327 0.0 26.330393575786893 166.0 6.168674698795177 4.623389552209654 4.626418050729 15.166946884958433 0.0 19.60975946760939 50.0 20.48 1.37595687148014 0.9162723454376187 3.355582661291501 0.0 25.61580183523329 192.0 5.333333333333328 1.8283626484343558 1.365566439358465 5.869339320126588 0.0 26.430302112842043 146.0 7.013698630136974 6.599812247510329 8.555497930014969 28.568402560419546 0.0 23.60727266036167 44.0 23.272727272727266 1.4424148419373344 1.0217843056538798 3.9592310638267834 0.0 25.278969736533696 178.0 5.752808988764034 1.4821718997126845 3.7743625924153417 41.78745222094094 0.0 29.348448643212514 638.0 1.6050156739811945 24.07319097332853 10.878977035411614 36.9901087825193 0.0 13.537096399266316 42.0 24.380952380952376 0.67316311656262 1.058939836325291 4.365364986724842 0.0 29.23826360004977 667.0 1.535232383808098 1.4169618569110516 3.4117222292526472 32.874741622928155 0.0 29.45164062088824 644.0 1.5900621118012397 26.413959054522664 9.991545507772553 41.631810312897706 0.0 9.48347659176922 38.0 26.947368421052634 0.6580914509313256 1.0264785295261905 3.5217069291965686 0.0 29.384316693613304 680.0 1.505882352941178 1.3946511866458113 3.502690858301952 45.01462284090048 0.0 29.345482224521774 641.0 1.5975039001560107 28.13662262744742 5.58675950686399 35.76295777937128 0.0 7.64368178375316 36.0 28.44444444444444 0.6977944404766012 1.0905571814145025 4.365364986724842 0.0 29.32950224089589 666.0 1.5375375375375404 0.0 0.0 0.0 0.0 0.0 1.0 1024.0 0.0 0.0 0.0 0.0 0.0 38.0 26.947368421052634 0.0 0.0 0.0 0.0 0.0 1.0 1024.0 0.0 0.0 0.0 0.0 0.0 1.0 1024.0 0.0 0.0 0.0 0.0 0.0 38.0 26.947368421052634 0.0 0.0 0.0 0.0 0.0 1.0 1024.0 0.0 0.0 0.0 0.0 0.0 1.0 1024.0 0.0 0.0 0.0 0.0 0.0 38.0 26.947368421052634 0.0 0.0 0.0 0.0 0.0 1.0 1024.0 
96.0005150327869 1.66149627515368 1.2476596293924256 4.6261065484396156 0.0 25.8145913354324 105.0 9.75238095238094 3.056263059684581 4.12259513383657 13.834661177334347 0.0 15.970947686880438 51.0 20.078431372549026 1.3326534544185424 0.9361677851236694 3.4836138576524758 0.0 25.803537058164867 124.0 8.25806451612904 1.618915196046773 1.2705888078707885 4.6261065484396156 0.0 26.91593053767865 116.0 8.827586206896544 3.215174161356519 4.115440220494991 13.241912419968985 0.0 16.309553926498698 49.0 20.89795918367347 1.364695363467901 0.8867349502419505 3.332808309342373 0.0 26.153178277719416 134.0 7.641791044776109 1.684612991064085 1.3396172464229275 5.6352774948562505 0.0 27.59205441980871 111.0 9.225225225225216 3.8649473481133176 6.466106547867601 24.628416408678792 0.0 21.257994108536618 46.0 22.260869565217398 1.4136335629160228 0.9958790928685 3.6016230121356916 0.0 26.201074148493475 126.0 8.126984126984144 0.0 0.0 0.0 0.0 0.0 1.0 1024.0 0.0 0.0 0.0 0.0 0.0 38.0 26.947368421052634 0.0 0.0 0.0 0.0 0.0 1.0 1024.0 0.0 0.0 0.0 0.0 0.0 1.0 1024.0 0.0 0.0 0.0 0.0 0.0 38.0 26.947368421052634 0.0 0.0 0.0 0.0 0.0 1.0 1024.0 0.0 0.0 0.0 0.0 0.0 1.0 1024.0 0.0 0.0 0.0 0.0 0.0 38.0 26.947368421052634 0.0 0.0 0.0 0.0 0.0 1.0 1024.0 1.7151921958614809 1.2237583152573785 4.805157531375327 0.0 25.91063071821755 158.0 6.481012658227852 4.58106600659779 4.752829121290701 15.074033345448699 0.0 19.31325074437748 51.0 20.078431372549023 1.3788036961721444 0.9614207366064781 3.4864782878754865 0.0 25.418354300976375 181.0 5.657458563535921 1.660661087414677 1.2209117994929222 4.805157531375327 0.0 26.39451254875305 166.0 6.168674698795177 4.623389552209654 4.626418050729 15.166946884958433 0.0 19.60975946760939 50.0 20.48 1.37595687148014 0.9162723454376187 3.355582661291501 0.0 25.61580183523329 192.0 5.333333333333328 1.8308274911904638 1.367166286005324 5.869339320126588 0.0 26.427887791488565 146.0 7.013698630136974 6.599812247510329 8.555497930014969 28.568402560419546 0.0 23.60727266036167 44.0 23.272727272727266 1.4424148419373344 1.0217843056538798 3.9592310638267834 0.0 25.278969736533696 178.0 5.752808988764034 1.4821718997126845 3.7743625924153417 41.78745222094094 0.0 29.348448643212514 638.0 1.6050156739811945 24.07319097332853 10.878977035411614 36.9901087825193 0.0 13.537096399266316 42.0 24.380952380952376 0.67316311656262 1.058939836325291 4.365364986724842 0.0 29.23826360004977 667.0 1.535232383808098 1.4169618569110516 3.4117222292526472 32.874741622928155 0.0 29.45164062088824 644.0 1.5900621118012397 26.413959054522664 9.991545507772553 41.631810312897706 0.0 9.48347659176922 38.0 26.947368421052634 0.6580914509313256 1.0264785295261905 3.5217069291965686 0.0 29.384316693613304 680.0 1.505882352941178 1.3946511866458113 3.502690858301952 45.01462284090048 0.0 29.345482224521774 641.0 1.5975039001560107 28.13662262744742 5.58675950686399 35.76295777937128 0.0 7.64368178375316 36.0 28.44444444444444 0.6977944404766012 1.0905571814145025 4.365364986724842 0.0 29.32950224089589 666.0 1.5375375375375404 0.0 0.0 0.0 0.0 0.0 1.0 1024.0 0.0 0.0 0.0 0.0 0.0 38.0 26.947368421052634 0.0 0.0 0.0 0.0 0.0 1.0 1024.0 0.0 0.0 0.0 0.0 0.0 1.0 1024.0 0.0 0.0 0.0 0.0 0.0 38.0 26.947368421052634 0.0 0.0 0.0 0.0 0.0 1.0 1024.0 0.0 0.0 0.0 0.0 0.0 1.0 1024.0 0.0 0.0 0.0 0.0 0.0 38.0 26.947368421052634 0.0 0.0 0.0 0.0 0.0 1.0 1024.0 
97.0005150327869 1.6618696786216203 1.2472844395389484 4.6261065484396156 0.0 25.815521906365145 105.0 9.75238095238094 3.056263059684581 4.12259513383657 13.834661177334347 0.0 15.970947686880438 51.0 20.078431372549026 1.3326534544185424 0.9361677851236694 3.4836138576524758 0.0 25.803537058164867 124.0 8.25806451612904 1.6182874740870834 1.2709389424150932 4.6261065484396156 0.0 26.90425242491539 116.0 8.827586206896544 3.215174161356519 4.115440220494991 13.241912419968985 0.0 16.309553926498698 49.0 20.89795918367347 1.3537135296878255 0.8921041681729636 3.332808309342373 0.0 26.202473372051013 135.0 7.5851851851851775 1.7016277112740799 1.3487032455111516 5.6352774948562505 0.0 27.650967225774092 110.0 9.309090909090905 3.8649473481133176 6.466106547867601 24.628416408678792 0.0 21.257994108536618 46.0 22.260869565217398 1.4136335629160228 0.9958790928685 3.6016230121356916 0.0 26.201074148493475 126.0 8.126984126984144 0.0 0.0 0.0 0.0 0.0 1.0 1024.0 0.0 0.0 0.0 0.0 0.0 38.0 26.947368421052634 0.0 0.0 0.0 0.0 0.0 1.0 1024.0 0.0 0.0 0.0 0.0 0.0 1.0 1024.0 0.0 0.0 0.0 0.0 0.0 38.0 26.947368421052634 0.0 0.0 0.0 0.0 0.0 1.0 1024.0 0.0 0.0 0.0 0.0 0.0 1.0 1024.0 0.0 0.0 0.0 0.0 0.0 38.0 26.947368421052634 0.0 0.0 0.0 0.0 0.0 1.0 1024.0 1.722508288550282 1.2237863924239907 4.805157531375327 0.0 25.83796392061047 157.0 6.522292993630575 4.58106600659779 4.752829121290701 15.074033345448699 0.0 19.31325074437748 51.0 20.078431372549023 1.3707477521250808 0.9644477504999485 3.4864782878754865 0.0 25.476272343143055 182.0 5.626373626373624 1.6804425346037857 1.2139982142563897 4.805157531375327 0.0 26.332631942849176 164.0 6.243902439024386 4.623389552209654 4.626418050729 15.166946884958433 0.0 19.60975946760939 50.0 20.48 1.37595687148014 0.9162723454376187 3.355582661291501 0.0 25.61580183523329 192.0 5.333333333333328 1.8308274911904638 1.367166286005324 5.869339320126588 0.0 26.427887791488565 146.0 7.013698630136974 6.599812247510329 8.555497930014969 28.568402560419546 0.0 23.60727266036167 44.0 23.272727272727266 1.4424148419373344 1.0217843056538798 3.9592310638267834 0.0 25.278969736533696 178.0 5.752808988764034 1.4821718997126845 3.7743625924153417 41.78745222094094 0.0 29.348448643212514 638.0 1.6050156739811945 24.07319097332853 10.878977035411614 36.9901087825193 0.0 13.537096399266316 42.0 24.380952380952376 0.67316311656262 1.058939836325291 4.365364986724842 0.0 29.23826360004977 667.0 1.535232383808098 1.4169618569110516 3.4117222292526472 32.874741622928155 0.0 29.45164062088824 644.0 1.5900621118012397 26.413959054522664 9.991545507772553 41.631810312897706 0.0 9.48347659176922 38.0 26.947368421052634 0.6580914509313256 1.0264785295261905 3.5217069291965686 0.0 29.384316693613304 680.0 1.505882352941178 1.3946511866458113 3.502690858301952 45.01462284090048 0.0 29.345482224521774 641.0 1.5975039001560107 28.13662262744742 5.58675950686399 35.76295777937128 0.0 7.64368178375316 36.0 28.44444444444444 0.6977944404766012 1.0905571814145025 4.365364986724842 0.0 29.32950224089589 666.0 1.5375375375375404 0.0 0.0 0.0 0.0 0.0 1.0 1024.0 0.0 0.0 0.0 0.0 0.0 38.0 26.947368421052634 0.0 0.0 0.0 0.0 0.0 1.0 1024.0 0.0 0.0 0.0 0.0 0.0 1.0 1024.0 0.0 0.0 0.0 0.0 0.0 38.0 26.947368421052634 0.0 0.0 0.0 0.0 0.0 1.0 1024.0 0.0 0.0 0.0 0.0 0.0 1.0 1024.0 0.0 0.0 0.0 0.0 0.0 38.0 26.947368421052634 0.0 0.0 0.0 0.0 0.0 1.0 1024.0 
98.0005150327869 1.6779022699877701 1.242418411392715 4.6261065484396156 0.0 25.75458174548558 104.0 9.846153846153836 3.056263059684581 4.12259513383657 13.834661177334347 0.0 15.970947686880438 51.0 20.078431372549026 1.3326534544185424 0.9361677851236694 3.4836138576524758 0.0 25.803537058164867 124.0 8.25806451612904 1.6050416777652576 1.2737252240899828 4.6261065484396156 0.0 26.940035576827164 117.0 8.75213675213674 3.215174161356519 4.115440220494991 13.241912419968985 0.0 16.309553926498698 49.0 20.89795918367347 1.3537135296878255 0.8921041681729636 3.332808309342373 0.0 26.202473372051013 135.0 7.5851851851851775 1.7016277112740799 1.3487032455111516 5.6352774948562505 0.0 27.650967225774092 110.0 9.309090909090905 3.8649473481133176 6.466106547867601 24.628416408678792 0.0 21.257994108536618 46.0 22.260869565217398 1.4136335629160228 0.9958790928685 3.6016230121356916 0.0 26.201074148493475 126.0 8.126984126984144 0.0 0.0 0.0 0.0 0.0 1.0 1024.0 0.0 0.0 0.0 0.0 0.0 37.0 27.675675675675677 0.0 0.0 0.0 0.0 0.0 1.0 1024.0 0.0 0.0 0.0 0.0 0.0 1.0 1024.0 0.0 0.0 0.0 0.0 0.0 37.0 27.675675675675677 0.0 0.0 0.0 0.0 0.0 1.0 1024.0 0.0 0.0 0.0 0.0 0.0 1.0 1024.0 0.0 0.0 0.0 0.0 0.0 37.0 27.675675675675677 0.0 0.0 0.0 0.0 0.0 1.0 1024.0 1.7209404528729164 1.226320475637383 4.805157531375327 0.0 25.735530228543787 157.0 6.522292993630575 4.58106600659779 4.752829121290701 15.074033345448699 0.0 19.31325074437748 51.0 20.078431372549023 1.3773104234802565 0.9626517914453633 3.4864782878754865 0.0 25.415164913648795 181.0 5.657458563535921 1.6804425346037857 1.2139982142563897 4.805157531375327 0.0 26.332631942849176 164.0 6.243902439024386 4.623389552209654 4.626418050729 15.166946884958433 0.0 19.60975946760939 50.0 20.48 1.37595687148014 0.9162723454376187 3.355582661291501 0.0 25.61580183523329 192.0 5.333333333333328 1.8367457137772552 1.3603999295290357 5.869339320126588 0.0 26.45757022889612 146.0 7.013698630136974 6.599812247510329 8.555497930014969 28.568402560419546 0.0 23.60727266036167 44.0 23.272727272727266 1.4424148419373344 1.0217843056538798 3.9592310638267834 0.0 25.278969736533696 178.0 5.752808988764034 1.4821718997126845 3.7743625924153417 41.78745222094094 0.0 29.348448643212514 638.0 1.6050156739811945 24.07319097332853 10.878977035411614 36.9901087825193 0.0 13.537096399266316 42.0 24.380952380952376 0.67316311656262 1.058939836325291 4.365364986724842 0.0 29.23826360004977 667.0 1.535232383808098 1.4169618569110516 3.4117222292526472 32.874741622928155 0.0 29.45164062088824 644.0 1.5900621118012397 26.413959054522664 9.991545507772553 41.631810312897706 0.0 9.48347659176922 38.0 26.947368421052634 0.6580914509313256 1.0264785295261905 3.5217069291965686 0.0 29.384316693613304 680.0 1.505882352941178 1.3946511866458113 3.502690858301952 45.01462284090048 0.0 29.345482224521774 641.0 1.5975039001560107 28.13662262744742 5.58675950686399 35.76295777937128 0.0 7.64368178375316 36.0 28.44444444444444 0.6977944404766012 1.0905571814145025 4.365364986724842 0.0 29.32950224089589 666.0 1.5375375375375404 0.0 0.0 0.0 0.0 0.0 1.0 1024.0 0.0 0.0 0.0 0.0 0.0 37.0 27.675675675675677 0.0 0.0 0.0 0.0 0.0 1.0 1024.0 0.0 0.0 0.0 0.0 0.0 1.0 1024.0 0.0 0.0 0.0 0.0 0.0 37.0 27.675675675675677 0.0 0.0 0.0 0.0 0.0 1.0 1024.0 0.0 0.0 0.0 0.0 0.0 1.0 1024.0 0.0 0.0 0.0 0.0 0.0 37.0 27.675675675675677 0.0 0.0 0.0 0.0 0.0 1.0 1024.0 
99.0005150327869 1.6779022699877701 1.242418411392715 4.6261065484396156 0.0 25.75458174548558 104.0 9.846153846153836 3.056263059684581 4.12259513383657 13.834661177334347 0.0 15.970947686880438 51.0 20.078431372549026 1.3326534544185424 0.9361677851236694 3.4836138576524758 0.0 25.803537058164867 124.0 8.25806451612904 1.618836499185058 1.2701611087197469 4.6261065484396156 0.0 26.895643462756542 116.0 8.827586206896544 3.215174161356519 4.115440220494991 13.241912419968985 0.0 16.309553926498698 49.0 20.89795918367347 1.369426468971077 0.8815953253643294 3.332808309342373 0.0 26.14832492281293 134.0 7.641791044776109 1.7020564740900574 1.3496112277029837 5.6352774948562505 0.0 27.653008105635354 110.0 9.309090909090905 3.8649473481133176 6.466106547867601 24.628416408678792 0.0 21.257994108536618 46.0 22.260869565217398 1.4136335629160228 0.9958790928685 3.6016230121356916 0.0 26.201074148493475 126.0 8.126984126984144 0.0 0.0 0.0 0.0 0.0 1.0 1024.0 0.0 0.0 0.0 0.0 0.0 37.0 27.675675675675677 0.0 0.0 0.0 0.0 0.0 1.0 1024.0 0.0 0.0 0.0 0.0 0.0 1.0 1024.0 0.0 0.0 0.0 0.0 0.0 37.0 27.675675675675677 0.0 0.0 0.0 0.0 0.0 1.0 1024.0 0.0 0.0 0.0 0.0 0.0 1.0 1024.0 0.0 0.0 0.0 0.0 0.0 37.0 27.675675675675677 0.0 0.0 0.0 0.0 0.0 1.0 1024.0 1.7089985233719274 1.2307980560730742 4.805157531375327 0.0 25.7126045184733 158.0 6.481012658227853 4.58106600659779 4.752829121290701 15.074033345448699 0.0 19.31325074437748 51.0 20.078431372549023 1.377277272511375 0.9626767582356631 3.4864782878754865 0.0 25.41528055360299 181.0 5.657458563535921 1.6929616204607114 1.209513685080777 4.805157531375327 0.0 26.270597973910732 163.0 6.28220858895705 4.623389552209654 4.626418050729 15.166946884958433 0.0 19.60975946760939 50.0 20.48 1.3757921913069664 0.9162644119704308 3.355582661291501 0.0 25.615165475374525 192.0 5.333333333333328 1.795838360120369 1.3745436744105868 5.869339320126588 0.0 26.601600843760597 149.0 6.872483221476518 6.599812247510329 8.555497930014969 28.568402560419546 0.0 23.60727266036167 44.0 23.272727272727266 1.4424148419373344 1.0217843056538798 3.9592310638267834 0.0 25.278969736533696 178.0 5.752808988764034 1.4821718997126845 3.7743625924153417 41.78745222094094 0.0 29.348448643212514 638.0 1.6050156739811945 24.07319097332853 10.878977035411614 36.9901087825193 0.0 13.537096399266316 42.0 24.380952380952376 0.67316311656262 1.058939836325291 4.365364986724842 0.0 29.23826360004977 667.0 1.535232383808098 1.4169618569110516 3.4117222292526472 32.874741622928155 0.0 29.45164062088824 644.0 1.5900621118012397 26.413959054522664 9.991545507772553 41.631810312897706 0.0 9.48347659176922 38.0 26.947368421052634 0.6580914509313256 1.0264785295261905 3.5217069291965686 0.0 29.384316693613304 680.0 1.505882352941178 1.3946511866458113 3.502690858301952 45.01462284090048 0.0 29.345482224521774 641.0 1.5975039001560107 28.13662262744742 5.58675950686399 35.76295777937128 0.0 7.64368178375316 36.0 28.44444444444444 0.6977944404766012 1.0905571814145025 4.365364986724842 0.0 29.32950224089589 666.0 1.5375375375375404 0.0 0.0 0.0 0.0 0.0 1.0 1024.0 0.0 0.0 0.0 0.0 0.0 37.0 27.675675675675677 0.0 0.0 0.0 0.0 0.0 1.0 1024.0 0.0 0.0 0.0 0.0 0.0 1.0 1024.0 0.0 0.0 0.0 0.0 0.0 37.0 27.675675675675677 0.0 0.0 0.0 0.0 0.0 1.0 1024.0 0.0 0.0 0.0 0.0 0.0 1.0 1024.0 0.0 0.0 0.0 0.0 0.0 37.0 27.675675675675677 0.0 0.0 0.0 0.0 0.0 1.0 1024.0 
100.0005150327869 1.6779022699877701 1.242418411392715 4.6261065484396156 0.0 25.75458174548558 104.0 9.846153846153836 3.056263059684581 4.12259513383657 13.834661177334347 0.0 15.970947686880438 51.0 20.078431372549026 1.3326534544185424 0.9361677851236694 3.4836138576524758 0.0 25.803537058164867 124.0 8.25806451612904 1.6191506468252626 1.269714715667097 4.6261065484396156 0.0 26.896704246162987 116.0 8.827586206896544 3.215174161356519 4.115440220494991 13.241912419968985 0.0 16.309553926498698 49.0 20.89795918367347 1.369426468971077 0.8815953253643294 3.332808309342373 0.0 26.14832492281293 134.0 7.641791044776109 1.7020564740900574 1.3496112277029837 5.6352774948562505 0.0 27.653008105635354 110.0 9.309090909090905 3.8649473481133176 6.466106547867601 24.628416408678792 0.0 21.257994108536618 46.0 22.260869565217398 1.4136335629160228 0.9958790928685 3.6016230121356916 0.0 26.201074148493475 126.0 8.126984126984144 0.0 0.0 0.0 0.0 0.0 1.0 1024.0 0.0 0.0 0.0 0.0 0.0 37.0 27.675675675675677 0.0 0.0 0.0 0.0 0.0 1.0 1024.0 0.0 0.0 0.0 0.0 0.0 1.0 1024.0 0.0 0.0 0.0 0.0 0.0 37.0 27.675675675675677 0.0 0.0 0.0 0.0 0.0 1.0 1024.0 0.0 0.0 0.0 0.0 0.0 1.0 1024.0 0.0 0.0 0.0 0.0 0.0 37.0 27.675675675675677 0.0 0.0 0.0 0.0 0.0 1.0 1024.0 1.728069721223181 1.218913239957845 4.805157531375327 0.0 25.74091630446976 157.0 6.522292993630575 4.58106600659779 4.752829121290701 15.074033345448699 0.0 19.31325074437748 51.0 20.078431372549023 1.3770836823562005 0.9629295697809832 3.4864782878754865 0.0 25.415467178705978 181.0 5.657458563535921 1.6928912213772185 1.209554346795484 4.805157531375327 0.0 26.270318913510522 163.0 6.28220858895705 4.623389552209654 4.626418050729 15.166946884958433 0.0 19.60975946760939 50.0 20.48 1.3685998336117555 0.9193204954904745 3.355582661291501 0.0 25.57205012273756 193.0 5.3056994818652905 1.808656337602278 1.3715759055276047 5.869339320126588 0.0 26.59529601282136 148.0 6.91891891891893 6.599812247510329 8.555497930014969 28.568402560419546 0.0 23.60727266036167 44.0 23.272727272727266 1.4431596203863764 1.0252475930218912 3.9592310638267834 0.0 25.275968342938473 178.0 5.752808988764034 1.4821718997126845 3.7743625924153417 41.78745222094094 0.0 29.348448643212514 638.0 1.6050156739811945 24.07319097332853 10.878977035411614 36.9901087825193 0.0 13.537096399266316 42.0 24.380952380952376 0.67316311656262 1.058939836325291 4.365364986724842 0.0 29.23826360004977 667.0 1.535232383808098 1.4169618569110516 3.4117222292526472 32.874741622928155 0.0 29.45164062088824 644.0 1.5900621118012397 26.413959054522664 9.991545507772553 41.631810312897706 0.0 9.48347659176922 38.0 26.947368421052634 0.6580914509313256 1.0264785295261905 3.5217069291965686 0.0 29.384316693613304 680.0 1.505882352941178 1.3946511866458113 3.502690858301952 45.01462284090048 0.0 29.345482224521774 641.0 1.5975039001560107 28.13662262744742 5.58675950686399 35.76295777937128 0.0 7.64368178375316 36.0 28.44444444444444 0.6977944404766012 1.0905571814145025 4.365364986724842 0.0 29.32950224089589 666.0 1.5375375375375404 0.0 0.0 0.0 0.0 19.49766528513794 2.0 512.0 0.1043544074370861 0.6347630794297815 3.8611130751721863 0.0 0.0888846098201811 37.0 27.675675675675677 0.0 0.0 0.0 0.0 19.49766528513794 2.0 512.0 0.0 0.0 0.0 0.0 19.49766528513794 2.0 512.0 0.1043544074370861 0.6347630794297815 3.8611130751721863 0.0 0.0888846098201811 37.0 27.675675675675677 0.0 0.0 0.0 0.0 19.49766528513794 2.0 512.0 0.0 0.0 0.0 0.0 19.49766528513794 2.0 512.0 0.0 0.0 0.0 0.0 4.473071190152497 38.0 26.947368421052634 0.0 0.0 0.0 0.0 19.49766528513794 2.0 512.0 
101.0005150327869 1.6779022699877701 1.242418411392715 4.6261065484396156 0.0 25.75458174548558 104.0 9.846153846153836 3.056263059684581 4.12259513383657 13.834661177334347 0.0 15.970947686880438 51.0 20.078431372549026 1.3314016873773453 0.9374742952722479 3.4836138576524758 0.0 25.804163626159944 124.0 8.25806451612904 1.6089321650926247 1.268922699585895 4.6261065484396156 0.0 26.93757347789615 117.0 8.75213675213674 3.215174161356519 4.115440220494991 13.241912419968985 0.0 16.309553926498698 49.0 20.89795918367347 1.369426468971077 0.8815953253643294 3.332808309342373 0.0 26.14832492281293 134.0 7.641791044776109 1.7026533150388594 1.3513663659851949 5.6352774948562505 0.0 27.65864338261969 110.0 9.309090909090905 3.8649473481133176 6.466106547867601 24.628416408678792 0.0 21.257994108536618 46.0 22.260869565217398 1.4136335629160228 0.9958790928685 3.6016230121356916 0.0 26.201074148493475 126.0 8.126984126984144 0.0 0.0 0.0 0.0 0.0 1.0 1024.0 0.0 0.0 0.0 0.0 0.0 37.0 27.675675675675677 0.0 0.0 0.0 0.0 0.0 1.0 1024.0 0.0 0.0 0.0 0.0 0.0 1.0 1024.0 0.0 0.0 0.0 0.0 0.0 37.0 27.675675675675677 0.0 0.0 0.0 0.0 0.0 1.0 1024.0 0.0 0.0 0.0 0.0 0.0 1.0 1024.0 0.0 0.0 0.0 0.0 0.0 37.0 27.675675675675677 0.0 0.0 0.0 0.0 0.0 1.0 1024.0 1.7443044069379654 1.212806410485939 4.805157531375327 0.0 25.71483143240614 155.0 6.606451612903225 4.58106600659779 4.752829121290701 15.074033345448699 0.0 19.31325074437748 51.0 20.078431372549023 1.3770836823562005 0.9629295697809832 3.4864782878754865 0.0 25.415467178705978 181.0 5.657458563535921 1.6928912213772185 1.209554346795484 4.805157531375327 0.0 26.270318913510522 163.0 6.28220858895705 4.623389552209654 4.626418050729 15.166946884958433 0.0 19.60975946760939 50.0 20.48 1.361528293643953 0.9222105730318573 3.355582661291501 0.0 25.61765664950498 194.0 5.278350515463913 1.8094937984743393 1.3718172396766124 5.869339320126588 0.0 26.597560098684973 148.0 6.91891891891893 6.599812247510329 8.555497930014969 28.568402560419546 0.0 23.60727266036167 44.0 23.272727272727266 1.4431596203863764 1.0252475930218912 3.9592310638267834 0.0 25.275968342938473 178.0 5.752808988764034 1.4821718997126845 3.7743625924153417 41.78745222094094 0.0 29.348448643212514 638.0 1.6050156739811945 24.07319097332853 10.878977035411614 36.9901087825193 0.0 13.537096399266316 42.0 24.380952380952376 0.67316311656262 1.058939836325291 4.365364986724842 0.0 29.23826360004977 667.0 1.535232383808098 1.4169618569110516 3.4117222292526472 32.874741622928155 0.0 29.45164062088824 644.0 1.5900621118012397 26.413959054522664 9.991545507772553 41.631810312897706 0.0 9.48347659176922 38.0 26.947368421052634 0.6580914509313256 1.0264785295261905 3.5217069291965686 0.0 29.384316693613304 680.0 1.505882352941178 1.3946511866458113 3.502690858301952 45.01462284090048 0.0 29.345482224521774 641.0 1.5975039001560107 28.13662262744742 5.58675950686399 35.76295777937128 0.0 7.64368178375316 36.0 28.44444444444444 0.6977944404766012 1.0905571814145025 4.365364986724842 0.0 29.32950224089589 666.0 1.5375375375375404 0.013350205037669077 0.4062500516077102 12.362289864881701 0.0 30.211403942465775 926.0 1.1058315334773199 1.5530862153525413 6.202138645454618 32.49551326539598 0.0 27.302312881822527 512.0 2.0 0.0037729575695063947 0.11768966897362335 3.6710877151297523 0.0 29.742070504704007 973.0 1.052415210688591 0.011587245617946768 0.352983334192785 10.752963933454494 0.0 30.131765733213562 928.0 1.10344827586207 1.1368717814824179 4.407993145783876 30.69349989111725 0.0 20.103227386075872 503.0 2.0357852882703664 0.0035387039373877788 0.11100480506527814 3.482084674389563 0.0 29.578906563946422 984.0 1.0406504065040658 0.0 0.0 0.0 0.0 29.004175569229503 1024.0 1.0 0.1562307772998069 1.8066374568740033 28.369764895008235 0.0 29.06439148857513 999.0 1.025025025025025 0.0 0.0 0.0 0.0 29.004175569229503 1024.0 1.0 
102.0005150327869 1.6779022699877701 1.242418411392715 4.6261065484396156 0.0 25.75458174548558 104.0 9.846153846153836 3.056263059684581 4.12259513383657 13.834661177334347 0.0 15.970947686880438 51.0 20.078431372549026 1.3420303851686146 0.9336115058877288 3.4836138576524758 0.0 25.73991929171403 123.0 8.32520325203253 1.6262286945269246 1.2626740987532332 4.6261065484396156 0.0 26.905340893139478 116.0 8.827586206896544 3.215174161356519 4.115440220494991 13.241912419968985 0.0 16.309553926498698 49.0 20.89795918367347 1.369426468971077 0.8815953253643294 3.332808309342373 0.0 26.14832492281293 134.0 7.641791044776109 1.7029296454927707 1.3519525036720064 5.6352774948562505 0.0 27.660404119286326 110.0 9.309090909090905 3.8649473481133176 6.466106547867601 24.628416408678792 0.0 21.257994108536618 46.0 22.260869565217398 1.4136335629160228 0.9958790928685 3.6016230121356916 0.0 26.201074148493475 126.0 8.126984126984144 0.0 0.0 0.0 0.0 0.0 1.0 1024.0 0.0 0.0 0.0 0.0 0.0 37.0 27.675675675675677 0.0 0.0 0.0 0.0 0.0 1.0 1024.0 0.0 0.0 0.0 0.0 0.0 1.0 1024.0 0.0 0.0 0.0 0.0 0.0 37.0 27.675675675675677 0.0 0.0 0.0 0.0 0.0 1.0 1024.0 0.0 0.0 0.0 0.0 0.0 1.0 1024.0 0.0 0.0 0.0 0.0 0.0 37.0 27.675675675675677 0.0 0.0 0.0 0.0 0.0 1.0 1024.0 1.745144070913918 1.2124872964315028 4.805157531375327 0.0 25.71403933061943 155.0 6.606451612903225 4.58106600659779 4.752829121290701 15.074033345448699 0.0 19.31325074437748 51.0 20.078431372549023 1.3752481526647027 0.9624567166808573 3.4864782878754865 0.0 25.41887159578402 181.0 5.657458563535922 1.6928912213772185 1.209554346795484 4.805157531375327 0.0 26.270318913510522 163.0 6.28220858895705 4.623389552209654 4.626418050729 15.166946884958433 0.0 19.60975946760939 50.0 20.48 1.352893238313051 0.9237636730174015 3.355582661291501 0.0 25.61336373628632 195.0 5.251282051282047 1.8100309376664554 1.3713493344115506 5.869339320126588 0.0 26.601690973256837 148.0 6.91891891891893 6.599812247510329 8.555497930014969 28.568402560419546 0.0 23.60727266036167 44.0 23.272727272727266 1.4431596203863764 1.0252475930218912 3.9592310638267834 0.0 25.275968342938473 178.0 5.752808988764034 1.4821718997126845 3.7743625924153417 41.78745222094094 0.0 29.348448643212514 638.0 1.6050156739811945 24.07319097332853 10.878977035411614 36.9901087825193 0.0 13.537096399266316 42.0 24.380952380952376 0.67316311656262 1.058939836325291 4.365364986724842 0.0 29.23826360004977 667.0 1.535232383808098 1.4169618569110516 3.4117222292526472 32.874741622928155 0.0 29.45164062088824 644.0 1.5900621118012397 26.413959054522664 9.991545507772553 41.631810312897706 0.0 9.48347659176922 38.0 26.947368421052634 0.6580914509313256 1.0264785295261905 3.5217069291965686 0.0 29.384316693613304 680.0 1.505882352941178 1.3946511866458113 3.502690858301952 45.01462284090048 0.0 29.345482224521774 641.0 1.5975039001560107 28.13662262744742 5.58675950686399 35.76295777937128 0.0 7.64368178375316 36.0 28.44444444444444 0.6977944404766012 1.0905571814145025 4.365364986724842 0.0 29.32950224089589 666.0 1.5375375375375404 0.5579806650188256 1.8780531701762608 23.652094789886817 0.0 29.256920016294522 820.0 1.2487804878048772 13.98218334150269 15.031435872888439 43.80307071909077 0.0 22.73693715826156 199.0 5.1457286432160725 0.3223524940904259 0.8178173606884946 6.020648694765517 0.0 29.222446539895127 841.0 1.2175980975029734 0.5689322595303331 2.2792921038306226 28.292710731673488 0.0 29.288794477626247 825.0 1.2412121212121212 18.44783341906998 14.607955161067588 60.86648115565746 0.0 20.13969073061303 170.0 6.023529411764712 0.31959310264999147 0.8691331746911923 11.715702874690475 0.0 29.076002810328372 848.0 1.207547169811321 0.6463677954272335 2.2162539989519976 23.652094789886817 0.0 29.4597915143033 826.0 1.2397094430992746 17.37927566116997 14.770697866655038 55.714482171796895 0.0 20.383941764152194 214.0 4.785046728971961 0.3104508235950142 0.7779095589507364 3.523672279417434 0.0 29.403712662185953 844.0 1.2132701421800962 
103.0005150327869 1.6779022699877701 1.242418411392715 4.6261065484396156 0.0 25.75458174548558 104.0 9.846153846153836 3.056263059684581 4.12259513383657 13.834661177334347 0.0 15.970947686880438 51.0 20.078431372549026 1.3420303851686146 0.9336115058877288 3.4836138576524758 0.0 25.73991929171403 123.0 8.32520325203253 1.626474943854753 1.2624562523533556 4.6261065484396156 0.0 26.914664712538283 116.0 8.827586206896544 3.215174161356519 4.115440220494991 13.241912419968985 0.0 16.309553926498698 49.0 20.89795918367347 1.369426468971077 0.8815953253643294 3.332808309342373 0.0 26.14832492281293 134.0 7.641791044776109 1.7029296454927707 1.3519525036720064 5.6352774948562505 0.0 27.660404119286326 110.0 9.309090909090905 3.8649473481133176 6.466106547867601 24.628416408678792 0.0 21.257994108536618 46.0 22.260869565217398 1.4136335629160228 0.9958790928685 3.6016230121356916 0.0 26.201074148493475 126.0 8.126984126984144 0.0 0.0 0.0 0.0 0.0 1.0 1024.0 0.0 0.0 0.0 0.0 0.0 37.0 27.675675675675677 0.0 0.0 0.0 0.0 0.0 1.0 1024.0 0.0 0.0 0.0 0.0 0.0 1.0 1024.0 0.0 0.0 0.0 0.0 0.0 37.0 27.675675675675677 0.0 0.0 0.0 0.0 0.0 1.0 1024.0 0.0 0.0 0.0 0.0 0.0 1.0 1024.0 0.0 0.0 0.0 0.0 0.0 37.0 27.675675675675677 0.0 0.0 0.0 0.0 0.0 1.0 1024.0 1.7083924966571797 1.2268602099518338 4.805157531375327 0.0 25.77146079923548 158.0 6.481012658227852 4.58106600659779 4.752829121290701 15.074033345448699 0.0 19.31325074437748 51.0 20.078431372549023 1.3635881022618908 0.9661062559022069 3.4864782878754865 0.0 25.476659789874976 181.0 5.657458563535921 1.6928912213772185 1.209554346795484 4.805157531375327 0.0 26.270318913510522 163.0 6.28220858895705 4.623389552209654 4.626418050729 15.166946884958433 0.0 19.60975946760939 50.0 20.48 1.3719198764792795 0.9164145555093911 3.355582661291501 0.0 25.59896229514976 194.0 5.278350515463913 1.818973761257406 1.3706511496252407 5.869339320126588 0.0 26.5842928221346 147.0 6.9659863945578175 6.599812247510329 8.555497930014969 28.568402560419546 0.0 23.60727266036167 44.0 23.272727272727266 1.4431596203863764 1.0252475930218912 3.9592310638267834 0.0 25.275968342938473 178.0 5.752808988764034 1.4821718997126845 3.7743625924153417 41.78745222094094 0.0 29.348448643212514 638.0 1.6050156739811945 24.07319097332853 10.878977035411614 36.9901087825193 0.0 13.537096399266316 42.0 24.380952380952376 0.67316311656262 1.058939836325291 4.365364986724842 0.0 29.23826360004977 667.0 1.535232383808098 1.4169618569110516 3.4117222292526472 32.874741622928155 0.0 29.45164062088824 644.0 1.5900621118012397 26.413959054522664 9.991545507772553 41.631810312897706 0.0 9.48347659176922 38.0 26.947368421052634 0.6580914509313256 1.0264785295261905 3.5217069291965686 0.0 29.384316693613304 680.0 1.505882352941178 1.3946511866458113 3.502690858301952 45.01462284090048 0.0 29.345482224521774 641.0 1.5975039001560107 28.13662262744742 5.58675950686399 35.76295777937128 0.0 7.64368178375316 36.0 28.44444444444444 0.6977944404766012 1.0905571814145025 4.365364986724842 0.0 29.32950224089589 666.0 1.5375375375375404 1.01702209553265 2.5854277274104533 23.652094789886817 0.0 29.33606987762201 701.0 1.4607703281027096 22.94551132381661 13.874332752326845 58.10427225044968 0.0 16.139059718893197 73.0 14.027397260273972 0.593392057399699 1.0462574608420512 9.293231496799276 0.0 29.410154589710515 705.0 1.4524822695035449 1.0273556983558982 2.7599111368032814 23.652094789886817 0.0 29.24230396305439 709.0 1.444287729196052 26.357627020805552 8.917185287547603 43.06073082389322 0.0 9.813074517918876 55.0 18.618181818181814 0.5646707378192338 0.9600903957729682 3.51553738477806 0.0 29.438991109789427 718.0 1.4261838440111414 1.00122360368861 2.451885351737372 23.652094789886817 0.0 29.386921240504478 694.0 1.4755043227665723 23.39156495599237 11.638632288997416 45.315450693267685 0.0 13.539758028934749 74.0 13.83783783783785 0.5805144808035765 1.009399985426443 5.483493827710768 0.0 29.452077336663482 707.0 1.4483734087694495 
104.0005150327869 1.6779022699877701 1.242418411392715 4.6261065484396156 0.0 25.75458174548558 104.0 9.846153846153836 3.056263059684581 4.12259513383657 13.834661177334347 0.0 15.970947686880438 51.0 20.078431372549026 1.3420303851686146 0.9336115058877288 3.4836138576524758 0.0 25.73991929171403 123.0 8.32520325203253 1.629414730223799 1.259127579656588 4.6261065484396156 0.0 26.923091528996714 116.0 8.827586206896544 3.215174161356519 4.115440220494991 13.241912419968985 0.0 16.309553926498698 49.0 20.89795918367347 1.369426468971077 0.8815953253643294 3.332808309342373 0.0 26.14832492281293 134.0 7.641791044776109 1.7022408867233503 1.352639115563343 5.6352774948562505 0.0 27.66113064739011 110.0 9.309090909090905 3.8649473481133176 6.466106547867601 24.628416408678792 0.0 21.257994108536618 46.0 22.260869565217398 1.4136335629160228 0.9958790928685 3.6016230121356916 0.0 26.201074148493475 126.0 8.126984126984144 0.0 0.0 0.0 0.0 0.0 1.0 1024.0 0.0 0.0 0.0 0.0 0.0 37.0 27.675675675675677 0.0 0.0 0.0 0.0 0.0 1.0 1024.0 0.0 0.0 0.0 0.0 0.0 1.0 1024.0 0.0 0.0 0.0 0.0 0.0 37.0 27.675675675675677 0.0 0.0 0.0 0.0 0.0 1.0 1024.0 0.0 0.0 0.0 0.0 0.0 1.0 1024.0 0.0 0.0 0.0 0.0 0.0 37.0 27.675675675675677 0.0 0.0 0.0 0.0 0.0 1.0 1024.0 1.7074439665540027 1.2259134081496832 4.805157531375327 0.0 25.7981049293775 159.0 6.440251572327046 4.58106600659779 4.752829121290701 15.074033345448699 0.0 19.31325074437748 51.0 20.078431372549023 1.3575115120517829 0.9674410239167097 3.4864782878754865 0.0 25.497762671303278 182.0 5.6263736263736295 1.6928025622187943 1.2096101893882145 4.805157531375327 0.0 26.270006628353613 163.0 6.28220858895705 4.623389552209654 4.626418050729 15.166946884958433 0.0 19.60975946760939 50.0 20.48 1.3837105166286026 0.9181364480245652 3.355582661291501 0.0 25.612397136539702 194.0 5.278350515463914 1.8313610325111946 1.3670214941371999 5.869339320126588 0.0 26.47613558840109 146.0 7.0136986301369735 6.599812247510329 8.555497930014969 28.568402560419546 0.0 23.60727266036167 44.0 23.272727272727266 1.4431596203863764 1.0252475930218912 3.9592310638267834 0.0 25.275968342938473 178.0 5.752808988764034 1.4821718997126845 3.7743625924153417 41.78745222094094 0.0 29.348448643212514 638.0 1.6050156739811945 24.07319097332853 10.878977035411614 36.9901087825193 0.0 13.537096399266316 42.0 24.380952380952376 0.67316311656262 1.058939836325291 4.365364986724842 0.0 29.23826360004977 667.0 1.535232383808098 1.4169618569110516 3.4117222292526472 32.874741622928155 0.0 29.45164062088824 644.0 1.5900621118012397 26.413959054522664 9.991545507772553 41.631810312897706 0.0 9.48347659176922 38.0 26.947368421052634 0.6580914509313256 1.0264785295261905 3.5217069291965686 0.0 29.384316693613304 680.0 1.505882352941178 1.3946511866458113 3.502690858301952 45.01462284090048 0.0 29.345482224521774 641.0 1.5975039001560107 28.13662262744742 5.58675950686399 35.76295777937128 0.0 7.64368178375316 36.0 28.44444444444444 0.6977944404766012 1.0905571814145025 4.365364986724842 0.0 29.32950224089589 666.0 1.5375375375375404 1.0978351252518745 2.7601374783872603 23.652094789886817 0.0 29.366375795866002 694.0 1.4755043227665723 19.006992514670863 14.486879270729682 53.64297022869914 0.0 19.63613584040307 67.0 15.283582089552247 0.6006691058754196 1.0496659614717654 9.293231496799276 0.0 29.478449291906447 698.0 1.4670487106017214 1.1210280323974577 2.9522276171443265 23.652094789886817 0.0 29.339036824784234 694.0 1.4755043227665723 22.78809485037943 12.827070583393201 45.43939716825828 0.0 13.938374874052709 58.0 17.655172413793107 0.5796499869531535 0.9674081519702458 3.51553738477806 0.0 29.47575965865987 708.0 1.4463276836158183 1.0285529293305584 2.5377780236523266 23.652094789886817 0.0 29.429385807787273 689.0 1.4862119013062434 17.97524858628342 13.877838012902764 36.20105699310533 0.0 18.120625938816456 65.0 15.753846153846155 0.5807793292598343 0.9966158964230066 4.7394594107427555 0.0 29.50709518722144 702.0 1.4586894586894592 
105.0005150327869 1.6779022699877701 1.242418411392715 4.6261065484396156 0.0 25.75458174548558 104.0 9.846153846153836 3.056263059684581 4.12259513383657 13.834661177334347 0.0 15.970947686880438 51.0 20.078431372549026 1.3420303851686146 0.9336115058877288 3.4836138576524758 0.0 25.73991929171403 123.0 8.32520325203253 1.6466198702593267 1.2529010229138025 4.6261065484396156 0.0 26.88240537094181 115.0 8.904347826086953 3.215174161356519 4.115440220494991 13.241912419968985 0.0 16.309553926498698 49.0 20.89795918367347 1.369426468971077 0.8815953253643294 3.332808309342373 0.0 26.14832492281293 134.0 7.641791044776109 1.7005545662847894 1.3544906848237668 5.6352774948562505 0.0 27.662028827847493 110.0 9.309090909090905 3.8649473481133176 6.466106547867601 24.628416408678792 0.0 21.257994108536618 46.0 22.260869565217398 1.4136335629160228 0.9958790928685 3.6016230121356916 0.0 26.201074148493475 126.0 8.126984126984144 0.0 0.0 0.0 0.0 0.0 1.0 1024.0 0.0 0.0 0.0 0.0 0.0 37.0 27.675675675675677 0.0 0.0 0.0 0.0 0.0 1.0 1024.0 0.0 0.0 0.0 0.0 0.0 1.0 1024.0 0.0 0.0 0.0 0.0 0.0 37.0 27.675675675675677 0.0 0.0 0.0 0.0 0.0 1.0 1024.0 0.0 0.0 0.0 0.0 0.0 1.0 1024.0 0.0 0.0 0.0 0.0 0.0 37.0 27.675675675675677 0.0 0.0 0.0 0.0 0.0 1.0 1024.0 1.7293794406652958 1.2170656839581089 4.805157531375327 0.0 25.796502707068427 157.0 6.522292993630575 4.58106600659779 4.752829121290701 15.074033345448699 0.0 19.31325074437748 51.0 20.078431372549023 1.3638497253835387 0.9673076820439701 3.4864782878754865 0.0 25.45382602492947 181.0 5.657458563535922 1.6928025622187943 1.2096101893882145 4.805157531375327 0.0 26.270006628353613 163.0 6.28220858895705 4.623389552209654 4.626418050729 15.166946884958433 0.0 19.60975946760939 50.0 20.48 1.382167769988126 0.9186710230509889 3.355582661291501 0.0 25.614740672984016 194.0 5.278350515463914 1.8313610325111946 1.3670214941371999 5.869339320126588 0.0 26.47613558840109 146.0 7.0136986301369735 6.599812247510329 8.555497930014969 28.568402560419546 0.0 23.60727266036167 44.0 23.272727272727266 1.4431596203863764 1.0252475930218912 3.9592310638267834 0.0 25.275968342938473 178.0 5.752808988764034 1.4821718997126845 3.7743625924153417 41.78745222094094 0.0 29.348448643212514 638.0 1.6050156739811945 24.07319097332853 10.878977035411614 36.9901087825193 0.0 13.537096399266316 42.0 24.380952380952376 0.67316311656262 1.058939836325291 4.365364986724842 0.0 29.23826360004977 667.0 1.535232383808098 1.4169618569110516 3.4117222292526472 32.874741622928155 0.0 29.45164062088824 644.0 1.5900621118012397 26.413959054522664 9.991545507772553 41.631810312897706 0.0 9.48347659176922 38.0 26.947368421052634 0.6580914509313256 1.0264785295261905 3.5217069291965686 0.0 29.384316693613304 680.0 1.505882352941178 1.3946511866458113 3.502690858301952 45.01462284090048 0.0 29.345482224521774 641.0 1.5975039001560107 28.13662262744742 5.58675950686399 35.76295777937128 0.0 7.64368178375316 36.0 28.44444444444444 0.6977944404766012 1.0905571814145025 4.365364986724842 0.0 29.32950224089589 666.0 1.5375375375375404 1.1394065739977157 2.787884387407794 23.652094789886817 0.0 29.414178035138118 686.0 1.4927113702623929 16.014996497786466 15.404623767903479 53.97374459277122 0.0 19.726542118622245 81.0 12.641975308641975 0.6020540728368865 1.048434191683053 9.293231496799276 0.0 29.497503428210766 697.0 1.469153515064563 1.140713957786328 2.9775050209738274 25.10632043489617 0.0 29.36769239017314 690.0 1.4840579710144919 16.389284432900205 13.882510220955231 33.980989120330044 0.0 20.670113136217417 70.0 14.628571428571425 0.5850549834726992 0.9699992484306809 3.51553738477806 0.0 29.4962742245751 707.0 1.4483734087694498 1.0341915817312846 2.54123759643848 23.652094789886817 0.0 29.42436973424261 687.0 1.490538573508007 14.47101795763248 14.788591259617467 40.68095634516553 0.0 18.5463116194176 73.0 14.027397260273972 0.5838169046359056 0.9975105003651454 4.7394594107427555 0.0 29.48142376938234 701.0 1.4607703281027096 
106.0005150327869 1.6779022699877701 1.242418411392715 4.6261065484396156 0.0 25.75458174548558 104.0 9.846153846153836 3.056263059684581 4.12259513383657 13.834661177334347 0.0 15.970947686880438 51.0 20.078431372549026 1.3420303851686146 0.9336115058877288 3.4836138576524758 0.0 25.73991929171403 123.0 8.32520325203253 1.6321290027664317 1.2572105474307922 4.6261065484396156 0.0 26.9349573952608 116.0 8.827586206896544 3.215174161356519 4.115440220494991 13.241912419968985 0.0 16.309553926498698 49.0 20.89795918367347 1.369426468971077 0.8815953253643294 3.332808309342373 0.0 26.14832492281293 134.0 7.641791044776109 1.700475916493639 1.354569384370883 5.6352774948562505 0.0 27.66224476357833 110.0 9.309090909090905 3.8649473481133176 6.466106547867601 24.628416408678792 0.0 21.257994108536618 46.0 22.260869565217398 1.4136335629160228 0.9958790928685 3.6016230121356916 0.0 26.201074148493475 126.0 8.126984126984144 0.0 0.0 0.0 0.0 0.0 1.0 1024.0 0.0 0.0 0.0 0.0 0.0 37.0 27.675675675675677 0.0 0.0 0.0 0.0 0.0 1.0 1024.0 0.0 0.0 0.0 0.0 0.0 1.0 1024.0 0.0 0.0 0.0 0.0 0.0 37.0 27.675675675675677 0.0 0.0 0.0 0.0 0.0 1.0 1024.0 0.0 0.0 0.0 0.0 0.0 1.0 1024.0 0.0 0.0 0.0 0.0 0.0 37.0 27.675675675675677 0.0 0.0 0.0 0.0 0.0 1.0 1024.0 1.7416319194860839 1.2111737577828263 4.805157531375327 0.0 25.786859049558817 156.0 6.564102564102569 4.58106600659779 4.752829121290701 15.074033345448699 0.0 19.31325074437748 51.0 20.078431372549023 1.374800571777002 0.9649754769065176 3.4864782878754865 0.0 25.37834356204504 179.0 5.720670391061458 1.6906986038585516 1.2110774970419311 4.805157531375327 0.0 26.266107769754928 163.0 6.28220858895705 4.623389552209654 4.626418050729 15.166946884958433 0.0 19.60975946760939 50.0 20.48 1.3759928183144792 0.9214570589432167 3.355582661291501 0.0 25.674788472426098 195.0 5.251282051282047 1.8313610325111946 1.3670214941371999 5.869339320126588 0.0 26.47613558840109 146.0 7.0136986301369735 6.599812247510329 8.555497930014969 28.568402560419546 0.0 23.60727266036167 44.0 23.272727272727266 1.4431596203863764 1.0252475930218912 3.9592310638267834 0.0 25.275968342938473 178.0 5.752808988764034 1.4821718997126845 3.7743625924153417 41.78745222094094 0.0 29.348448643212514 638.0 1.6050156739811945 24.07319097332853 10.878977035411614 36.9901087825193 0.0 13.537096399266316 42.0 24.380952380952376 0.67316311656262 1.058939836325291 4.365364986724842 0.0 29.23826360004977 667.0 1.535232383808098 1.4169618569110516 3.4117222292526472 32.874741622928155 0.0 29.45164062088824 644.0 1.5900621118012397 26.413959054522664 9.991545507772553 41.631810312897706 0.0 9.48347659176922 38.0 26.947368421052634 0.6580914509313256 1.0264785295261905 3.5217069291965686 0.0 29.384316693613304 680.0 1.505882352941178 1.3946511866458113 3.502690858301952 45.01462284090048 0.0 29.345482224521774 641.0 1.5975039001560107 28.13662262744742 5.58675950686399 35.76295777937128 0.0 7.64368178375316 36.0 28.44444444444444 0.6977944404766012 1.0905571814145025 4.365364986724842 0.0 29.32950224089589 666.0 1.5375375375375404 1.1429811828407903 2.787294490816233 23.652094789886817 0.0 29.43046906064626 683.0 1.499267935578331 18.77892437086028 15.221895831163067 53.64297022869914 0.0 17.503436236675523 73.0 14.027397260273972 0.6017570660397191 1.046987287997342 9.293231496799276 0.0 29.515376519924512 696.0 1.4712643678160935 1.1472681019961248 2.9820227570594517 25.10632043489617 0.0 29.389737376844845 689.0 1.4862119013062436 16.63623507072949 14.181375713922694 35.98063193395546 0.0 20.51691014928559 69.0 14.84057971014492 0.5844256913779273 0.969641860980298 3.51553738477806 0.0 29.47670389231597 708.0 1.4463276836158183 1.0341915817312846 2.54123759643848 23.652094789886817 0.0 29.42436973424261 687.0 1.490538573508007 18.32946176571206 14.215604541426043 44.796083558611365 0.0 15.973015290925217 63.0 16.253968253968253 0.5838169046359056 0.9975105003651454 4.7394594107427555 0.0 29.48142376938234 701.0 1.4607703281027096 
107.0005150327869 1.6779022699877701 1.242418411392715 4.6261065484396156 0.0 25.75458174548558 104.0 9.846153846153836 3.056263059684581 4.12259513383657 13.834661177334347 0.0 15.970947686880438 51.0 20.078431372549026 1.3420303851686146 0.9336115058877288 3.4836138576524758 0.0 25.73991929171403 123.0 8.32520325203253 1.6453694694816523 1.2537968145522693 4.6261065484396156 0.0 26.886007275871172 115.0 8.904347826086953 3.215174161356519 4.115440220494991 13.241912419968985 0.0 16.309553926498698 49.0 20.89795918367347 1.367079747325895 0.8840473835862814 3.332808309342373 0.0 26.147568859003925 134.0 7.641791044776109 1.700429881080394 1.3546014943148306 5.6352774948562505 0.0 27.66248678057284 110.0 9.309090909090905 3.8649473481133176 6.466106547867601 24.628416408678792 0.0 21.257994108536618 46.0 22.260869565217398 1.4025085807425997 0.9998166281860902 3.6016230121356916 0.0 26.292451134661416 127.0 8.062992125984264 0.0 0.0 0.0 0.0 0.0 1.0 1024.0 0.0 0.0 0.0 0.0 0.0 37.0 27.675675675675677 0.0 0.0 0.0 0.0 0.0 1.0 1024.0 0.0 0.0 0.0 0.0 0.0 1.0 1024.0 0.0 0.0 0.0 0.0 0.0 37.0 27.675675675675677 0.0 0.0 0.0 0.0 0.0 1.0 1024.0 0.0 0.0 0.0 0.0 0.0 1.0 1024.0 0.0 0.0 0.0 0.0 0.0 37.0 27.675675675675677 0.0 0.0 0.0 0.0 0.0 1.0 1024.0 1.7551874670996142 1.2038391616442516 4.805157531375327 0.0 25.708099359182533 155.0 6.606451612903225 4.58106600659779 4.752829121290701 15.074033345448699 0.0 19.31325074437748 51.0 20.078431372549023 1.374800571777002 0.9649754769065176 3.4864782878754865 0.0 25.37834356204504 179.0 5.720670391061458 1.6906986038585516 1.2110774970419311 4.805157531375327 0.0 26.266107769754928 163.0 6.28220858895705 4.623389552209654 4.626418050729 15.166946884958433 0.0 19.60975946760939 50.0 20.48 1.3735782350102053 0.9182901860161511 3.355582661291501 0.0 25.676847222075374 195.0 5.251282051282047 1.8310666075826865 1.367230149221122 5.869339320126588 0.0 26.476335487162856 146.0 7.0136986301369735 6.599812247510329 8.555497930014969 28.568402560419546 0.0 23.60727266036167 44.0 23.272727272727266 1.4431596203863764 1.0252475930218912 3.9592310638267834 0.0 25.275968342938473 178.0 5.752808988764034 1.4821718997126845 3.7743625924153417 41.78745222094094 0.0 29.348448643212514 638.0 1.6050156739811945 24.07319097332853 10.878977035411614 36.9901087825193 0.0 13.537096399266316 42.0 24.380952380952376 0.67316311656262 1.058939836325291 4.365364986724842 0.0 29.23826360004977 667.0 1.535232383808098 1.4169618569110516 3.4117222292526472 32.874741622928155 0.0 29.45164062088824 644.0 1.5900621118012397 26.413959054522664 9.991545507772553 41.631810312897706 0.0 9.48347659176922 38.0 26.947368421052634 0.6580914509313256 1.0264785295261905 3.5217069291965686 0.0 29.384316693613304 680.0 1.505882352941178 1.3946511866458113 3.502690858301952 45.01462284090048 0.0 29.345482224521774 641.0 1.5975039001560107 28.13662262744742 5.58675950686399 35.76295777937128 0.0 7.64368178375316 36.0 28.44444444444444 0.6977944404766012 1.0905571814145025 4.365364986724842 0.0 29.32950224089589 666.0 1.5375375375375404 1.1273354234481405 2.7663820401124557 23.652094789886817 0.0 29.392156414163402 685.0 1.4948905109489041 17.626710218111725 14.380632640804327 53.64297022869914 0.0 18.06226227071027 67.0 15.283582089552247 0.6017570660397191 1.046987287997342 9.293231496799276 0.0 29.515376519924512 696.0 1.4712643678160935 1.1424218195113114 2.9442083089919295 23.652094789886817 0.0 29.42925546252621 689.0 1.4862119013062436 15.198160209705556 14.417273490921529 34.49874175921654 0.0 19.901838799774378 78.0 13.12820512820512 0.5844256913779273 0.969641860980298 3.51553738477806 0.0 29.47670389231597 708.0 1.4463276836158183 1.0341915817312846 2.54123759643848 23.652094789886817 0.0 29.42436973424261 687.0 1.490538573508007 21.195655671971057 13.60039601655498 44.796083558611365 0.0 12.144009208778764 57.0 17.964912280701753 0.5838169046359056 0.9975105003651454 4.7394594107427555 0.0 29.48142376938234 701.0 1.4607703281027096 
108.0005150327869 1.6779022699877701 1.242418411392715 4.6261065484396156 0.0 25.75458174548558 104.0 9.846153846153836 3.056263059684581 4.12259513383657 13.834661177334347 0.0 15.970947686880438 51.0 20.078431372549026 1.3420303851686146 0.9336115058877288 3.4836138576524758 0.0 25.73991929171403 123.0 8.32520325203253 1.6588898002026928 1.251241662906054 4.6261065484396156 0.0 26.832435871549972 114.0 8.982456140350862 3.215174161356519 4.115440220494991 13.241912419968985 0.0 16.309553926498698 49.0 20.89795918367347 1.367079747325895 0.8840473835862814 3.332808309342373 0.0 26.147568859003925 134.0 7.641791044776109 1.7160009912779703 1.3509073269201788 5.6352774948562505 0.0 27.605154486937135 109.0 9.394495412844037 3.8649473481133176 6.466106547867601 24.628416408678792 0.0 21.257994108536618 46.0 22.260869565217398 1.3915574534816582 1.00355567028938 3.6016230121356916 0.0 26.37902258977786 128.0 8.0 0.0 0.0 0.0 0.0 0.0 1.0 1024.0 0.0 0.0 0.0 0.0 0.0 37.0 27.675675675675677 0.0 0.0 0.0 0.0 0.0 1.0 1024.0 0.0 0.0 0.0 0.0 0.0 1.0 1024.0 0.0 0.0 0.0 0.0 0.0 37.0 27.675675675675677 0.0 0.0 0.0 0.0 0.0 1.0 1024.0 0.0 0.0 0.0 0.0 0.0 1.0 1024.0 0.0 0.0 0.0 0.0 0.0 37.0 27.675675675675677 0.0 0.0 0.0 0.0 0.0 1.0 1024.0 1.7513574165729953 1.2107275890937794 4.805157531375327 0.0 25.728016186230878 155.0 6.606451612903224 4.58106600659779 4.752829121290701 15.074033345448699 0.0 19.31325074437748 51.0 20.078431372549023 1.374800571777002 0.9649754769065176 3.4864782878754865 0.0 25.37834356204504 179.0 5.720670391061458 1.6906986038585516 1.2110774970419311 4.805157531375327 0.0 26.266107769754928 163.0 6.28220858895705 4.623389552209654 4.626418050729 15.166946884958433 0.0 19.60975946760939 50.0 20.48 1.3723012877826974 0.9170937736726829 3.355582661291501 0.0 25.76448011902082 195.0 5.251282051282046 1.8310666075826865 1.367230149221122 5.869339320126588 0.0 26.476335487162856 146.0 7.0136986301369735 6.599812247510329 8.555497930014969 28.568402560419546 0.0 23.60727266036167 44.0 23.272727272727266 1.4431596203863764 1.0252475930218912 3.9592310638267834 0.0 25.275968342938473 178.0 5.752808988764034 1.4821718997126845 3.7743625924153417 41.78745222094094 0.0 29.348448643212514 638.0 1.6050156739811945 24.07319097332853 10.878977035411614 36.9901087825193 0.0 13.537096399266316 42.0 24.380952380952376 0.67316311656262 1.058939836325291 4.365364986724842 0.0 29.23826360004977 667.0 1.535232383808098 1.4169618569110516 3.4117222292526472 32.874741622928155 0.0 29.45164062088824 644.0 1.5900621118012397 26.413959054522664 9.991545507772553 41.631810312897706 0.0 9.48347659176922 38.0 26.947368421052634 0.6580914509313256 1.0264785295261905 3.5217069291965686 0.0 29.384316693613304 680.0 1.505882352941178 1.3946511866458113 3.502690858301952 45.01462284090048 0.0 29.345482224521774 641.0 1.5975039001560107 28.13662262744742 5.58675950686399 35.76295777937128 0.0 7.64368178375316 36.0 28.44444444444444 0.6977944404766012 1.0905571814145025 4.365364986724842 0.0 29.32950224089589 666.0 1.5375375375375404 1.1273354234481405 2.7663820401124557 23.652094789886817 0.0 29.392156414163402 685.0 1.4948905109489041 17.564609507983704 14.726062211834515 53.64297022869914 0.0 20.25490157424154 65.0 15.753846153846155 0.5998609692080887 1.0382151105563147 8.573409071195007 0.0 29.49565760101043 697.0 1.469153515064563 1.152557514061225 2.922281759774507 23.652094789886817 0.0 29.421939493598916 688.0 1.488372093023254 17.61781287265667 13.810336745136997 33.698718700420386 0.0 19.2858449415487 69.0 14.84057971014492 0.5844256913779273 0.969641860980298 3.51553738477806 0.0 29.47670389231597 708.0 1.4463276836158183 1.0341915817312846 2.54123759643848 23.652094789886817 0.0 29.42436973424261 687.0 1.490538573508007 21.968482084173473 13.338460409396676 52.848716066855125 0.0 15.173364724536128 54.0 18.962962962962976 0.5838169046359056 0.9975105003651454 4.7394594107427555 0.0 29.48142376938234 701.0 1.4607703281027096 
109.0005150327869 1.6779022699877701 1.242418411392715 4.6261065484396156 0.0 25.75458174548558 104.0 9.846153846153836 3.056263059684581 4.12259513383657 13.834661177334347 0.0 15.970947686880438 51.0 20.078431372549026 1.3420303851686146 0.9336115058877288 3.4836138576524758 0.0 25.73991929171403 123.0 8.32520325203253 1.6443763836009662 1.2553010479569768 4.6261065484396156 0.0 26.872250549871357 115.0 8.904347826086953 3.215174161356519 4.115440220494991 13.241912419968985 0.0 16.309553926498698 49.0 20.89795918367347 1.367079747325895 0.8840473835862814 3.332808309342373 0.0 26.147568859003925 134.0 7.641791044776109 1.7159240984964288 1.3509869567132538 5.6352774948562505 0.0 27.60539901211817 109.0 9.394495412844037 3.8649473481133176 6.466106547867601 24.628416408678792 0.0 21.257994108536618 46.0 22.260869565217398 1.4025392271933976 0.99977895318054 3.6016230121356916 0.0 26.292369057432285 127.0 8.062992125984264 0.0 0.0 0.0 0.0 0.0 1.0 1024.0 0.0 0.0 0.0 0.0 0.0 37.0 27.675675675675677 0.0 0.0 0.0 0.0 0.0 1.0 1024.0 0.0 0.0 0.0 0.0 0.0 1.0 1024.0 0.0 0.0 0.0 0.0 0.0 37.0 27.675675675675677 0.0 0.0 0.0 0.0 0.0 1.0 1024.0 0.0 0.0 0.0 0.0 0.0 1.0 1024.0 0.0 0.0 0.0 0.0 0.0 37.0 27.675675675675677 0.0 0.0 0.0 0.0 0.0 1.0 1024.0 1.7745028256699338 1.2016159593209004 4.805157531375327 0.0 25.590301575937346 153.0 6.692810457516345 4.58106600659779 4.752829121290701 15.074033345448699 0.0 19.31325074437748 51.0 20.078431372549023 1.374800571777002 0.9649754769065176 3.4864782878754865 0.0 25.37834356204504 179.0 5.720670391061458 1.6913478045446113 1.2110955198916646 4.805157531375327 0.0 26.26564103955943 163.0 6.28220858895705 4.623389552209654 4.626418050729 15.166946884958433 0.0 19.60975946760939 50.0 20.48 1.3723012877826974 0.9170937736726829 3.355582661291501 0.0 25.76448011902082 195.0 5.251282051282046 1.8310666075826865 1.367230149221122 5.869339320126588 0.0 26.476335487162856 146.0 7.0136986301369735 6.599812247510329 8.555497930014969 28.568402560419546 0.0 23.60727266036167 44.0 23.272727272727266 1.4431596203863764 1.0252475930218912 3.9592310638267834 0.0 25.275968342938473 178.0 5.752808988764034 1.4821718997126845 3.7743625924153417 41.78745222094094 0.0 29.348448643212514 638.0 1.6050156739811945 24.07319097332853 10.878977035411614 36.9901087825193 0.0 13.537096399266316 42.0 24.380952380952376 0.67316311656262 1.058939836325291 4.365364986724842 0.0 29.23826360004977 667.0 1.535232383808098 1.4169618569110516 3.4117222292526472 32.874741622928155 0.0 29.45164062088824 644.0 1.5900621118012397 26.413959054522664 9.991545507772553 41.631810312897706 0.0 9.48347659176922 38.0 26.947368421052634 0.6580914509313256 1.0264785295261905 3.5217069291965686 0.0 29.384316693613304 680.0 1.505882352941178 1.3946511866458113 3.502690858301952 45.01462284090048 0.0 29.345482224521774 641.0 1.5975039001560107 28.13662262744742 5.58675950686399 35.76295777937128 0.0 7.64368178375316 36.0 28.44444444444444 0.6977944404766012 1.0905571814145025 4.365364986724842 0.0 29.32950224089589 666.0 1.5375375375375404 1.129313757143165 2.767948492328883 23.652094789886817 0.0 29.413658038499978 684.0 1.4970760233918128 22.45724590276206 14.314669850523009 60.80300991180036 0.0 16.635213242128458 56.0 18.285714285714292 0.5879534887469258 0.9927743988650073 3.704693846379042 0.0 29.47771868472996 698.0 1.4670487106017214 1.152557514061225 2.922281759774507 23.652094789886817 0.0 29.421939493598916 688.0 1.488372093023254 20.565688012446476 13.273707001120426 43.68996913566441 0.0 18.03774679642094 58.0 17.65517241379311 0.5844256913779273 0.969641860980298 3.51553738477806 0.0 29.47670389231597 708.0 1.4463276836158183 1.0341915817312846 2.54123759643848 23.652094789886817 0.0 29.42436973424261 687.0 1.490538573508007 23.3594165104701 11.33506021272766 36.592853501932424 0.0 14.733564383480868 46.0 22.2608695652174 0.5838169046359056 0.9975105003651454 4.7394594107427555 0.0 29.48142376938234 701.0 1.4607703281027096 
110.0005150327869 1.6779022699877701 1.242418411392715 4.6261065484396156 0.0 25.75458174548558 104.0 9.846153846153836 3.056263059684581 4.12259513383657 13.834661177334347 0.0 15.970947686880438 51.0 20.078431372549026 1.3420303851686146 0.9336115058877288 3.4836138576524758 0.0 25.73991929171403 123.0 8.32520325203253 1.6443517577057998 1.255264012136656 4.6261065484396156 0.0 26.872386131815883 115.0 8.904347826086953 3.215174161356519 4.115440220494991 13.241912419968985 0.0 16.309553926498698 49.0 20.89795918367347 1.367079747325895 0.8840473835862814 3.332808309342373 0.0 26.147568859003925 134.0 7.641791044776109 1.7317989694780394 1.3470239165880098 5.6352774948562505 0.0 27.53163259510003 108.0 9.481481481481493 3.8649473481133176 6.466106547867601 24.628416408678792 0.0 21.257994108536618 46.0 22.260869565217398 1.4025392271933976 0.99977895318054 3.6016230121356916 0.0 26.292369057432285 127.0 8.062992125984264 0.0 0.0 0.0 0.0 0.0 1.0 1024.0 0.0 0.0 0.0 0.0 0.0 37.0 27.675675675675677 0.0 0.0 0.0 0.0 0.0 1.0 1024.0 0.0 0.0 0.0 0.0 0.0 1.0 1024.0 0.0 0.0 0.0 0.0 0.0 37.0 27.675675675675677 0.0 0.0 0.0 0.0 0.0 1.0 1024.0 0.0 0.0 0.0 0.0 0.0 1.0 1024.0 0.0 0.0 0.0 0.0 0.0 37.0 27.675675675675677 0.0 0.0 0.0 0.0 0.0 1.0 1024.0 1.7745028256699338 1.2016159593209004 4.805157531375327 0.0 25.590301575937346 153.0 6.692810457516345 4.58106600659779 4.752829121290701 15.074033345448699 0.0 19.31325074437748 51.0 20.078431372549023 1.374800571777002 0.9649754769065176 3.4864782878754865 0.0 25.37834356204504 179.0 5.720670391061458 1.6912068096432362 1.2111961451618016 4.805157531375327 0.0 26.26524968900464 163.0 6.28220858895705 4.623389552209654 4.626418050729 15.166946884958433 0.0 19.60975946760939 50.0 20.48 1.3723012877826974 0.9170937736726829 3.355582661291501 0.0 25.76448011902082 195.0 5.251282051282046 1.8310666075826865 1.367230149221122 5.869339320126588 0.0 26.476335487162856 146.0 7.0136986301369735 6.599812247510329 8.555497930014969 28.568402560419546 0.0 23.60727266036167 44.0 23.272727272727266 1.4430087591393503 1.0252656289373432 3.9592310638267834 0.0 25.273163115562856 178.0 5.752808988764034 1.4821718997126845 3.7743625924153417 41.78745222094094 0.0 29.348448643212514 638.0 1.6050156739811945 24.07319097332853 10.878977035411614 36.9901087825193 0.0 13.537096399266316 42.0 24.380952380952376 0.67316311656262 1.058939836325291 4.365364986724842 0.0 29.23826360004977 667.0 1.535232383808098 1.4169618569110516 3.4117222292526472 32.874741622928155 0.0 29.45164062088824 644.0 1.5900621118012397 26.413959054522664 9.991545507772553 41.631810312897706 0.0 9.48347659176922 38.0 26.947368421052634 0.6580914509313256 1.0264785295261905 3.5217069291965686 0.0 29.384316693613304 680.0 1.505882352941178 1.3946511866458113 3.502690858301952 45.01462284090048 0.0 29.345482224521774 641.0 1.5975039001560107 28.13662262744742 5.58675950686399 35.76295777937128 0.0 7.64368178375316 36.0 28.44444444444444 0.6977944404766012 1.0905571814145025 4.365364986724842 0.0 29.32950224089589 666.0 1.5375375375375404 1.129313757143165 2.767948492328883 23.652094789886817 0.0 29.413658038499978 684.0 1.4970760233918128 23.90256998012439 12.716385066297414 53.64297022869914 0.0 16.338515581132064 53.0 19.320754716981135 0.5891210616489316 0.9930814517694064 3.704693846379042 0.0 29.498874700218323 697.0 1.469153515064563 1.152557514061225 2.922281759774507 23.652094789886817 0.0 29.421939493598916 688.0 1.488372093023254 23.337617854902835 12.820902173972488 60.653532248823446 0.0 15.246617468854899 51.0 20.07843137254903 0.5844256913779273 0.969641860980298 3.51553738477806 0.0 29.47670389231597 708.0 1.4463276836158183 1.0341915817312846 2.54123759643848 23.652094789886817 0.0 29.42436973424261 687.0 1.490538573508007 22.53616878578724 12.538945311076974 42.0891311677452 0.0 15.221837508731008 49.0 20.897959183673464 0.5838169046359056 0.9975105003651454 4.7394594107427555 0.0 29.48142376938234 701.0 1.4607703281027096 
111.0005150327869 1.6779022699877701 1.242418411392715 4.6261065484396156 0.0 25.75458174548558 104.0 9.846153846153836 3.056263059684581 4.12259513383657 13.834661177334347 0.0 15.970947686880438 51.0 20.078431372549026 1.352613263822057 0.9298355051237432 3.4836138576524758 0.0 25.66919910369858 122.0 8.393442622950813 1.6412093609235099 1.2583365278196037 4.6261065484396156 0.0 26.884362050022386 115.0 8.904347826086953 3.215174161356519 4.115440220494991 13.241912419968985 0.0 16.309553926498698 49.0 20.89795918367347 1.367079747325895 0.8840473835862814 3.332808309342373 0.0 26.147568859003925 134.0 7.641791044776109 1.715694437707809 1.3511835147230091 5.6352774948562505 0.0 27.585360820669514 109.0 9.394495412844037 3.8649473481133176 6.466106547867601 24.628416408678792 0.0 21.257994108536618 46.0 22.260869565217398 1.4025392271933976 0.99977895318054 3.6016230121356916 0.0 26.292369057432285 127.0 8.062992125984264 0.0 0.0 0.0 0.0 0.0 1.0 1024.0 0.0 0.0 0.0 0.0 0.0 37.0 27.675675675675677 0.0 0.0 0.0 0.0 0.0 1.0 1024.0 0.0 0.0 0.0 0.0 0.0 1.0 1024.0 0.0 0.0 0.0 0.0 0.0 37.0 27.675675675675677 0.0 0.0 0.0 0.0 0.0 1.0 1024.0 0.0 0.0 0.0 0.0 0.0 1.0 1024.0 0.0 0.0 0.0 0.0 0.0 37.0 27.675675675675677 0.0 0.0 0.0 0.0 0.0 1.0 1024.0 1.7745028256699338 1.2016159593209004 4.805157531375327 0.0 25.590301575937346 153.0 6.692810457516345 4.58106600659779 4.752829121290701 15.074033345448699 0.0 19.31325074437748 51.0 20.078431372549023 1.374800571777002 0.9649754769065176 3.4864782878754865 0.0 25.37834356204504 179.0 5.720670391061458 1.6912068096432362 1.2111961451618016 4.805157531375327 0.0 26.26524968900464 163.0 6.28220858895705 4.623389552209654 4.626418050729 15.166946884958433 0.0 19.60975946760939 50.0 20.48 1.3723012877826974 0.9170937736726829 3.355582661291501 0.0 25.76448011902082 195.0 5.251282051282046 1.8310666075826865 1.367230149221122 5.869339320126588 0.0 26.476335487162856 146.0 7.0136986301369735 6.599812247510329 8.555497930014969 28.568402560419546 0.0 23.60727266036167 44.0 23.272727272727266 1.459126244825126 1.0192271273823277 3.9592310638267834 0.0 25.24816474447955 176.0 5.818181818181823 1.4821718997126845 3.7743625924153417 41.78745222094094 0.0 29.348448643212514 638.0 1.6050156739811945 24.07319097332853 10.878977035411614 36.9901087825193 0.0 13.537096399266316 42.0 24.380952380952376 0.67316311656262 1.058939836325291 4.365364986724842 0.0 29.23826360004977 667.0 1.535232383808098 1.4169618569110516 3.4117222292526472 32.874741622928155 0.0 29.45164062088824 644.0 1.5900621118012397 26.413959054522664 9.991545507772553 41.631810312897706 0.0 9.48347659176922 38.0 26.947368421052634 0.6580914509313256 1.0264785295261905 3.5217069291965686 0.0 29.384316693613304 680.0 1.505882352941178 1.3946511866458113 3.502690858301952 45.01462284090048 0.0 29.345482224521774 641.0 1.5975039001560107 28.13662262744742 5.58675950686399 35.76295777937128 0.0 7.64368178375316 36.0 28.44444444444444 0.6977944404766012 1.0905571814145025 4.365364986724842 0.0 29.32950224089589 666.0 1.5375375375375404 1.129313757143165 2.767948492328883 23.652094789886817 0.0 29.413658038499978 684.0 1.4970760233918128 24.82932050592275 11.937068410180645 53.64297022869914 0.0 13.161325456007875 53.0 19.320754716981135 0.5891210616489316 0.9930814517694064 3.704693846379042 0.0 29.498874700218323 697.0 1.469153515064563 1.1512972400011978 2.926694485571632 23.652094789886817 0.0 29.381063998686145 690.0 1.4840579710144919 22.814839811304296 13.46856811207053 60.653532248823446 0.0 15.600534218214282 50.0 20.479999999999997 0.5844256913779273 0.969641860980298 3.51553738477806 0.0 29.47670389231597 708.0 1.4463276836158183 1.0341915817312846 2.54123759643848 23.652094789886817 0.0 29.42436973424261 687.0 1.490538573508007 21.837401176366424 12.426347036005676 37.48876106529527 0.0 13.235785076442014 49.0 20.89795918367346 0.5838169046359056 0.9975105003651454 4.7394594107427555 0.0 29.48142376938234 701.0 1.4607703281027096 
112.0005150327869 1.6779022699877701 1.242418411392715 4.6261065484396156 0.0 25.75458174548558 104.0 9.846153846153836 3.056263059684581 4.12259513383657 13.834661177334347 0.0 15.970947686880438 51.0 20.078431372549026 1.353941527109308 0.9290237884283805 3.4836138576524758 0.0 25.6698108573622 122.0 8.393442622950813 1.6406866606308288 1.258900357358764 4.6261065484396156 0.0 26.885911528397944 115.0 8.904347826086953 3.215174161356519 4.115440220494991 13.241912419968985 0.0 16.309553926498698 49.0 20.89795918367347 1.367079747325895 0.8840473835862814 3.332808309342373 0.0 26.147568859003925 134.0 7.641791044776109 1.6999534827657674 1.3550079939245647 5.6352774948562505 0.0 27.637825052653547 110.0 9.309090909090905 3.8649473481133176 6.466106547867601 24.628416408678792 0.0 21.257994108536618 46.0 22.260869565217398 1.4025392271933976 0.99977895318054 3.6016230121356916 0.0 26.292369057432285 127.0 8.062992125984264 0.0 0.0 0.0 0.0 0.0 1.0 1024.0 0.0 0.0 0.0 0.0 0.0 37.0 27.675675675675677 0.0 0.0 0.0 0.0 0.0 1.0 1024.0 0.0 0.0 0.0 0.0 0.0 1.0 1024.0 0.0 0.0 0.0 0.0 0.0 37.0 27.675675675675677 0.0 0.0 0.0 0.0 0.0 1.0 1024.0 0.0 0.0 0.0 0.0 0.0 1.0 1024.0 0.0 0.0 0.0 0.0 0.0 37.0 27.675675675675677 0.0 0.0 0.0 0.0 0.0 1.0 1024.0 1.7738042860218797 1.2019862458520663 4.805157531375327 0.0 25.590891698755225 153.0 6.692810457516345 4.58106600659779 4.752829121290701 15.074033345448699 0.0 19.31325074437748 51.0 20.078431372549023 1.374800571777002 0.9649754769065176 3.4864782878754865 0.0 25.37834356204504 179.0 5.720670391061458 1.6915801439682152 1.2112351802524879 4.805157531375327 0.0 26.264847868083613 163.0 6.28220858895705 4.623389552209654 4.626418050729 15.166946884958433 0.0 19.60975946760939 50.0 20.48 1.372269764254224 0.9170906113427022 3.355582661291501 0.0 25.76423059579327 195.0 5.251282051282046 1.8323992668523856 1.365876569653714 5.869339320126588 0.0 26.47785114572534 146.0 7.0136986301369735 6.599812247510329 8.555497930014969 28.568402560419546 0.0 23.60727266036167 44.0 23.272727272727266 1.459126244825126 1.0192271273823277 3.9592310638267834 0.0 25.24816474447955 176.0 5.818181818181823 1.4821718997126845 3.7743625924153417 41.78745222094094 0.0 29.348448643212514 638.0 1.6050156739811945 24.07319097332853 10.878977035411614 36.9901087825193 0.0 13.537096399266316 42.0 24.380952380952376 0.67316311656262 1.058939836325291 4.365364986724842 0.0 29.23826360004977 667.0 1.535232383808098 1.4169618569110516 3.4117222292526472 32.874741622928155 0.0 29.45164062088824 644.0 1.5900621118012397 26.413959054522664 9.991545507772553 41.631810312897706 0.0 9.48347659176922 38.0 26.947368421052634 0.6580914509313256 1.0264785295261905 3.5217069291965686 0.0 29.384316693613304 680.0 1.505882352941178 1.3946511866458113 3.502690858301952 45.01462284090048 0.0 29.345482224521774 641.0 1.5975039001560107 28.13662262744742 5.58675950686399 35.76295777937128 0.0 7.64368178375316 36.0 28.44444444444444 0.6977944404766012 1.0905571814145025 4.365364986724842 0.0 29.32950224089589 666.0 1.5375375375375404 1.129313757143165 2.767948492328883 23.652094789886817 0.0 29.413658038499978 684.0 1.4970760233918128 25.265105375065904 11.261483270437683 53.64297022869914 0.0 13.865369131869521 52.0 19.6923076923077 0.5891210616489316 0.9930814517694064 3.704693846379042 0.0 29.498874700218323 697.0 1.469153515064563 1.1512972400011978 2.926694485571632 23.652094789886817 0.0 29.381063998686145 690.0 1.4840579710144919 23.153946505750966 11.575623191698176 33.698718700420386 0.0 12.161818823077978 45.0 22.75555555555556 0.5844256913779273 0.969641860980298 3.51553738477806 0.0 29.47670389231597 708.0 1.4463276836158183 1.0341915817312846 2.54123759643848 23.652094789886817 0.0 29.42436973424261 687.0 1.490538573508007 22.17918236290733 12.041909247264448 36.96675493469268 0.0 16.265737160364697 45.0 22.755555555555556 0.5838169046359056 0.9975105003651454 4.7394594107427555 0.0 29.48142376938234 701.0 1.4607703281027096 
113.0005150327869 1.6779022699877701 1.242418411392715 4.6261065484396156 0.0 25.75458174548558 104.0 9.846153846153836 3.056263059684581 4.12259513383657 13.834661177334347 0.0 15.970947686880438 51.0 20.078431372549026 1.333831656284908 0.9408044381794055 3.4836138576524758 0.0 25.686214730619728 123.0 8.32520325203253 1.6415899926882211 1.257930491142416 4.6261065484396156 0.0 26.888243164243672 115.0 8.904347826086953 3.215174161356519 4.115440220494991 13.241912419968985 0.0 16.309553926498698 49.0 20.89795918367347 1.367079747325895 0.8840473835862814 3.332808309342373 0.0 26.147568859003925 134.0 7.641791044776109 1.7174205177453934 1.3490537269843021 5.6352774948562505 0.0 27.58713048251725 109.0 9.394495412844037 3.8649473481133176 6.466106547867601 24.628416408678792 0.0 21.257994108536618 46.0 22.260869565217398 1.3915660458595096 1.0035436841882563 3.6016230121356916 0.0 26.330773825783893 128.0 8.0 0.0 0.0 0.0 0.0 0.0 1.0 1024.0 0.0 0.0 0.0 0.0 0.0 37.0 27.675675675675677 0.0 0.0 0.0 0.0 0.0 1.0 1024.0 0.0 0.0 0.0 0.0 0.0 1.0 1024.0 0.0 0.0 0.0 0.0 0.0 37.0 27.675675675675677 0.0 0.0 0.0 0.0 0.0 1.0 1024.0 0.0 0.0 0.0 0.0 0.0 1.0 1024.0 0.0 0.0 0.0 0.0 0.0 37.0 27.675675675675677 0.0 0.0 0.0 0.0 0.0 1.0 1024.0 1.7743069281381936 1.2017024098918192 4.805157531375327 0.0 25.590905844900057 153.0 6.692810457516345 4.58106600659779 4.752829121290701 15.074033345448699 0.0 19.31325074437748 51.0 20.078431372549023 1.3671445745996746 0.9677427414921524 3.4864782878754865 0.0 25.421478560258084 180.0 5.688888888888893 1.7020266679016727 1.207607260264967 4.805157531375327 0.0 26.17055133337522 162.0 6.3209876543209775 4.623389552209654 4.626418050729 15.166946884958433 0.0 19.60975946760939 50.0 20.48 1.372269764254224 0.9170906113427022 3.355582661291501 0.0 25.76423059579327 195.0 5.251282051282046 1.8322662906554208 1.3659558716134352 5.869339320126588 0.0 26.47815096920687 146.0 7.0136986301369735 6.599812247510329 8.555497930014969 28.568402560419546 0.0 23.60727266036167 44.0 23.272727272727266 1.4508640687518664 1.0222543984974226 3.9592310638267834 0.0 25.321165626405737 177.0 5.785310734463273 1.4821718997126845 3.7743625924153417 41.78745222094094 0.0 29.348448643212514 638.0 1.6050156739811945 24.07319097332853 10.878977035411614 36.9901087825193 0.0 13.537096399266316 42.0 24.380952380952376 0.67316311656262 1.058939836325291 4.365364986724842 0.0 29.23826360004977 667.0 1.535232383808098 1.4169618569110516 3.4117222292526472 32.874741622928155 0.0 29.45164062088824 644.0 1.5900621118012397 26.413959054522664 9.991545507772553 41.631810312897706 0.0 9.48347659176922 38.0 26.947368421052634 0.6580914509313256 1.0264785295261905 3.5217069291965686 0.0 29.384316693613304 680.0 1.505882352941178 1.3946511866458113 3.502690858301952 45.01462284090048 0.0 29.345482224521774 641.0 1.5975039001560107 28.13662262744742 5.58675950686399 35.76295777937128 0.0 7.64368178375316 36.0 28.44444444444444 0.6977944404766012 1.0905571814145025 4.365364986724842 0.0 29.32950224089589 666.0 1.5375375375375404 1.129313757143165 2.767948492328883 23.652094789886817 0.0 29.413658038499978 684.0 1.4970760233918128 24.627847369604797 12.13554641784785 53.64297022869914 0.0 13.477721364191542 54.0 18.96296296296297 0.5891210616489316 0.9930814517694064 3.704693846379042 0.0 29.498874700218323 697.0 1.469153515064563 1.1525892139391527 2.9301210470221584 23.652094789886817 0.0 29.38230291510804 690.0 1.4840579710144919 23.702340829818148 10.983773705714448 33.698718700420386 0.0 11.122594716503317 42.0 24.38095238095238 0.5844256913779273 0.969641860980298 3.51553738477806 0.0 29.47670389231597 708.0 1.4463276836158183 1.0341915817312846 2.54123759643848 23.652094789886817 0.0 29.42436973424261 687.0 1.490538573508007 21.722954878273537 12.790296564049449 40.440970863907275 0.0 15.810158991727198 45.0 22.75555555555556 0.5838169046359056 0.9975105003651454 4.7394594107427555 0.0 29.48142376938234 701.0 1.4607703281027096 
114.0005150327869 1.6779022699877701 1.242418411392715 4.6261065484396156 0.0 25.75458174548558 104.0 9.846153846153836 3.056263059684581 4.12259513383657 13.834661177334347 0.0 15.970947686880438 51.0 20.078431372549026 1.3781848795738174 0.9197972094768557 3.4836138576524758 0.0 25.551089544609503 120.0 8.53333333333332 1.6397041376267092 1.2598187079543095 4.6261065484396156 0.0 26.870835005595463 115.0 8.904347826086953 3.215174161356519 4.115440220494991 13.241912419968985 0.0 16.309553926498698 49.0 20.89795918367347 1.367079747325895 0.8840473835862814 3.332808309342373 0.0 26.147568859003925 134.0 7.641791044776109 1.7174205177453934 1.3490537269843021 5.6352774948562505 0.0 27.58713048251725 109.0 9.394495412844037 3.8649473481133176 6.466106547867601 24.628416408678792 0.0 21.257994108536618 46.0 22.260869565217398 1.4066725798779363 0.996333620420584 3.6016230121356916 0.0 26.314698138722743 127.0 8.062992125984263 0.0 0.0 0.0 0.0 0.0 1.0 1024.0 0.0 0.0 0.0 0.0 0.0 37.0 27.675675675675677 0.0 0.0 0.0 0.0 0.0 1.0 1024.0 0.0 0.0 0.0 0.0 0.0 1.0 1024.0 0.0 0.0 0.0 0.0 0.0 37.0 27.675675675675677 0.0 0.0 0.0 0.0 0.0 1.0 1024.0 0.0 0.0 0.0 0.0 0.0 1.0 1024.0 0.0 0.0 0.0 0.0 0.0 37.0 27.675675675675677 0.0 0.0 0.0 0.0 0.0 1.0 1024.0 1.774512979182378 1.2015333004523316 4.805157531375327 0.0 25.591038118652634 153.0 6.692810457516345 4.58106600659779 4.752829121290701 15.074033345448699 0.0 19.31325074437748 51.0 20.078431372549023 1.3796995845653997 0.9620401638401392 3.4864782878754865 0.0 25.396126102210896 179.0 5.720670391061458 1.7018005351886343 1.2077848051157727 4.805157531375327 0.0 26.170075109360486 162.0 6.3209876543209775 4.623389552209654 4.626418050729 15.166946884958433 0.0 19.60975946760939 50.0 20.48 1.372269764254224 0.9170906113427022 3.355582661291501 0.0 25.76423059579327 195.0 5.251282051282046 1.8322662906554208 1.3659558716134352 5.869339320126588 0.0 26.47815096920687 146.0 7.0136986301369735 6.599812247510329 8.555497930014969 28.568402560419546 0.0 23.60727266036167 44.0 23.272727272727266 1.4622766492400723 1.0165650395198869 3.9592310638267834 0.0 25.266703561313136 176.0 5.818181818181823 1.4821718997126845 3.7743625924153417 41.78745222094094 0.0 29.348448643212514 638.0 1.6050156739811945 24.07319097332853 10.878977035411614 36.9901087825193 0.0 13.537096399266316 42.0 24.380952380952376 0.67316311656262 1.058939836325291 4.365364986724842 0.0 29.23826360004977 667.0 1.535232383808098 1.4169618569110516 3.4117222292526472 32.874741622928155 0.0 29.45164062088824 644.0 1.5900621118012397 26.413959054522664 9.991545507772553 41.631810312897706 0.0 9.48347659176922 38.0 26.947368421052634 0.6580914509313256 1.0264785295261905 3.5217069291965686 0.0 29.384316693613304 680.0 1.505882352941178 1.3946511866458113 3.502690858301952 45.01462284090048 0.0 29.345482224521774 641.0 1.5975039001560107 28.13662262744742 5.58675950686399 35.76295777937128 0.0 7.64368178375316 36.0 28.44444444444444 0.6977944404766012 1.0905571814145025 4.365364986724842 0.0 29.32950224089589 666.0 1.5375375375375404 1.129313757143165 2.767948492328883 23.652094789886817 0.0 29.413658038499978 684.0 1.4970760233918128 22.291602581352407 13.933539149185059 53.64297022869914 0.0 15.212368354201962 58.0 17.65517241379311 0.5891210616489316 0.9930814517694064 3.704693846379042 0.0 29.498874700218323 697.0 1.469153515064563 1.1337349455269066 2.8910221413642017 23.652094789886817 0.0 29.38787668715892 690.0 1.4840579710144919 23.52463383807466 10.890453678925956 33.698718700420386 0.0 12.203839567400792 42.0 24.38095238095238 0.5844256913779273 0.969641860980298 3.51553738477806 0.0 29.47670389231597 708.0 1.4463276836158183 1.0341915817312846 2.54123759643848 23.652094789886817 0.0 29.42436973424261 687.0 1.490538573508007 25.58840835656754 10.816104404018994 49.87542342868891 0.0 12.65616118007817 40.0 25.600000000000005 0.5838169046359056 0.9975105003651454 4.7394594107427555 0.0 29.48142376938234 701.0 1.4607703281027096 
115.0005150327869 1.6779022699877701 1.242418411392715 4.6261065484396156 0.0 25.75458174548558 104.0 9.846153846153836 3.056263059684581 4.12259513383657 13.834661177334347 0.0 15.970947686880438 51.0 20.078431372549026 1.3776895809842802 0.9197138799247686 3.4836138576524758 0.0 25.56355345307195 120.0 8.53333333333332 1.6397041376267092 1.2598187079543095 4.6261065484396156 0.0 26.870835005595463 115.0 8.904347826086953 3.215174161356519 4.115440220494991 13.241912419968985 0.0 16.309553926498698 49.0 20.89795918367347 1.367079747325895 0.8840473835862814 3.332808309342373 0.0 26.147568859003925 134.0 7.641791044776109 1.7174205177453934 1.3490537269843021 5.6352774948562505 0.0 27.58713048251725 109.0 9.394495412844037 3.8649473481133176 6.466106547867601 24.628416408678792 0.0 21.257994108536618 46.0 22.260869565217398 1.4155660912211963 0.9956996102819287 3.6016230121356916 0.0 26.249440180871414 126.0 8.126984126984144 0.0 0.0 0.0 0.0 0.0 1.0 1024.0 0.0 0.0 0.0 0.0 0.0 37.0 27.675675675675677 0.0 0.0 0.0 0.0 0.0 1.0 1024.0 0.0 0.0 0.0 0.0 0.0 1.0 1024.0 0.0 0.0 0.0 0.0 0.0 37.0 27.675675675675677 0.0 0.0 0.0 0.0 0.0 1.0 1024.0 0.0 0.0 0.0 0.0 0.0 1.0 1024.0 0.0 0.0 0.0 0.0 0.0 37.0 27.675675675675677 0.0 0.0 0.0 0.0 0.0 1.0 1024.0 1.762906119224146 1.2060075277231006 4.805157531375327 0.0 25.652284317737582 154.0 6.649350649350648 4.58106600659779 4.752829121290701 15.074033345448699 0.0 19.31325074437748 51.0 20.078431372549023 1.377492181692012 0.9635452938569781 3.4864782878754865 0.0 25.399431415940523 179.0 5.720670391061458 1.7018005351886343 1.2077848051157727 4.805157531375327 0.0 26.170075109360486 162.0 6.3209876543209775 4.623389552209654 4.626418050729 15.166946884958433 0.0 19.60975946760939 50.0 20.48 1.372269764254224 0.9170906113427022 3.355582661291501 0.0 25.76423059579327 195.0 5.251282051282046 1.8322662906554208 1.3659558716134352 5.869339320126588 0.0 26.47815096920687 146.0 7.0136986301369735 6.599812247510329 8.555497930014969 28.568402560419546 0.0 23.60727266036167 44.0 23.272727272727266 1.4685772678168236 1.0158776072768176 3.9592310638267834 0.0 25.16905258271956 175.0 5.851428571428562 1.4821718997126845 3.7743625924153417 41.78745222094094 0.0 29.348448643212514 638.0 1.6050156739811945 24.07319097332853 10.878977035411614 36.9901087825193 0.0 13.537096399266316 42.0 24.380952380952376 0.67316311656262 1.058939836325291 4.365364986724842 0.0 29.23826360004977 667.0 1.535232383808098 1.4169618569110516 3.4117222292526472 32.874741622928155 0.0 29.45164062088824 644.0 1.5900621118012397 26.413959054522664 9.991545507772553 41.631810312897706 0.0 9.48347659176922 38.0 26.947368421052634 0.6580914509313256 1.0264785295261905 3.5217069291965686 0.0 29.384316693613304 680.0 1.505882352941178 1.3946511866458113 3.502690858301952 45.01462284090048 0.0 29.345482224521774 641.0 1.5975039001560107 28.13662262744742 5.58675950686399 35.76295777937128 0.0 7.64368178375316 36.0 28.44444444444444 0.6977944404766012 1.0905571814145025 4.365364986724842 0.0 29.32950224089589 666.0 1.5375375375375404 1.129313757143165 2.767948492328883 23.652094789886817 0.0 29.413658038499978 684.0 1.4970760233918128 20.798706000573077 14.694399774520658 53.64297022869914 0.0 16.35096606448578 63.0 16.253968253968253 0.5891210616489316 0.9930814517694064 3.704693846379042 0.0 29.498874700218323 697.0 1.469153515064563 1.135585781639158 2.8927772083987895 23.652094789886817 0.0 29.40883712010666 689.0 1.4862119013062436 21.38813135550379 12.492477415262632 33.698718700420386 0.0 13.991276155969159 45.0 22.755555555555556 0.5844256913779273 0.969641860980298 3.51553738477806 0.0 29.47670389231597 708.0 1.4463276836158183 1.0341915817312846 2.54123759643848 23.652094789886817 0.0 29.42436973424261 687.0 1.490538573508007 24.8470622126069 11.580060896047039 49.87542342868891 0.0 13.573583719657613 41.0 24.975609756097565 0.5838169046359056 0.9975105003651454 4.7394594107427555 0.0 29.48142376938234 701.0 1.4607703281027096 
116.0005150327869 1.6778337355789308 1.2425063991393144 4.6261065484396156 0.0 25.754924516925996 104.0 9.846153846153836 3.056263059684581 4.12259513383657 13.834661177334347 0.0 15.970947686880438 51.0 20.078431372549026 1.3767442876276248 0.9198705710681996 3.4836138576524758 0.0 25.565390966623852 120.0 8.53333333333332 1.6549017929505718 1.2543510105139297 4.6261065484396156 0.0 26.833404811846833 114.0 8.982456140350862 3.215174161356519 4.115440220494991 13.241912419968985 0.0 16.309553926498698 49.0 20.89795918367347 1.367079747325895 0.8840473835862814 3.332808309342373 0.0 26.147568859003925 134.0 7.641791044776109 1.7174205177453934 1.3490537269843021 5.6352774948562505 0.0 27.58713048251725 109.0 9.394495412844037 3.8649473481133176 6.466106547867601 24.628416408678792 0.0 21.257994108536618 46.0 22.260869565217398 1.4156863236794395 0.9960134992817344 3.6016230121356916 0.0 26.2535641694872 126.0 8.126984126984144 0.0 0.0 0.0 0.0 0.0 1.0 1024.0 0.0 0.0 0.0 0.0 0.0 37.0 27.675675675675677 0.0 0.0 0.0 0.0 0.0 1.0 1024.0 0.0 0.0 0.0 0.0 0.0 1.0 1024.0 0.0 0.0 0.0 0.0 0.0 37.0 27.675675675675677 0.0 0.0 0.0 0.0 0.0 1.0 1024.0 0.0 0.0 0.0 0.0 0.0 1.0 1024.0 0.0 0.0 0.0 0.0 0.0 37.0 27.675675675675677 0.0 0.0 0.0 0.0 0.0 1.0 1024.0 1.763455836000326 1.2056011565205205 4.805157531375327 0.0 25.652497132354984 154.0 6.649350649350648 4.58106600659779 4.752829121290701 15.074033345448699 0.0 19.31325074437748 51.0 20.078431372549023 1.3796514113469482 0.9665288624555445 3.4864782878754865 0.0 25.325454811450914 178.0 5.752808988764035 1.7018005351886343 1.2077848051157727 4.805157531375327 0.0 26.170075109360486 162.0 6.3209876543209775 4.623389552209654 4.626418050729 15.166946884958433 0.0 19.60975946760939 50.0 20.48 1.3649955219629046 0.9200994991810602 3.355582661291501 0.0 25.82761249776655 196.0 5.2244897959183625 1.8322662906554208 1.3659558716134352 5.869339320126588 0.0 26.47815096920687 146.0 7.0136986301369735 6.599812247510329 8.555497930014969 28.568402560419546 0.0 23.60727266036167 44.0 23.272727272727266 1.4685772678168236 1.0158776072768176 3.9592310638267834 0.0 25.16905258271956 175.0 5.851428571428562 1.4821718997126845 3.7743625924153417 41.78745222094094 0.0 29.348448643212514 638.0 1.6050156739811945 24.07319097332853 10.878977035411614 36.9901087825193 0.0 13.537096399266316 42.0 24.380952380952376 0.67316311656262 1.058939836325291 4.365364986724842 0.0 29.23826360004977 667.0 1.535232383808098 1.4169618569110516 3.4117222292526472 32.874741622928155 0.0 29.45164062088824 644.0 1.5900621118012397 26.413959054522664 9.991545507772553 41.631810312897706 0.0 9.48347659176922 38.0 26.947368421052634 0.6580914509313256 1.0264785295261905 3.5217069291965686 0.0 29.384316693613304 680.0 1.505882352941178 1.3946511866458113 3.502690858301952 45.01462284090048 0.0 29.345482224521774 641.0 1.5975039001560107 28.13662262744742 5.58675950686399 35.76295777937128 0.0 7.64368178375316 36.0 28.44444444444444 0.6977944404766012 1.0905571814145025 4.365364986724842 0.0 29.32950224089589 666.0 1.5375375375375404 1.129313757143165 2.767948492328883 23.652094789886817 0.0 29.413658038499978 684.0 1.4970760233918128 24.036216328275174 12.273150319730165 53.64297022869914 0.0 13.877915998602235 52.0 19.6923076923077 0.5891210616489316 0.9930814517694064 3.704693846379042 0.0 29.498874700218323 697.0 1.469153515064563 1.135585781639158 2.8927772083987895 23.652094789886817 0.0 29.40883712010666 689.0 1.4862119013062436 23.23471035040169 10.996279264762288 33.698718700420386 0.0 12.8600686110153 42.0 24.38095238095238 0.5844256913779273 0.969641860980298 3.51553738477806 0.0 29.47670389231597 708.0 1.4463276836158183 1.0341915817312846 2.54123759643848 23.652094789886817 0.0 29.42436973424261 687.0 1.490538573508007 27.545762322117675 10.534636954898508 56.38975573793865 0.0 10.077648892582292 39.0 26.256410256410263 0.5838169046359056 0.9975105003651454 4.7394594107427555 0.0 29.48142376938234 701.0 1.4607703281027096 
117.0005150327869 1.6778337355789308 1.2425063991393144 4.6261065484396156 0.0 25.754924516925996 104.0 9.846153846153836 3.056263059684581 4.12259513383657 13.834661177334347 0.0 15.970947686880438 51.0 20.078431372549026 1.364918437918452 0.9246011831190235 3.4836138576524758 0.0 25.62995738577347 121.0 8.462809917355386 1.6533596593811666 1.2556835935146138 4.6261065484396156 0.0 26.831905943269096 114.0 8.982456140350862 3.215174161356519 4.115440220494991 13.241912419968985 0.0 16.309553926498698 49.0 20.89795918367347 1.367079747325895 0.8840473835862814 3.332808309342373 0.0 26.147568859003925 134.0 7.641791044776109 1.7174179946543322 1.3490487702553118 5.6352774948562505 0.0 27.587178776271223 109.0 9.394495412844037 3.8649473481133176 6.466106547867601 24.628416408678792 0.0 21.257994108536618 46.0 22.260869565217398 1.4217770804788443 0.9993837665716095 3.6016230121356916 0.0 26.255596631450313 126.0 8.126984126984144 0.0 0.0 0.0 0.0 0.0 1.0 1024.0 0.0 0.0 0.0 0.0 0.0 37.0 27.675675675675677 0.0 0.0 0.0 0.0 0.0 1.0 1024.0 0.0 0.0 0.0 0.0 0.0 1.0 1024.0 0.0 0.0 0.0 0.0 0.0 37.0 27.675675675675677 0.0 0.0 0.0 0.0 0.0 1.0 1024.0 0.0 0.0 0.0 0.0 0.0 1.0 1024.0 0.0 0.0 0.0 0.0 0.0 37.0 27.675675675675677 0.0 0.0 0.0 0.0 0.0 1.0 1024.0 1.7631682164733764 1.2058097707572744 4.805157531375327 0.0 25.652344622134766 154.0 6.649350649350648 4.58106600659779 4.752829121290701 15.074033345448699 0.0 19.31325074437748 51.0 20.078431372549023 1.3796514113469482 0.9665288624555445 3.4864782878754865 0.0 25.325454811450914 178.0 5.752808988764035 1.7018005351886343 1.2077848051157727 4.805157531375327 0.0 26.170075109360486 162.0 6.3209876543209775 4.623389552209654 4.626418050729 15.166946884958433 0.0 19.60975946760939 50.0 20.48 1.3649955219629046 0.9200994991810602 3.355582661291501 0.0 25.82761249776655 196.0 5.2244897959183625 1.8320490422114675 1.3661060244677812 5.869339320126588 0.0 26.478406951292264 146.0 7.0136986301369735 6.599812247510329 8.555497930014969 28.568402560419546 0.0 23.60727266036167 44.0 23.272727272727266 1.4685772678168236 1.0158776072768176 3.9592310638267834 0.0 25.16905258271956 175.0 5.851428571428562 1.4821718997126845 3.7743625924153417 41.78745222094094 0.0 29.348448643212514 638.0 1.6050156739811945 24.07319097332853 10.878977035411614 36.9901087825193 0.0 13.537096399266316 42.0 24.380952380952376 0.67316311656262 1.058939836325291 4.365364986724842 0.0 29.23826360004977 667.0 1.535232383808098 1.4169618569110516 3.4117222292526472 32.874741622928155 0.0 29.45164062088824 644.0 1.5900621118012397 26.413959054522664 9.991545507772553 41.631810312897706 0.0 9.48347659176922 38.0 26.947368421052634 0.6580914509313256 1.0264785295261905 3.5217069291965686 0.0 29.384316693613304 680.0 1.505882352941178 1.3946511866458113 3.502690858301952 45.01462284090048 0.0 29.345482224521774 641.0 1.5975039001560107 28.13662262744742 5.58675950686399 35.76295777937128 0.0 7.64368178375316 36.0 28.44444444444444 0.6977944404766012 1.0905571814145025 4.365364986724842 0.0 29.32950224089589 666.0 1.5375375375375404 1.129313757143165 2.767948492328883 23.652094789886817 0.0 29.413658038499978 684.0 1.4970760233918128 26.90647635833036 10.457181762937422 53.64297022869914 0.0 11.753528793522511 44.0 23.27272727272727 0.5891210616489316 0.9930814517694064 3.704693846379042 0.0 29.498874700218323 697.0 1.469153515064563 1.135585781639158 2.8927772083987895 23.652094789886817 0.0 29.40883712010666 689.0 1.4862119013062436 24.90676765466211 9.875780194666737 36.31299764419732 0.0 10.425494978812704 40.0 25.6 0.5844256913779273 0.969641860980298 3.51553738477806 0.0 29.47670389231597 708.0 1.4463276836158183 1.0341915817312846 2.54123759643848 23.652094789886817 0.0 29.42436973424261 687.0 1.490538573508007 26.097770765446114 8.639586412686619 34.46234667287916 0.0 10.140493749635993 38.0 26.94736842105263 0.5838169046359056 0.9975105003651454 4.7394594107427555 0.0 29.48142376938234 701.0 1.4607703281027096 
118.0005150327869 1.6778337355789308 1.2425063991393144 4.6261065484396156 0.0 25.754924516925996 104.0 9.846153846153836 3.056263059684581 4.12259513383657 13.834661177334347 0.0 15.970947686880438 51.0 20.078431372549026 1.3426098989265094 0.9332576982551811 3.4836138576524758 0.0 25.78262049428862 123.0 8.32520325203253 1.6531889475868307 1.2556621209100594 4.6261065484396156 0.0 26.831487642034812 114.0 8.982456140350862 3.215174161356519 4.115440220494991 13.241912419968985 0.0 16.309553926498698 49.0 20.89795918367347 1.367079747325895 0.8840473835862814 3.332808309342373 0.0 26.147568859003925 134.0 7.641791044776109 1.7174179946543322 1.3490487702553118 5.6352774948562505 0.0 27.587178776271223 109.0 9.394495412844037 3.8649473481133176 6.466106547867601 24.628416408678792 0.0 21.257994108536618 46.0 22.260869565217398 1.4101117389060827 0.9966313500809945 3.6016230121356916 0.0 26.212386812615115 126.0 8.126984126984144 0.0 0.0 0.0 0.0 0.0 1.0 1024.0 0.0 0.0 0.0 0.0 0.0 37.0 27.675675675675677 0.0 0.0 0.0 0.0 0.0 1.0 1024.0 0.0 0.0 0.0 0.0 0.0 1.0 1024.0 0.0 0.0 0.0 0.0 0.0 37.0 27.675675675675677 0.0 0.0 0.0 0.0 0.0 1.0 1024.0 0.0 0.0 0.0 0.0 0.0 1.0 1024.0 0.0 0.0 0.0 0.0 0.0 37.0 27.675675675675677 0.0 0.0 0.0 0.0 0.0 1.0 1024.0 1.7631682164733764 1.2058097707572744 4.805157531375327 0.0 25.652344622134766 154.0 6.649350649350648 4.58106600659779 4.752829121290701 15.074033345448699 0.0 19.31325074437748 51.0 20.078431372549023 1.3796514113469482 0.9665288624555445 3.4864782878754865 0.0 25.325454811450914 178.0 5.752808988764035 1.701519892200583 1.2080155979668419 4.805157531375327 0.0 26.169551010272844 162.0 6.3209876543209775 4.623389552209654 4.626418050729 15.166946884958433 0.0 19.60975946760939 50.0 20.48 1.3668841231878426 0.9176707255735421 3.355582661291501 0.0 25.832992153999758 196.0 5.2244897959183625 1.818874356340434 1.3703536264969574 5.869339320126588 0.0 26.580214560406105 147.0 6.9659863945578175 6.599812247510329 8.555497930014969 28.568402560419546 0.0 23.60727266036167 44.0 23.272727272727266 1.4685772678168236 1.0158776072768176 3.9592310638267834 0.0 25.16905258271956 175.0 5.851428571428562 1.4821718997126845 3.7743625924153417 41.78745222094094 0.0 29.348448643212514 638.0 1.6050156739811945 24.07319097332853 10.878977035411614 36.9901087825193 0.0 13.537096399266316 42.0 24.380952380952376 0.67316311656262 1.058939836325291 4.365364986724842 0.0 29.23826360004977 667.0 1.535232383808098 1.4169618569110516 3.4117222292526472 32.874741622928155 0.0 29.45164062088824 644.0 1.5900621118012397 26.413959054522664 9.991545507772553 41.631810312897706 0.0 9.48347659176922 38.0 26.947368421052634 0.6580914509313256 1.0264785295261905 3.5217069291965686 0.0 29.384316693613304 680.0 1.505882352941178 1.3946511866458113 3.502690858301952 45.01462284090048 0.0 29.345482224521774 641.0 1.5975039001560107 28.13662262744742 5.58675950686399 35.76295777937128 0.0 7.64368178375316 36.0 28.44444444444444 0.6977944404766012 1.0905571814145025 4.365364986724842 0.0 29.32950224089589 666.0 1.5375375375375404 1.129313757143165 2.767948492328883 23.652094789886817 0.0 29.413658038499978 684.0 1.4970760233918128 27.463386143764108 9.794246982045715 53.64297022869914 0.0 11.191704635015581 42.0 24.38095238095238 0.5891210616489316 0.9930814517694064 3.704693846379042 0.0 29.498874700218323 697.0 1.469153515064563 1.135585781639158 2.8927772083987895 23.652094789886817 0.0 29.40883712010666 689.0 1.4862119013062436 24.90676765466211 9.875780194666737 36.31299764419732 0.0 10.425494978812704 40.0 25.6 0.5844256913779273 0.969641860980298 3.51553738477806 0.0 29.47670389231597 708.0 1.4463276836158183 1.0341915817312846 2.54123759643848 23.652094789886817 0.0 29.42436973424261 687.0 1.490538573508007 26.724428763225117 7.638165000371942 33.450137581340485 0.0 7.0151514327797555 36.0 28.44444444444444 0.5838169046359056 0.9975105003651454 4.7394594107427555 0.0 29.48142376938234 701.0 1.4607703281027096 
119.0005150327869 1.6778337355789308 1.2425063991393144 4.6261065484396156 0.0 25.754924516925996 104.0 9.846153846153836 3.056263059684581 4.12259513383657 13.834661177334347 0.0 15.970947686880438 51.0 20.078431372549026 1.3603070048270391 0.9221483858960224 3.4836138576524758 0.0 25.722500814486203 122.0 8.393442622950813 1.6676562345816248 1.2516680670502351 4.6261065484396156 0.0 26.787959359944324 113.0 9.061946902654856 3.215174161356519 4.115440220494991 13.241912419968985 0.0 16.309553926498698 49.0 20.89795918367347 1.3658290030952298 0.885672807047758 3.332808309342373 0.0 26.147254810012416 134.0 7.641791044776109 1.7174179946543322 1.3490487702553118 5.6352774948562505 0.0 27.587178776271223 109.0 9.394495412844037 3.8649473481133176 6.466106547867601 24.628416408678792 0.0 21.257994108536618 46.0 22.260869565217398 1.4103565096043569 0.9965414725151646 3.6016230121356916 0.0 26.215300203864896 126.0 8.126984126984144 0.0 0.0 0.0 0.0 0.0 1.0 1024.0 0.0 0.0 0.0 0.0 0.0 37.0 27.675675675675677 0.0 0.0 0.0 0.0 0.0 1.0 1024.0 0.0 0.0 0.0 0.0 0.0 1.0 1024.0 0.0 0.0 0.0 0.0 0.0 37.0 27.675675675675677 0.0 0.0 0.0 0.0 0.0 1.0 1024.0 0.0 0.0 0.0 0.0 0.0 1.0 1024.0 0.0 0.0 0.0 0.0 0.0 37.0 27.675675675675677 0.0 0.0 0.0 0.0 0.0 1.0 1024.0 1.7631682164733764 1.2058097707572744 4.805157531375327 0.0 25.652344622134766 154.0 6.649350649350648 4.58106600659779 4.752829121290701 15.074033345448699 0.0 19.31325074437748 51.0 20.078431372549023 1.3796514113469482 0.9665288624555445 3.4864782878754865 0.0 25.325454811450914 178.0 5.752808988764035 1.701519892200583 1.2080155979668419 4.805157531375327 0.0 26.169551010272844 162.0 6.3209876543209775 4.623389552209654 4.626418050729 15.166946884958433 0.0 19.60975946760939 50.0 20.48 1.3667347710507505 0.9178213035364781 3.355582661291501 0.0 25.834298686978997 196.0 5.2244897959183625 1.8313035381296097 1.3666773699049823 5.869339320126588 0.0 26.480050344337528 146.0 7.0136986301369735 6.599812247510329 8.555497930014969 28.568402560419546 0.0 23.60727266036167 44.0 23.272727272727266 1.4685772678168236 1.0158776072768176 3.9592310638267834 0.0 25.16905258271956 175.0 5.851428571428562 1.4821718997126845 3.7743625924153417 41.78745222094094 0.0 29.348448643212514 638.0 1.6050156739811945 24.07319097332853 10.878977035411614 36.9901087825193 0.0 13.537096399266316 42.0 24.380952380952376 0.67316311656262 1.058939836325291 4.365364986724842 0.0 29.23826360004977 667.0 1.535232383808098 1.4169618569110516 3.4117222292526472 32.874741622928155 0.0 29.45164062088824 644.0 1.5900621118012397 26.413959054522664 9.991545507772553 41.631810312897706 0.0 9.48347659176922 38.0 26.947368421052634 0.6580914509313256 1.0264785295261905 3.5217069291965686 0.0 29.384316693613304 680.0 1.505882352941178 1.3946511866458113 3.502690858301952 45.01462284090048 0.0 29.345482224521774 641.0 1.5975039001560107 28.13662262744742 5.58675950686399 35.76295777937128 0.0 7.64368178375316 36.0 28.44444444444444 0.6977944404766012 1.0905571814145025 4.365364986724842 0.0 29.32950224089589 666.0 1.5375375375375404 1.129313757143165 2.767948492328883 23.652094789886817 0.0 29.413658038499978 684.0 1.4970760233918128 27.47058920106872 9.738821015086739 53.64297022869914 0.0 11.214981665000545 42.0 24.38095238095238 0.5891210616489316 0.9930814517694064 3.704693846379042 0.0 29.498874700218323 697.0 1.469153515064563 1.135585781639158 2.8927772083987895 23.652094789886817 0.0 29.40883712010666 689.0 1.4862119013062436 24.978338260222753 9.959891527054445 38.65636486938852 0.0 10.371450920221939 40.0 25.6 0.5844256913779273 0.969641860980298 3.51553738477806 0.0 29.47670389231597 708.0 1.4463276836158183 1.0341915817312846 2.54123759643848 23.652094789886817 0.0 29.42436973424261 687.0 1.490538573508007 25.9933746135951 8.703979174840258 33.450137581340485 0.0 7.644422911296661 37.0 27.675675675675677 0.5838169046359056 0.9975105003651454 4.7394594107427555 0.0 29.48142376938234 701.0 1.4607703281027096 
120.0005150327869 1.6778337355789308 1.2425063991393144 4.6261065484396156 0.0 25.754924516925996 104.0 9.846153846153836 3.056263059684581 4.12259513383657 13.834661177334347 0.0 15.970947686880438 51.0 20.078431372549026 1.3278258055741539 0.9345487141565754 3.4836138576524758 0.0 25.93670438344854 125.0 8.191999999999993 1.6674767518853628 1.2517568009494766 4.6261065484396156 0.0 26.787573539203155 113.0 9.061946902654856 3.215174161356519 4.115440220494991 13.241912419968985 0.0 16.309553926498698 49.0 20.89795918367347 1.3658290030952298 0.885672807047758 3.332808309342373 0.0 26.147254810012416 134.0 7.641791044776109 1.7174179946543322 1.3490487702553118 5.6352774948562505 0.0 27.587178776271223 109.0 9.394495412844037 3.8649473481133176 6.466106547867601 24.628416408678792 0.0 21.257994108536618 46.0 22.260869565217398 1.410342496680556 0.9965322428027106 3.6016230121356916 0.0 26.215785468000025 126.0 8.126984126984144 0.0 0.0 0.0 0.0 0.0 1.0 1024.0 0.0 0.0 0.0 0.0 0.0 37.0 27.675675675675677 0.0 0.0 0.0 0.0 0.0 1.0 1024.0 0.0 0.0 0.0 0.0 0.0 1.0 1024.0 0.0 0.0 0.0 0.0 0.0 37.0 27.675675675675677 0.0 0.0 0.0 0.0 0.0 1.0 1024.0 0.0 0.0 0.0 0.0 0.0 1.0 1024.0 0.0 0.0 0.0 0.0 0.0 37.0 27.675675675675677 0.0 0.0 0.0 0.0 0.0 1.0 1024.0 1.7629046489700908 1.2060864366325852 4.805157531375327 0.0 25.652411381084505 154.0 6.649350649350648 4.58106600659779 4.752829121290701 15.074033345448699 0.0 19.31325074437748 51.0 20.078431372549023 1.3796514113469482 0.9665288624555445 3.4864782878754865 0.0 25.325454811450914 178.0 5.752808988764035 1.701519892200583 1.2080155979668419 4.805157531375327 0.0 26.169551010272844 162.0 6.3209876543209775 4.623389552209654 4.626418050729 15.166946884958433 0.0 19.60975946760939 50.0 20.48 1.3663708906154692 0.9180762054099851 3.355582661291501 0.0 25.836568515925418 196.0 5.2244897959183625 1.8313035381296097 1.3666773699049823 5.869339320126588 0.0 26.480050344337528 146.0 7.0136986301369735 6.599812247510329 8.555497930014969 28.568402560419546 0.0 23.60727266036167 44.0 23.272727272727266 1.4685772678168236 1.0158776072768176 3.9592310638267834 0.0 25.16905258271956 175.0 5.851428571428562 1.4821718997126845 3.7743625924153417 41.78745222094094 0.0 29.348448643212514 638.0 1.6050156739811945 24.07319097332853 10.878977035411614 36.9901087825193 0.0 13.537096399266316 42.0 24.380952380952376 0.67316311656262 1.058939836325291 4.365364986724842 0.0 29.23826360004977 667.0 1.535232383808098 1.4169618569110516 3.4117222292526472 32.874741622928155 0.0 29.45164062088824 644.0 1.5900621118012397 26.413959054522664 9.991545507772553 41.631810312897706 0.0 9.48347659176922 38.0 26.947368421052634 0.6580914509313256 1.0264785295261905 3.5217069291965686 0.0 29.384316693613304 680.0 1.505882352941178 1.3946511866458113 3.502690858301952 45.01462284090048 0.0 29.345482224521774 641.0 1.5975039001560107 28.13662262744742 5.58675950686399 35.76295777937128 0.0 7.64368178375316 36.0 28.44444444444444 0.6977944404766012 1.0905571814145025 4.365364986724842 0.0 29.32950224089589 666.0 1.5375375375375404 1.129313757143165 2.767948492328883 23.652094789886817 0.0 29.413658038499978 684.0 1.4970760233918128 27.48023653988281 9.856036008276266 53.64297022869914 0.0 11.123537333238707 41.0 24.975609756097565 0.5891210616489316 0.9930814517694064 3.704693846379042 0.0 29.498874700218323 697.0 1.469153515064563 1.135585781639158 2.8927772083987895 23.652094789886817 0.0 29.40883712010666 689.0 1.4862119013062436 24.978338260222753 9.959891527054445 38.65636486938852 0.0 10.371450920221939 40.0 25.6 0.5844256913779273 0.969641860980298 3.51553738477806 0.0 29.47670389231597 708.0 1.4463276836158183 1.0341915817312846 2.54123759643848 23.652094789886817 0.0 29.42436973424261 687.0 1.490538573508007 25.482989151878368 9.396057559642319 33.450137581340485 0.0 9.580446098146314 38.0 26.94736842105263 0.5838169046359056 0.9975105003651454 4.7394594107427555 0.0 29.48142376938234 701.0 1.4607703281027096 
121.0005150327869 1.6778337355789308 1.2425063991393144 4.6261065484396156 0.0 25.754924516925996 104.0 9.846153846153836 3.056263059684581 4.12259513383657 13.834661177334347 0.0 15.970947686880438 51.0 20.078431372549026 1.3278369799602154 0.9345453396924417 3.4836138576524758 0.0 25.925537879344283 125.0 8.191999999999993 1.6673611330919997 1.251877388977269 4.6261065484396156 0.0 26.78890900934539 113.0 9.061946902654856 3.215174161356519 4.115440220494991 13.241912419968985 0.0 16.309553926498698 49.0 20.89795918367347 1.3658290030952298 0.885672807047758 3.332808309342373 0.0 26.147254810012416 134.0 7.641791044776109 1.7174179946543322 1.3490487702553118 5.6352774948562505 0.0 27.587178776271223 109.0 9.394495412844037 3.8649473481133176 6.466106547867601 24.628416408678792 0.0 21.257994108536618 46.0 22.260869565217398 1.410342496680556 0.9965322428027106 3.6016230121356916 0.0 26.215785468000025 126.0 8.126984126984144 0.0 0.0 0.0 0.0 0.0 1.0 1024.0 0.0 0.0 0.0 0.0 0.0 37.0 27.675675675675677 0.0 0.0 0.0 0.0 0.0 1.0 1024.0 0.0 0.0 0.0 0.0 0.0 1.0 1024.0 0.0 0.0 0.0 0.0 0.0 37.0 27.675675675675677 0.0 0.0 0.0 0.0 0.0 1.0 1024.0 0.0 0.0 0.0 0.0 0.0 1.0 1024.0 0.0 0.0 0.0 0.0 0.0 37.0 27.675675675675677 0.0 0.0 0.0 0.0 0.0 1.0 1024.0 1.7629046489700908 1.2060864366325852 4.805157531375327 0.0 25.652411381084505 154.0 6.649350649350648 4.58106600659779 4.752829121290701 15.074033345448699 0.0 19.31325074437748 51.0 20.078431372549023 1.3796514113469482 0.9665288624555445 3.4864782878754865 0.0 25.325454811450914 178.0 5.752808988764035 1.699642186993702 1.2078536050902529 4.805157531375327 0.0 26.16753135222953 162.0 6.3209876543209775 4.623389552209654 4.626418050729 15.166946884958433 0.0 19.60975946760939 50.0 20.48 1.3664006061881342 0.9184890709861799 3.355582661291501 0.0 25.840125475861537 196.0 5.2244897959183625 1.8313035381296097 1.3666773699049823 5.869339320126588 0.0 26.480050344337528 146.0 7.0136986301369735 6.599812247510329 8.555497930014969 28.568402560419546 0.0 23.60727266036167 44.0 23.272727272727266 1.4685772678168236 1.0158776072768176 3.9592310638267834 0.0 25.16905258271956 175.0 5.851428571428562 1.4821718997126845 3.7743625924153417 41.78745222094094 0.0 29.348448643212514 638.0 1.6050156739811945 24.07319097332853 10.878977035411614 36.9901087825193 0.0 13.537096399266316 42.0 24.380952380952376 0.67316311656262 1.058939836325291 4.365364986724842 0.0 29.23826360004977 667.0 1.535232383808098 1.4169618569110516 3.4117222292526472 32.874741622928155 0.0 29.45164062088824 644.0 1.5900621118012397 26.413959054522664 9.991545507772553 41.631810312897706 0.0 9.48347659176922 38.0 26.947368421052634 0.6580914509313256 1.0264785295261905 3.5217069291965686 0.0 29.384316693613304 680.0 1.505882352941178 1.3946511866458113 3.502690858301952 45.01462284090048 0.0 29.345482224521774 641.0 1.5975039001560107 28.13662262744742 5.58675950686399 35.76295777937128 0.0 7.64368178375316 36.0 28.44444444444444 0.6977944404766012 1.0905571814145025 4.365364986724842 0.0 29.32950224089589 666.0 1.5375375375375404 1.129313757143165 2.767948492328883 23.652094789886817 0.0 29.413658038499978 684.0 1.4970760233918128 27.48023653988281 9.856036008276266 53.64297022869914 0.0 11.123537333238707 41.0 24.975609756097565 0.5891210616489316 0.9930814517694064 3.704693846379042 0.0 29.498874700218323 697.0 1.469153515064563 1.135585781639158 2.8927772083987895 23.652094789886817 0.0 29.40883712010666 689.0 1.4862119013062436 24.978338260222753 9.959891527054445 38.65636486938852 0.0 10.371450920221939 40.0 25.6 0.5844256913779273 0.969641860980298 3.51553738477806 0.0 29.47670389231597 708.0 1.4463276836158183 1.0341915817312846 2.54123759643848 23.652094789886817 0.0 29.42436973424261 687.0 1.490538573508007 27.38054619478104 7.7576107913033825 45.20322995685984 0.0 7.298366959951522 38.0 26.94736842105263 0.5838169046359056 0.9975105003651454 4.7394594107427555 0.0 29.48142376938234 701.0 1.4607703281027096 
122.0005150327869 1.6778337355789308 1.2425063991393144 4.6261065484396156 0.0 25.754924516925996 104.0 9.846153846153836 3.056263059684581 4.12259513383657 13.834661177334347 0.0 15.970947686880438 51.0 20.078431372549026 1.3537739119479941 0.9212859087910468 3.4836138576524758 0.0 25.789826531453578 123.0 8.32520325203253 1.6663647752717188 1.2526868447366752 4.6261065484396156 0.0 26.787908358853183 113.0 9.061946902654856 3.215174161356519 4.115440220494991 13.241912419968985 0.0 16.309553926498698 49.0 20.89795918367347 1.3658290030952298 0.885672807047758 3.332808309342373 0.0 26.147254810012416 134.0 7.641791044776109 1.7169208140059748 1.3496379373197187 5.6352774948562505 0.0 27.586491758125774 109.0 9.394495412844037 3.8649473481133176 6.466106547867601 24.628416408678792 0.0 21.257994108536618 46.0 22.260869565217398 1.410342496680556 0.9965322428027106 3.6016230121356916 0.0 26.215785468000025 126.0 8.126984126984144 0.0 0.0 0.0 0.0 0.0 1.0 1024.0 0.0 0.0 0.0 0.0 0.0 37.0 27.675675675675677 0.0 0.0 0.0 0.0 0.0 1.0 1024.0 0.0 0.0 0.0 0.0 0.0 1.0 1024.0 0.0 0.0 0.0 0.0 0.0 37.0 27.675675675675677 0.0 0.0 0.0 0.0 0.0 1.0 1024.0 0.0 0.0 0.0 0.0 0.0 1.0 1024.0 0.0 0.0 0.0 0.0 0.0 37.0 27.675675675675677 0.0 0.0 0.0 0.0 0.0 1.0 1024.0 1.7626999359197002 1.2062518238983524 4.805157531375327 0.0 25.65228112159251 154.0 6.649350649350648 4.58106600659779 4.752829121290701 15.074033345448699 0.0 19.31325074437748 51.0 20.078431372549023 1.3796514113469482 0.9665288624555445 3.4864782878754865 0.0 25.325454811450914 178.0 5.752808988764035 1.7029634378399499 1.208754986703174 4.805157531375327 0.0 26.171430091845966 162.0 6.320987654320978 4.623389552209654 4.626418050729 15.166946884958433 0.0 19.60975946760939 50.0 20.48 1.3717296073960352 0.9178084124583683 3.355582661291501 0.0 25.76846939582728 195.0 5.251282051282046 1.8313035381296097 1.3666773699049823 5.869339320126588 0.0 26.480050344337528 146.0 7.0136986301369735 6.599812247510329 8.555497930014969 28.568402560419546 0.0 23.60727266036167 44.0 23.272727272727266 1.4685772678168236 1.0158776072768176 3.9592310638267834 0.0 25.16905258271956 175.0 5.851428571428562 1.4821718997126845 3.7743625924153417 41.78745222094094 0.0 29.348448643212514 638.0 1.6050156739811945 24.07319097332853 10.878977035411614 36.9901087825193 0.0 13.537096399266316 42.0 24.380952380952376 0.67316311656262 1.058939836325291 4.365364986724842 0.0 29.23826360004977 667.0 1.535232383808098 1.4169618569110516 3.4117222292526472 32.874741622928155 0.0 29.45164062088824 644.0 1.5900621118012397 26.413959054522664 9.991545507772553 41.631810312897706 0.0 9.48347659176922 38.0 26.947368421052634 0.6580914509313256 1.0264785295261905 3.5217069291965686 0.0 29.384316693613304 680.0 1.505882352941178 1.3946511866458113 3.502690858301952 45.01462284090048 0.0 29.345482224521774 641.0 1.5975039001560107 28.13662262744742 5.58675950686399 35.76295777937128 0.0 7.64368178375316 36.0 28.44444444444444 0.6977944404766012 1.0905571814145025 4.365364986724842 0.0 29.32950224089589 666.0 1.5375375375375404 1.129313757143165 2.767948492328883 23.652094789886817 0.0 29.413658038499978 684.0 1.4970760233918128 27.48023653988281 9.856036008276266 53.64297022869914 0.0 11.123537333238707 41.0 24.975609756097565 0.5891210616489316 0.9930814517694064 3.704693846379042 0.0 29.498874700218323 697.0 1.469153515064563 1.135585781639158 2.8927772083987895 23.652094789886817 0.0 29.40883712010666 689.0 1.4862119013062436 24.978338260222753 9.959891527054445 38.65636486938852 0.0 10.371450920221939 40.0 25.6 0.5844256913779273 0.969641860980298 3.51553738477806 0.0 29.47670389231597 708.0 1.4463276836158183 1.0341915817312846 2.54123759643848 23.652094789886817 0.0 29.42436973424261 687.0 1.490538573508007 26.750239754585 7.51156957647807 33.450137581340485 0.0 7.055299831809439 37.0 27.675675675675677 0.5838169046359056 0.9975105003651454 4.7394594107427555 0.0 29.48142376938234 701.0 1.4607703281027096 
123.0005150327869 1.6778337355789308 1.2425063991393144 4.6261065484396156 0.0 25.754924516925996 104.0 9.846153846153836 3.056263059684581 4.12259513383657 13.834661177334347 0.0 15.970947686880438 51.0 20.078431372549026 1.3537739119479941 0.9212859087910468 3.4836138576524758 0.0 25.789826531453578 123.0 8.32520325203253 1.6662504829615175 1.2526312800844397 4.6261065484396156 0.0 26.783479799308346 113.0 9.061946902654856 3.215174161356519 4.115440220494991 13.241912419968985 0.0 16.309553926498698 49.0 20.89795918367347 1.3658290030952298 0.885672807047758 3.332808309342373 0.0 26.147254810012416 134.0 7.641791044776109 1.7169606866285583 1.349571836889099 5.6352774948562505 0.0 27.586662399187112 109.0 9.394495412844037 3.8649473481133176 6.466106547867601 24.628416408678792 0.0 21.257994108536618 46.0 22.260869565217398 1.410342496680556 0.9965322428027106 3.6016230121356916 0.0 26.215785468000025 126.0 8.126984126984144 0.0 0.0 0.0 0.0 0.0 1.0 1024.0 0.0 0.0 0.0 0.0 0.0 37.0 27.675675675675677 0.0 0.0 0.0 0.0 0.0 1.0 1024.0 0.0 0.0 0.0 0.0 0.0 1.0 1024.0 0.0 0.0 0.0 0.0 0.0 37.0 27.675675675675677 0.0 0.0 0.0 0.0 0.0 1.0 1024.0 0.0 0.0 0.0 0.0 0.0 1.0 1024.0 0.0 0.0 0.0 0.0 0.0 37.0 27.675675675675677 0.0 0.0 0.0 0.0 0.0 1.0 1024.0 1.7642744003343254 1.2041973110918176 4.805157531375327 0.0 25.653842161975433 154.0 6.649350649350648 4.58106600659779 4.752829121290701 15.074033345448699 0.0 19.31325074437748 51.0 20.078431372549023 1.3796514113469482 0.9665288624555445 3.4864782878754865 0.0 25.325454811450914 178.0 5.752808988764035 1.7080309759851728 1.205301232411673 4.805157531375327 0.0 26.17814340352178 162.0 6.320987654320978 4.623389552209654 4.626418050729 15.166946884958433 0.0 19.60975946760939 50.0 20.48 1.3717296073960352 0.9178084124583683 3.355582661291501 0.0 25.76846939582728 195.0 5.251282051282046 1.8313035381296097 1.3666773699049823 5.869339320126588 0.0 26.480050344337528 146.0 7.0136986301369735 6.599812247510329 8.555497930014969 28.568402560419546 0.0 23.60727266036167 44.0 23.272727272727266 1.4685772678168236 1.0158776072768176 3.9592310638267834 0.0 25.16905258271956 175.0 5.851428571428562 1.4821718997126845 3.7743625924153417 41.78745222094094 0.0 29.348448643212514 638.0 1.6050156739811945 24.07319097332853 10.878977035411614 36.9901087825193 0.0 13.537096399266316 42.0 24.380952380952376 0.67316311656262 1.058939836325291 4.365364986724842 0.0 29.23826360004977 667.0 1.535232383808098 1.4169618569110516 3.4117222292526472 32.874741622928155 0.0 29.45164062088824 644.0 1.5900621118012397 26.413959054522664 9.991545507772553 41.631810312897706 0.0 9.48347659176922 38.0 26.947368421052634 0.6580914509313256 1.0264785295261905 3.5217069291965686 0.0 29.384316693613304 680.0 1.505882352941178 1.3946511866458113 3.502690858301952 45.01462284090048 0.0 29.345482224521774 641.0 1.5975039001560107 28.13662262744742 5.58675950686399 35.76295777937128 0.0 7.64368178375316 36.0 28.44444444444444 0.6977944404766012 1.0905571814145025 4.365364986724842 0.0 29.32950224089589 666.0 1.5375375375375404 1.129313757143165 2.767948492328883 23.652094789886817 0.0 29.413658038499978 684.0 1.4970760233918128 26.683912599582097 10.560942361867468 53.64297022869914 0.0 13.214780295146788 42.0 24.38095238095238 0.5891210616489316 0.9930814517694064 3.704693846379042 0.0 29.498874700218323 697.0 1.469153515064563 1.135585781639158 2.8927772083987895 23.652094789886817 0.0 29.40883712010666 689.0 1.4862119013062436 24.978338260222753 9.959891527054445 38.65636486938852 0.0 10.371450920221939 40.0 25.6 0.5844256913779273 0.969641860980298 3.51553738477806 0.0 29.47670389231597 708.0 1.4463276836158183 1.0341915817312846 2.54123759643848 23.652094789886817 0.0 29.42436973424261 687.0 1.490538573508007 26.77691269327535 7.686455205061227 33.450137581340485 0.0 7.007696312924829 37.0 27.675675675675677 0.5838169046359056 0.9975105003651454 4.7394594107427555 0.0 29.48142376938234 701.0 1.4607703281027096 
124.0005150327869 1.6778337355789308 1.2425063991393144 4.6261065484396156 0.0 25.754924516925996 104.0 9.846153846153836 3.056263059684581 4.12259513383657 13.834661177334347 0.0 15.970947686880438 51.0 20.078431372549026 1.34291488525002 0.9255333967540607 3.4836138576524758 0.0 25.860635832243506 124.0 8.25806451612904 1.6755724114500408 1.2543230082155299 4.6261065484396156 0.0 26.739362163440042 112.0 9.142857142857132 3.215174161356519 4.115440220494991 13.241912419968985 0.0 16.309553926498698 49.0 20.89795918367347 1.3658290030952298 0.885672807047758 3.332808309342373 0.0 26.147254810012416 134.0 7.641791044776109 1.7169606866285583 1.349571836889099 5.6352774948562505 0.0 27.586662399187112 109.0 9.394495412844037 3.8649473481133176 6.466106547867601 24.628416408678792 0.0 21.257994108536618 46.0 22.260869565217398 1.410342496680556 0.9965322428027106 3.6016230121356916 0.0 26.215785468000025 126.0 8.126984126984144 0.0 0.0 0.0 0.0 0.0 1.0 1024.0 0.0 0.0 0.0 0.0 0.0 37.0 27.675675675675677 0.0 0.0 0.0 0.0 0.0 1.0 1024.0 0.0 0.0 0.0 0.0 0.0 1.0 1024.0 0.0 0.0 0.0 0.0 0.0 37.0 27.675675675675677 0.0 0.0 0.0 0.0 0.0 1.0 1024.0 0.0 0.0 0.0 0.0 0.0 1.0 1024.0 0.0 0.0 0.0 0.0 0.0 37.0 27.675675675675677 0.0 0.0 0.0 0.0 0.0 1.0 1024.0 1.7641073037145325 1.2043374184197762 4.805157531375327 0.0 25.653624663480755 154.0 6.649350649350648 4.58106600659779 4.752829121290701 15.074033345448699 0.0 19.31325074437748 51.0 20.078431372549023 1.3796514113469482 0.9665288624555445 3.4864782878754865 0.0 25.325454811450914 178.0 5.752808988764035 1.7090722992476675 1.2057459132298254 4.805157531375327 0.0 26.17971992927673 162.0 6.320987654320978 4.623389552209654 4.626418050729 15.166946884958433 0.0 19.60975946760939 50.0 20.48 1.371226072854631 0.9180510647251173 3.355582661291501 0.0 25.767991247919568 195.0 5.251282051282046 1.8313035381296097 1.3666773699049823 5.869339320126588 0.0 26.480050344337528 146.0 7.0136986301369735 6.599812247510329 8.555497930014969 28.568402560419546 0.0 23.60727266036167 44.0 23.272727272727266 1.4685772678168236 1.0158776072768176 3.9592310638267834 0.0 25.16905258271956 175.0 5.851428571428562 1.4821718997126845 3.7743625924153417 41.78745222094094 0.0 29.348448643212514 638.0 1.6050156739811945 24.07319097332853 10.878977035411614 36.9901087825193 0.0 13.537096399266316 42.0 24.380952380952376 0.67316311656262 1.058939836325291 4.365364986724842 0.0 29.23826360004977 667.0 1.535232383808098 1.4169618569110516 3.4117222292526472 32.874741622928155 0.0 29.45164062088824 644.0 1.5900621118012397 26.413959054522664 9.991545507772553 41.631810312897706 0.0 9.48347659176922 38.0 26.947368421052634 0.6580914509313256 1.0264785295261905 3.5217069291965686 0.0 29.384316693613304 680.0 1.505882352941178 1.3946511866458113 3.502690858301952 45.01462284090048 0.0 29.345482224521774 641.0 1.5975039001560107 28.13662262744742 5.58675950686399 35.76295777937128 0.0 7.64368178375316 36.0 28.44444444444444 0.6977944404766012 1.0905571814145025 4.365364986724842 0.0 29.32950224089589 666.0 1.5375375375375404 1.129313757143165 2.767948492328883 23.652094789886817 0.0 29.413658038499978 684.0 1.4970760233918128 27.508140389362104 9.814217062831172 53.64297022869914 0.0 11.625392910704138 42.0 24.38095238095238 0.5891210616489316 0.9930814517694064 3.704693846379042 0.0 29.498874700218323 697.0 1.469153515064563 1.135585781639158 2.8927772083987895 23.652094789886817 0.0 29.40883712010666 689.0 1.4862119013062436 24.978338260222753 9.959891527054445 38.65636486938852 0.0 10.371450920221939 40.0 25.6 0.5844256913779273 0.969641860980298 3.51553738477806 0.0 29.47670389231597 708.0 1.4463276836158183 1.0341915817312846 2.54123759643848 23.652094789886817 0.0 29.42436973424261 687.0 1.490538573508007 24.670979999061704 10.38424600513096 33.450137581340485 0.0 9.798198362374444 39.0 26.256410256410263 0.5838169046359056 0.9975105003651454 4.7394594107427555 0.0 29.48142376938234 701.0 1.4607703281027096 
125.0005150327869 1.6778337355789308 1.2425063991393144 4.6261065484396156 0.0 25.754924516925996 104.0 9.846153846153836 3.056263059684581 4.12259513383657 13.834661177334347 0.0 15.970947686880438 51.0 20.078431372549026 1.34291488525002 0.9255333967540607 3.4836138576524758 0.0 25.860635832243506 124.0 8.25806451612904 1.67521831242334 1.2547184275087233 4.6261065484396156 0.0 26.740200990094777 112.0 9.142857142857132 3.215174161356519 4.115440220494991 13.241912419968985 0.0 16.309553926498698 49.0 20.89795918367347 1.3658290030952298 0.885672807047758 3.332808309342373 0.0 26.147254810012416 134.0 7.641791044776109 1.7169606866285583 1.349571836889099 5.6352774948562505 0.0 27.586662399187112 109.0 9.394495412844037 3.8649473481133176 6.466106547867601 24.628416408678792 0.0 21.257994108536618 46.0 22.260869565217398 1.410342496680556 0.9965322428027106 3.6016230121356916 0.0 26.215785468000025 126.0 8.126984126984144 0.0 0.0 0.0 0.0 0.0 1.0 1024.0 0.0 0.0 0.0 0.0 0.0 37.0 27.675675675675677 0.0 0.0 0.0 0.0 0.0 1.0 1024.0 0.0 0.0 0.0 0.0 0.0 1.0 1024.0 0.0 0.0 0.0 0.0 0.0 37.0 27.675675675675677 0.0 0.0 0.0 0.0 0.0 1.0 1024.0 0.0 0.0 0.0 0.0 0.0 1.0 1024.0 0.0 0.0 0.0 0.0 0.0 37.0 27.675675675675677 0.0 0.0 0.0 0.0 0.0 1.0 1024.0 1.7630482398242264 1.205718081471515 4.805157531375327 0.0 25.653891104872773 154.0 6.649350649350648 4.58106600659779 4.752829121290701 15.074033345448699 0.0 19.31325074437748 51.0 20.078431372549023 1.3796514113469482 0.9665288624555445 3.4864782878754865 0.0 25.325454811450914 178.0 5.752808988764035 1.7096374851025693 1.2058476387642751 4.805157531375327 0.0 26.17756247020982 162.0 6.320987654320978 4.623389552209654 4.626418050729 15.166946884958433 0.0 19.60975946760939 50.0 20.48 1.3712393841025778 0.9181500259228725 3.355582661291501 0.0 25.767930127642273 195.0 5.251282051282046 1.8313035381296097 1.3666773699049823 5.869339320126588 0.0 26.480050344337528 146.0 7.0136986301369735 6.599812247510329 8.555497930014969 28.568402560419546 0.0 23.60727266036167 44.0 23.272727272727266 1.4685772678168236 1.0158776072768176 3.9592310638267834 0.0 25.16905258271956 175.0 5.851428571428562 1.4821718997126845 3.7743625924153417 41.78745222094094 0.0 29.348448643212514 638.0 1.6050156739811945 24.07319097332853 10.878977035411614 36.9901087825193 0.0 13.537096399266316 42.0 24.380952380952376 0.67316311656262 1.058939836325291 4.365364986724842 0.0 29.23826360004977 667.0 1.535232383808098 1.4169618569110516 3.4117222292526472 32.874741622928155 0.0 29.45164062088824 644.0 1.5900621118012397 26.413959054522664 9.991545507772553 41.631810312897706 0.0 9.48347659176922 38.0 26.947368421052634 0.6580914509313256 1.0264785295261905 3.5217069291965686 0.0 29.384316693613304 680.0 1.505882352941178 1.3946511866458113 3.502690858301952 45.01462284090048 0.0 29.345482224521774 641.0 1.5975039001560107 28.13662262744742 5.58675950686399 35.76295777937128 0.0 7.64368178375316 36.0 28.44444444444444 0.6977944404766012 1.0905571814145025 4.365364986724842 0.0 29.32950224089589 666.0 1.5375375375375404 1.129313757143165 2.767948492328883 23.652094789886817 0.0 29.413658038499978 684.0 1.4970760233918128 27.415504496108497 9.708635785586736 53.64297022869914 0.0 11.131721842952865 42.0 24.38095238095238 0.5891210616489316 0.9930814517694064 3.704693846379042 0.0 29.498874700218323 697.0 1.469153515064563 1.135585781639158 2.8927772083987895 23.652094789886817 0.0 29.40883712010666 689.0 1.4862119013062436 24.978338260222753 9.959891527054445 38.65636486938852 0.0 10.371450920221939 40.0 25.6 0.5844256913779273 0.969641860980298 3.51553738477806 0.0 29.47670389231597 708.0 1.4463276836158183 1.0341915817312846 2.54123759643848 23.652094789886817 0.0 29.42436973424261 687.0 1.490538573508007 23.64379813117771 11.428986555115847 33.450137581340485 0.0 10.056926234046339 40.0 25.600000000000005 0.5838169046359056 0.9975105003651454 4.7394594107427555 0.0 29.48142376938234 701.0 1.4607703281027096 
126.0005150327869 1.6778337355789308 1.2425063991393144 4.6261065484396156 0.0 25.754924516925996 104.0 9.846153846153836 3.056263059684581 4.12259513383657 13.834661177334347 0.0 15.970947686880438 51.0 20.078431372549026 1.34291488525002 0.9255333967540607 3.4836138576524758 0.0 25.860635832243506 124.0 8.25806451612904 1.6759804084847638 1.2541203785228465 4.6261065484396156 0.0 26.741599612243014 112.0 9.142857142857132 3.215174161356519 4.115440220494991 13.241912419968985 0.0 16.309553926498698 49.0 20.89795918367347 1.3658290030952298 0.885672807047758 3.332808309342373 0.0 26.147254810012416 134.0 7.641791044776109 1.7169606866285583 1.349571836889099 5.6352774948562505 0.0 27.586662399187112 109.0 9.394495412844037 3.8649473481133176 6.466106547867601 24.628416408678792 0.0 21.257994108536618 46.0 22.260869565217398 1.410342496680556 0.9965322428027106 3.6016230121356916 0.0 26.215785468000025 126.0 8.126984126984144 0.0 0.0 0.0 0.0 0.0 1.0 1024.0 0.0 0.0 0.0 0.0 0.0 37.0 27.675675675675677 0.0 0.0 0.0 0.0 0.0 1.0 1024.0 0.0 0.0 0.0 0.0 0.0 1.0 1024.0 0.0 0.0 0.0 0.0 0.0 37.0 27.675675675675677 0.0 0.0 0.0 0.0 0.0 1.0 1024.0 0.0 0.0 0.0 0.0 0.0 1.0 1024.0 0.0 0.0 0.0 0.0 0.0 37.0 27.675675675675677 0.0 0.0 0.0 0.0 0.0 1.0 1024.0 1.7630482398242264 1.205718081471515 4.805157531375327 0.0 25.653891104872773 154.0 6.649350649350648 4.58106600659779 4.752829121290701 15.074033345448699 0.0 19.31325074437748 51.0 20.078431372549023 1.3796514113469482 0.9665288624555445 3.4864782878754865 0.0 25.325454811450914 178.0 5.752808988764035 1.7100535236893977 1.2059428238925236 4.805157531375327 0.0 26.176445143009005 162.0 6.320987654320978 4.623389552209654 4.626418050729 15.166946884958433 0.0 19.60975946760939 50.0 20.48 1.3712393841025778 0.9181500259228725 3.355582661291501 0.0 25.767930127642273 195.0 5.251282051282046 1.8313035381296097 1.3666773699049823 5.869339320126588 0.0 26.480050344337528 146.0 7.0136986301369735 6.599812247510329 8.555497930014969 28.568402560419546 0.0 23.60727266036167 44.0 23.272727272727266 1.4685772678168236 1.0158776072768176 3.9592310638267834 0.0 25.16905258271956 175.0 5.851428571428562 1.4821718997126845 3.7743625924153417 41.78745222094094 0.0 29.348448643212514 638.0 1.6050156739811945 24.07319097332853 10.878977035411614 36.9901087825193 0.0 13.537096399266316 42.0 24.380952380952376 0.67316311656262 1.058939836325291 4.365364986724842 0.0 29.23826360004977 667.0 1.535232383808098 1.4169618569110516 3.4117222292526472 32.874741622928155 0.0 29.45164062088824 644.0 1.5900621118012397 26.413959054522664 9.991545507772553 41.631810312897706 0.0 9.48347659176922 38.0 26.947368421052634 0.6580914509313256 1.0264785295261905 3.5217069291965686 0.0 29.384316693613304 680.0 1.505882352941178 1.3946511866458113 3.502690858301952 45.01462284090048 0.0 29.345482224521774 641.0 1.5975039001560107 28.13662262744742 5.58675950686399 35.76295777937128 0.0 7.64368178375316 36.0 28.44444444444444 0.6977944404766012 1.0905571814145025 4.365364986724842 0.0 29.32950224089589 666.0 1.5375375375375404 1.129313757143165 2.767948492328883 23.652094789886817 0.0 29.413658038499978 684.0 1.4970760233918128 27.45802556944656 9.71590682335016 53.64297022869914 0.0 10.99461292004019 42.0 24.38095238095238 0.5891210616489316 0.9930814517694064 3.704693846379042 0.0 29.498874700218323 697.0 1.469153515064563 1.135585781639158 2.8927772083987895 23.652094789886817 0.0 29.40883712010666 689.0 1.4862119013062436 24.978338260222753 9.959891527054445 38.65636486938852 0.0 10.371450920221939 40.0 25.6 0.5844256913779273 0.969641860980298 3.51553738477806 0.0 29.47670389231597 708.0 1.4463276836158183 1.0341915817312846 2.54123759643848 23.652094789886817 0.0 29.42436973424261 687.0 1.490538573508007 25.956485361723 8.822542131525982 33.450137581340485 0.0 7.253400972101706 37.0 27.675675675675677 0.5838169046359056 0.9975105003651454 4.7394594107427555 0.0 29.48142376938234 701.0 1.4607703281027096 
127.0005150327869 1.6778065153377621 1.2425434880005668 4.6261065484396156 0.0 25.755245617973504 104.0 9.846153846153836 3.056263059684581 4.12259513383657 13.834661177334347 0.0 15.970947686880438 51.0 20.078431372549026 1.34291488525002 0.9255333967540607 3.4836138576524758 0.0 25.860635832243506 124.0 8.25806451612904 1.6759804084847638 1.2541203785228465 4.6261065484396156 0.0 26.741599612243014 112.0 9.142857142857132 3.215174161356519 4.115440220494991 13.241912419968985 0.0 16.309553926498698 49.0 20.89795918367347 1.3658290030952298 0.885672807047758 3.332808309342373 0.0 26.147254810012416 134.0 7.641791044776109 1.7168446084125448 1.3496972124009 5.6352774948562505 0.0 27.587105612507894 109.0 9.394495412844037 3.8649473481133176 6.466106547867601 24.628416408678792 0.0 21.257994108536618 46.0 22.260869565217398 1.410342496680556 0.9965322428027106 3.6016230121356916 0.0 26.215785468000025 126.0 8.126984126984144 0.0 0.0 0.0 0.0 0.0 1.0 1024.0 0.0 0.0 0.0 0.0 0.0 37.0 27.675675675675677 0.0 0.0 0.0 0.0 0.0 1.0 1024.0 0.0 0.0 0.0 0.0 0.0 1.0 1024.0 0.0 0.0 0.0 0.0 0.0 37.0 27.675675675675677 0.0 0.0 0.0 0.0 0.0 1.0 1024.0 0.0 0.0 0.0 0.0 0.0 1.0 1024.0 0.0 0.0 0.0 0.0 0.0 37.0 27.675675675675677 0.0 0.0 0.0 0.0 0.0 1.0 1024.0 1.7630482398242264 1.205718081471515 4.805157531375327 0.0 25.653891104872773 154.0 6.649350649350648 4.58106600659779 4.752829121290701 15.074033345448699 0.0 19.31325074437748 51.0 20.078431372549023 1.3796514113469482 0.9665288624555445 3.4864782878754865 0.0 25.325454811450914 178.0 5.752808988764035 1.7100535236893977 1.2059428238925236 4.805157531375327 0.0 26.176445143009005 162.0 6.320987654320978 4.623389552209654 4.626418050729 15.166946884958433 0.0 19.60975946760939 50.0 20.48 1.3712393841025778 0.9181500259228725 3.355582661291501 0.0 25.767930127642273 195.0 5.251282051282046 1.831065910503874 1.3668713199111306 5.869339320126588 0.0 26.480332764065633 146.0 7.0136986301369735 6.599812247510329 8.555497930014969 28.568402560419546 0.0 23.60727266036167 44.0 23.272727272727266 1.4685772678168236 1.0158776072768176 3.9592310638267834 0.0 25.16905258271956 175.0 5.851428571428562 1.4821718997126845 3.7743625924153417 41.78745222094094 0.0 29.348448643212514 638.0 1.6050156739811945 24.07319097332853 10.878977035411614 36.9901087825193 0.0 13.537096399266316 42.0 24.380952380952376 0.67316311656262 1.058939836325291 4.365364986724842 0.0 29.23826360004977 667.0 1.535232383808098 1.4169618569110516 3.4117222292526472 32.874741622928155 0.0 29.45164062088824 644.0 1.5900621118012397 26.413959054522664 9.991545507772553 41.631810312897706 0.0 9.48347659176922 38.0 26.947368421052634 0.6580914509313256 1.0264785295261905 3.5217069291965686 0.0 29.384316693613304 680.0 1.505882352941178 1.3946511866458113 3.502690858301952 45.01462284090048 0.0 29.345482224521774 641.0 1.5975039001560107 28.13662262744742 5.58675950686399 35.76295777937128 0.0 7.64368178375316 36.0 28.44444444444444 0.6977944404766012 1.0905571814145025 4.365364986724842 0.0 29.32950224089589 666.0 1.5375375375375404 1.129313757143165 2.767948492328883 23.652094789886817 0.0 29.413658038499978 684.0 1.4970760233918128 27.421530094777072 9.831648393942721 53.64297022869914 0.0 11.059622266921881 41.0 24.975609756097565 0.5891210616489316 0.9930814517694064 3.704693846379042 0.0 29.498874700218323 697.0 1.469153515064563 1.135585781639158 2.8927772083987895 23.652094789886817 0.0 29.40883712010666 689.0 1.4862119013062436 23.70634723071967 10.513554266467061 33.698718700420386 0.0 12.666183336579396 41.0 24.975609756097562 0.5844256913779273 0.969641860980298 3.51553738477806 0.0 29.47670389231597 708.0 1.4463276836158183 1.0341915817312846 2.54123759643848 23.652094789886817 0.0 29.42436973424261 687.0 1.490538573508007 26.670340323031425 7.762775065504378 33.450137581340485 0.0 7.318188880955937 36.0 28.44444444444444 0.5838169046359056 0.9975105003651454 4.7394594107427555 0.0 29.48142376938234 701.0 1.4607703281027096 
128.0005150327869 1.6778065153377621 1.2425434880005668 4.6261065484396156 0.0 25.755245617973504 104.0 9.846153846153836 3.056263059684581 4.12259513383657 13.834661177334347 0.0 15.970947686880438 51.0 20.078431372549026 1.3258660166732905 0.9285601551070809 3.4836138576524758 0.0 26.006596707176815 126.0 8.126984126984143 1.676048434302688 1.2540688422887227 4.6261065484396156 0.0 26.742239066929194 112.0 9.142857142857132 3.215174161356519 4.115440220494991 13.241912419968985 0.0 16.309553926498698 49.0 20.89795918367347 1.3658290030952298 0.885672807047758 3.332808309342373 0.0 26.147254810012416 134.0 7.641791044776109 1.7167086183061304 1.3498214057089832 5.6352774948562505 0.0 27.587503241037414 109.0 9.394495412844037 3.8649473481133176 6.466106547867601 24.628416408678792 0.0 21.257994108536618 46.0 22.260869565217398 1.410342496680556 0.9965322428027106 3.6016230121356916 0.0 26.215785468000025 126.0 8.126984126984144 0.0 0.0 0.0 0.0 0.0 1.0 1024.0 0.0 0.0 0.0 0.0 0.0 37.0 27.675675675675677 0.0 0.0 0.0 0.0 0.0 1.0 1024.0 0.0 0.0 0.0 0.0 0.0 1.0 1024.0 0.0 0.0 0.0 0.0 0.0 37.0 27.675675675675677 0.0 0.0 0.0 0.0 0.0 1.0 1024.0 0.0 0.0 0.0 0.0 0.0 1.0 1024.0 0.0 0.0 0.0 0.0 0.0 37.0 27.675675675675677 0.0 0.0 0.0 0.0 0.0 1.0 1024.0 1.7616729483295082 1.2068232943520034 4.805157531375327 0.0 25.655314171805372 154.0 6.649350649350648 4.58106600659779 4.752829121290701 15.074033345448699 0.0 19.31325074437748 51.0 20.078431372549023 1.3796514113469482 0.9665288624555445 3.4864782878754865 0.0 25.325454811450914 178.0 5.752808988764035 1.7100535236893977 1.2059428238925236 4.805157531375327 0.0 26.176445143009005 162.0 6.320987654320978 4.623389552209654 4.626418050729 15.166946884958433 0.0 19.60975946760939 50.0 20.48 1.3712393841025778 0.9181500259228725 3.355582661291501 0.0 25.767930127642273 195.0 5.251282051282046 1.831065910503874 1.3668713199111306 5.869339320126588 0.0 26.480332764065633 146.0 7.0136986301369735 6.599812247510329 8.555497930014969 28.568402560419546 0.0 23.60727266036167 44.0 23.272727272727266 1.4685772678168236 1.0158776072768176 3.9592310638267834 0.0 25.16905258271956 175.0 5.851428571428562 1.4821718997126845 3.7743625924153417 41.78745222094094 0.0 29.348448643212514 638.0 1.6050156739811945 24.07319097332853 10.878977035411614 36.9901087825193 0.0 13.537096399266316 42.0 24.380952380952376 0.67316311656262 1.058939836325291 4.365364986724842 0.0 29.23826360004977 667.0 1.535232383808098 1.4169618569110516 3.4117222292526472 32.874741622928155 0.0 29.45164062088824 644.0 1.5900621118012397 26.413959054522664 9.991545507772553 41.631810312897706 0.0 9.48347659176922 38.0 26.947368421052634 0.6580914509313256 1.0264785295261905 3.5217069291965686 0.0 29.384316693613304 680.0 1.505882352941178 1.3946511866458113 3.502690858301952 45.01462284090048 0.0 29.345482224521774 641.0 1.5975039001560107 28.13662262744742 5.58675950686399 35.76295777937128 0.0 7.64368178375316 36.0 28.44444444444444 0.6977944404766012 1.0905571814145025 4.365364986724842 0.0 29.32950224089589 666.0 1.5375375375375404 1.129313757143165 2.767948492328883 23.652094789886817 0.0 29.413658038499978 684.0 1.4970760233918128 27.421530094777072 9.831648393942721 53.64297022869914 0.0 11.059622266921881 41.0 24.975609756097565 0.5891210616489316 0.9930814517694064 3.704693846379042 0.0 29.498874700218323 697.0 1.469153515064563 1.135585781639158 2.8927772083987895 23.652094789886817 0.0 29.40883712010666 689.0 1.4862119013062436 22.86850394141718 11.440709330073231 33.698718700420386 0.0 13.261808327769831 42.0 24.380952380952376 0.5844256913779273 0.969641860980298 3.51553738477806 0.0 29.47670389231597 708.0 1.4463276836158183 1.0341915817312846 2.54123759643848 23.652094789886817 0.0 29.42436973424261 687.0 1.490538573508007 24.655252352549287 10.37327802207966 33.450137581340485 0.0 9.723914804609512 39.0 26.256410256410263 0.5838169046359056 0.9975105003651454 4.7394594107427555 0.0 29.48142376938234 701.0 1.4607703281027096 
129.0005150327869 1.6778065153377621 1.2425434880005668 4.6261065484396156 0.0 25.755245617973504 104.0 9.846153846153836 3.056263059684581 4.12259513383657 13.834661177334347 0.0 15.970947686880438 51.0 20.078431372549026 1.3153878669090389 0.9323308108310029 3.4836138576524758 0.0 26.072367493477472 127.0 8.062992125984264 1.6766036046105508 1.2534715160520502 4.6261065484396156 0.0 26.741722209297954 112.0 9.142857142857132 3.215174161356519 4.115440220494991 13.241912419968985 0.0 16.309553926498698 49.0 20.89795918367347 1.3658290030952298 0.885672807047758 3.332808309342373 0.0 26.147254810012416 134.0 7.641791044776109 1.716717437781541 1.3498078966657259 5.6352774948562505 0.0 27.587546565324175 109.0 9.394495412844037 3.8649473481133176 6.466106547867601 24.628416408678792 0.0 21.257994108536618 46.0 22.260869565217398 1.410342496680556 0.9965322428027106 3.6016230121356916 0.0 26.215785468000025 126.0 8.126984126984144 0.0 0.0 0.0 0.0 0.0 1.0 1024.0 0.0 0.0 0.0 0.0 0.0 37.0 27.675675675675677 0.0 0.0 0.0 0.0 0.0 1.0 1024.0 0.0 0.0 0.0 0.0 0.0 1.0 1024.0 0.0 0.0 0.0 0.0 0.0 37.0 27.675675675675677 0.0 0.0 0.0 0.0 0.0 1.0 1024.0 0.0 0.0 0.0 0.0 0.0 1.0 1024.0 0.0 0.0 0.0 0.0 0.0 37.0 27.675675675675677 0.0 0.0 0.0 0.0 0.0 1.0 1024.0 1.7639802212183873 1.2036824128194425 4.805157531375327 0.0 25.658356694288535 154.0 6.649350649350648 4.58106600659779 4.752829121290701 15.074033345448699 0.0 19.31325074437748 51.0 20.078431372549023 1.3796514113469482 0.9665288624555445 3.4864782878754865 0.0 25.325454811450914 178.0 5.752808988764035 1.7100535236893977 1.2059428238925236 4.805157531375327 0.0 26.176445143009005 162.0 6.320987654320978 4.623389552209654 4.626418050729 15.166946884958433 0.0 19.60975946760939 50.0 20.48 1.3712393841025778 0.9181500259228725 3.355582661291501 0.0 25.767930127642273 195.0 5.251282051282046 1.8308299642661459 1.3670695254621164 5.869339320126588 0.0 26.480620599989972 146.0 7.0136986301369735 6.599812247510329 8.555497930014969 28.568402560419546 0.0 23.60727266036167 44.0 23.272727272727266 1.4685772678168236 1.0158776072768176 3.9592310638267834 0.0 25.16905258271956 175.0 5.851428571428562 1.4821718997126845 3.7743625924153417 41.78745222094094 0.0 29.348448643212514 638.0 1.6050156739811945 24.07319097332853 10.878977035411614 36.9901087825193 0.0 13.537096399266316 42.0 24.380952380952376 0.67316311656262 1.058939836325291 4.365364986724842 0.0 29.23826360004977 667.0 1.535232383808098 1.4169618569110516 3.4117222292526472 32.874741622928155 0.0 29.45164062088824 644.0 1.5900621118012397 26.413959054522664 9.991545507772553 41.631810312897706 0.0 9.48347659176922 38.0 26.947368421052634 0.6580914509313256 1.0264785295261905 3.5217069291965686 0.0 29.384316693613304 680.0 1.505882352941178 1.3946511866458113 3.502690858301952 45.01462284090048 0.0 29.345482224521774 641.0 1.5975039001560107 28.13662262744742 5.58675950686399 35.76295777937128 0.0 7.64368178375316 36.0 28.44444444444444 0.6977944404766012 1.0905571814145025 4.365364986724842 0.0 29.32950224089589 666.0 1.5375375375375404 1.129313757143165 2.767948492328883 23.652094789886817 0.0 29.413658038499978 684.0 1.4970760233918128 25.971574112323957 11.208126198166076 53.64297022869914 0.0 13.627963655510532 43.0 23.8139534883721 0.5891210616489316 0.9930814517694064 3.704693846379042 0.0 29.498874700218323 697.0 1.469153515064563 1.135585781639158 2.8927772083987895 23.652094789886817 0.0 29.40883712010666 689.0 1.4862119013062436 24.978338260222753 9.959891527054445 38.65636486938852 0.0 10.371450920221939 40.0 25.6 0.5844256913779273 0.969641860980298 3.51553738477806 0.0 29.47670389231597 708.0 1.4463276836158183 1.0341915817312846 2.54123759643848 23.652094789886817 0.0 29.42436973424261 687.0 1.490538573508007 24.369105239403467 11.320175191602315 45.545777179016206 0.0 11.325349008625263 41.0 24.975609756097562 0.5838169046359056 0.9975105003651454 4.7394594107427555 0.0 29.48142376938234 701.0 1.4607703281027096 
130.0005150327869 1.6778065153377621 1.2425434880005668 4.6261065484396156 0.0 25.755245617973504 104.0 9.846153846153836 3.056263059684581 4.12259513383657 13.834661177334347 0.0 15.970947686880438 51.0 20.078431372549026 1.315535772021903 0.9322638123972672 3.4836138576524758 0.0 26.07132021548157 127.0 8.062992125984264 1.676244762660913 1.253844192519943 4.6261065484396156 0.0 26.741964730956322 112.0 9.142857142857132 3.215174161356519 4.115440220494991 13.241912419968985 0.0 16.309553926498698 49.0 20.89795918367347 1.3653304403453848 0.8861341837769878 3.332808309342373 0.0 26.14696575942089 134.0 7.641791044776109 1.7166425393645646 1.3498697364020367 5.6352774948562505 0.0 27.587657196647775 109.0 9.394495412844037 3.8649473481133176 6.466106547867601 24.628416408678792 0.0 21.257994108536618 46.0 22.260869565217398 1.410342496680556 0.9965322428027106 3.6016230121356916 0.0 26.215785468000025 126.0 8.126984126984144 0.0 0.0 0.0 0.0 0.0 1.0 1024.0 0.0 0.0 0.0 0.0 0.0 37.0 27.675675675675677 0.0 0.0 0.0 0.0 0.0 1.0 1024.0 0.0 0.0 0.0 0.0 0.0 1.0 1024.0 0.0 0.0 0.0 0.0 0.0 37.0 27.675675675675677 0.0 0.0 0.0 0.0 0.0 1.0 1024.0 0.0 0.0 0.0 0.0 0.0 1.0 1024.0 0.0 0.0 0.0 0.0 0.0 37.0 27.675675675675677 0.0 0.0 0.0 0.0 0.0 1.0 1024.0 1.765599204998873 1.2021826193061964 4.805157531375327 0.0 25.663239807504002 154.0 6.649350649350648 4.58106600659779 4.752829121290701 15.074033345448699 0.0 19.31325074437748 51.0 20.078431372549023 1.3796514113469482 0.9665288624555445 3.4864782878754865 0.0 25.325454811450914 178.0 5.752808988764035 1.7108558455986438 1.206219982731361 4.805157531375327 0.0 26.172767304192853 162.0 6.320987654320978 4.623389552209654 4.626418050729 15.166946884958433 0.0 19.60975946760939 50.0 20.48 1.3712393841025778 0.9181500259228725 3.355582661291501 0.0 25.767930127642273 195.0 5.251282051282046 1.830642373969357 1.3672279956450408 5.869339320126588 0.0 26.480922010882537 146.0 7.0136986301369735 6.599812247510329 8.555497930014969 28.568402560419546 0.0 23.60727266036167 44.0 23.272727272727266 1.4685772678168236 1.0158776072768176 3.9592310638267834 0.0 25.16905258271956 175.0 5.851428571428562 1.4821718997126845 3.7743625924153417 41.78745222094094 0.0 29.348448643212514 638.0 1.6050156739811945 24.07319097332853 10.878977035411614 36.9901087825193 0.0 13.537096399266316 42.0 24.380952380952376 0.67316311656262 1.058939836325291 4.365364986724842 0.0 29.23826360004977 667.0 1.535232383808098 1.4169618569110516 3.4117222292526472 32.874741622928155 0.0 29.45164062088824 644.0 1.5900621118012397 26.413959054522664 9.991545507772553 41.631810312897706 0.0 9.48347659176922 38.0 26.947368421052634 0.6580914509313256 1.0264785295261905 3.5217069291965686 0.0 29.384316693613304 680.0 1.505882352941178 1.3946511866458113 3.502690858301952 45.01462284090048 0.0 29.345482224521774 641.0 1.5975039001560107 28.13662262744742 5.58675950686399 35.76295777937128 0.0 7.64368178375316 36.0 28.44444444444444 0.6977944404766012 1.0905571814145025 4.365364986724842 0.0 29.32950224089589 666.0 1.5375375375375404 1.129313757143165 2.767948492328883 23.652094789886817 0.0 29.413658038499978 684.0 1.4970760233918128 25.47494527557132 11.753165847830157 53.64297022869914 0.0 13.554265436621442 44.0 23.272727272727273 0.5891210616489316 0.9930814517694064 3.704693846379042 0.0 29.498874700218323 697.0 1.469153515064563 1.135585781639158 2.8927772083987895 23.652094789886817 0.0 29.40883712010666 689.0 1.4862119013062436 24.978338260222753 9.959891527054445 38.65636486938852 0.0 10.371450920221939 40.0 25.6 0.5844256913779273 0.969641860980298 3.51553738477806 0.0 29.47670389231597 708.0 1.4463276836158183 1.0341915817312846 2.54123759643848 23.652094789886817 0.0 29.42436973424261 687.0 1.490538573508007 25.819310267277157 8.705885725026356 33.450137581340485 0.0 10.920326674938496 38.0 26.94736842105263 0.5838169046359056 0.9975105003651454 4.7394594107427555 0.0 29.48142376938234 701.0 1.4607703281027096 
131.0005150327869 1.6778065153377621 1.2425434880005668 4.6261065484396156 0.0 25.755245617973504 104.0 9.846153846153836 3.056263059684581 4.12259513383657 13.834661177334347 0.0 15.970947686880438 51.0 20.078431372549026 1.315535772021903 0.9322638123972672 3.4836138576524758 0.0 26.07132021548157 127.0 8.062992125984264 1.676244762660913 1.253844192519943 4.6261065484396156 0.0 26.741964730956322 112.0 9.142857142857132 3.215174161356519 4.115440220494991 13.241912419968985 0.0 16.309553926498698 49.0 20.89795918367347 1.3752469896073733 0.8817785370452813 3.332808309342373 0.0 26.089030626528736 133.0 7.6992481203007515 1.7166425393645646 1.3498697364020367 5.6352774948562505 0.0 27.587657196647775 109.0 9.394495412844037 3.8649473481133176 6.466106547867601 24.628416408678792 0.0 21.257994108536618 46.0 22.260869565217398 1.410342496680556 0.9965322428027106 3.6016230121356916 0.0 26.215785468000025 126.0 8.126984126984144 0.0 0.0 0.0 0.0 0.0 1.0 1024.0 0.0 0.0 0.0 0.0 0.0 37.0 27.675675675675677 0.0 0.0 0.0 0.0 0.0 1.0 1024.0 0.0 0.0 0.0 0.0 0.0 1.0 1024.0 0.0 0.0 0.0 0.0 0.0 37.0 27.675675675675677 0.0 0.0 0.0 0.0 0.0 1.0 1024.0 0.0 0.0 0.0 0.0 0.0 1.0 1024.0 0.0 0.0 0.0 0.0 0.0 37.0 27.675675675675677 0.0 0.0 0.0 0.0 0.0 1.0 1024.0 1.765762706315927 1.2020403779253028 4.805157531375327 0.0 25.664718839275178 154.0 6.649350649350648 4.58106600659779 4.752829121290701 15.074033345448699 0.0 19.31325074437748 51.0 20.078431372549023 1.3796514113469482 0.9665288624555445 3.4864782878754865 0.0 25.325454811450914 178.0 5.752808988764035 1.7108638418807613 1.2062143622299835 4.805157531375327 0.0 26.17290670360782 162.0 6.320987654320978 4.623389552209654 4.626418050729 15.166946884958433 0.0 19.60975946760939 50.0 20.48 1.3712393841025778 0.9181500259228725 3.355582661291501 0.0 25.767930127642273 195.0 5.251282051282046 1.8303952568410669 1.367447874991868 5.869339320126588 0.0 26.481215726044105 146.0 7.0136986301369735 6.599812247510329 8.555497930014969 28.568402560419546 0.0 23.60727266036167 44.0 23.272727272727266 1.4685772678168236 1.0158776072768176 3.9592310638267834 0.0 25.16905258271956 175.0 5.851428571428562 1.4821718997126845 3.7743625924153417 41.78745222094094 0.0 29.348448643212514 638.0 1.6050156739811945 24.07319097332853 10.878977035411614 36.9901087825193 0.0 13.537096399266316 42.0 24.380952380952376 0.67316311656262 1.058939836325291 4.365364986724842 0.0 29.23826360004977 667.0 1.535232383808098 1.4169618569110516 3.4117222292526472 32.874741622928155 0.0 29.45164062088824 644.0 1.5900621118012397 26.413959054522664 9.991545507772553 41.631810312897706 0.0 9.48347659176922 38.0 26.947368421052634 0.6580914509313256 1.0264785295261905 3.5217069291965686 0.0 29.384316693613304 680.0 1.505882352941178 1.3946511866458113 3.502690858301952 45.01462284090048 0.0 29.345482224521774 641.0 1.5975039001560107 28.13662262744742 5.58675950686399 35.76295777937128 0.0 7.64368178375316 36.0 28.44444444444444 0.6977944404766012 1.0905571814145025 4.365364986724842 0.0 29.32950224089589 666.0 1.5375375375375404 1.129313757143165 2.767948492328883 23.652094789886817 0.0 29.413658038499978 684.0 1.4970760233918128 26.05945245748929 11.206490509854698 53.64297022869914 0.0 12.934521747345526 43.0 23.8139534883721 0.5891210616489316 0.9930814517694064 3.704693846379042 0.0 29.498874700218323 697.0 1.469153515064563 1.135585781639158 2.8927772083987895 23.652094789886817 0.0 29.40883712010666 689.0 1.4862119013062436 24.978338260222753 9.959891527054445 38.65636486938852 0.0 10.371450920221939 40.0 25.6 0.5844256913779273 0.969641860980298 3.51553738477806 0.0 29.47670389231597 708.0 1.4463276836158183 1.0341915817312846 2.54123759643848 23.652094789886817 0.0 29.42436973424261 687.0 1.490538573508007 26.783005758542963 7.691888222507676 33.450137581340485 0.0 7.571067891384148 37.0 27.675675675675677 0.5838169046359056 0.9975105003651454 4.7394594107427555 0.0 29.48142376938234 701.0 1.4607703281027096 
132.0005150327869 1.6778065153377621 1.2425434880005668 4.6261065484396156 0.0 25.755245617973504 104.0 9.846153846153836 3.056263059684581 4.12259513383657 13.834661177334347 0.0 15.970947686880438 51.0 20.078431372549026 1.3277587204908208 0.9270836752426757 3.4836138576524758 0.0 26.010389584780373 126.0 8.126984126984143 1.6758204540825739 1.2542622945989805 4.6261065484396156 0.0 26.742230336553448 112.0 9.142857142857132 3.215174161356519 4.115440220494991 13.241912419968985 0.0 16.309553926498698 49.0 20.89795918367347 1.3752469896073733 0.8817785370452813 3.332808309342373 0.0 26.089030626528736 133.0 7.6992481203007515 1.7166425393645646 1.3498697364020367 5.6352774948562505 0.0 27.587657196647775 109.0 9.394495412844037 3.8649473481133176 6.466106547867601 24.628416408678792 0.0 21.257994108536618 46.0 22.260869565217398 1.410342496680556 0.9965322428027106 3.6016230121356916 0.0 26.215785468000025 126.0 8.126984126984144 0.0 0.0 0.0 0.0 0.0 1.0 1024.0 0.0 0.0 0.0 0.0 0.0 37.0 27.675675675675677 0.0 0.0 0.0 0.0 0.0 1.0 1024.0 0.0 0.0 0.0 0.0 0.0 1.0 1024.0 0.0 0.0 0.0 0.0 0.0 37.0 27.675675675675677 0.0 0.0 0.0 0.0 0.0 1.0 1024.0 0.0 0.0 0.0 0.0 0.0 1.0 1024.0 0.0 0.0 0.0 0.0 0.0 37.0 27.675675675675677 0.0 0.0 0.0 0.0 0.0 1.0 1024.0 1.7633404200470175 1.2045108057992362 4.805157531375327 0.0 25.672841433743393 154.0 6.649350649350648 4.58106600659779 4.752829121290701 15.074033345448699 0.0 19.31325074437748 51.0 20.078431372549023 1.3796514113469482 0.9665288624555445 3.4864782878754865 0.0 25.325454811450914 178.0 5.752808988764035 1.7108638418807613 1.2062143622299835 4.805157531375327 0.0 26.17290670360782 162.0 6.320987654320978 4.623389552209654 4.626418050729 15.166946884958433 0.0 19.60975946760939 50.0 20.48 1.3712393841025778 0.9181500259228725 3.355582661291501 0.0 25.767930127642273 195.0 5.251282051282046 1.8308869033256236 1.3670080932768542 5.869339320126588 0.0 26.48236956487375 146.0 7.0136986301369735 6.599812247510329 8.555497930014969 28.568402560419546 0.0 23.60727266036167 44.0 23.272727272727266 1.4685772678168236 1.0158776072768176 3.9592310638267834 0.0 25.16905258271956 175.0 5.851428571428562 1.4821718997126845 3.7743625924153417 41.78745222094094 0.0 29.348448643212514 638.0 1.6050156739811945 24.07319097332853 10.878977035411614 36.9901087825193 0.0 13.537096399266316 42.0 24.380952380952376 0.67316311656262 1.058939836325291 4.365364986724842 0.0 29.23826360004977 667.0 1.535232383808098 1.4169618569110516 3.4117222292526472 32.874741622928155 0.0 29.45164062088824 644.0 1.5900621118012397 26.413959054522664 9.991545507772553 41.631810312897706 0.0 9.48347659176922 38.0 26.947368421052634 0.6580914509313256 1.0264785295261905 3.5217069291965686 0.0 29.384316693613304 680.0 1.505882352941178 1.3946511866458113 3.502690858301952 45.01462284090048 0.0 29.345482224521774 641.0 1.5975039001560107 28.13662262744742 5.58675950686399 35.76295777937128 0.0 7.64368178375316 36.0 28.44444444444444 0.6977944404766012 1.0905571814145025 4.365364986724842 0.0 29.32950224089589 666.0 1.5375375375375404 1.129313757143165 2.767948492328883 23.652094789886817 0.0 29.413658038499978 684.0 1.4970760233918128 27.421530094777072 9.831648393942721 53.64297022869914 0.0 11.059622266921881 41.0 24.975609756097565 0.5891210616489316 0.9930814517694064 3.704693846379042 0.0 29.498874700218323 697.0 1.469153515064563 1.135585781639158 2.8927772083987895 23.652094789886817 0.0 29.40883712010666 689.0 1.4862119013062436 24.978338260222753 9.959891527054445 38.65636486938852 0.0 10.371450920221939 40.0 25.6 0.5844256913779273 0.969641860980298 3.51553738477806 0.0 29.47670389231597 708.0 1.4463276836158183 1.0341915817312846 2.54123759643848 23.652094789886817 0.0 29.42436973424261 687.0 1.490538573508007 26.670340323031425 7.762775065504378 33.450137581340485 0.0 7.318188880955937 36.0 28.44444444444444 0.5838169046359056 0.9975105003651454 4.7394594107427555 0.0 29.48142376938234 701.0 1.4607703281027096 
133.0005150327869 1.6778065153377621 1.2425434880005668 4.6261065484396156 0.0 25.755245617973504 104.0 9.846153846153836 3.056263059684581 4.12259513383657 13.834661177334347 0.0 15.970947686880438 51.0 20.078431372549026 1.3174269065240198 0.9308558649482556 3.4836138576524758 0.0 26.074156664227896 127.0 8.062992125984264 1.675415104435238 1.2548349642381211 4.6261065484396156 0.0 26.74391080224392 112.0 9.142857142857132 3.215174161356519 4.115440220494991 13.241912419968985 0.0 16.309553926498698 49.0 20.89795918367347 1.3752469896073733 0.8817785370452813 3.332808309342373 0.0 26.089030626528736 133.0 7.6992481203007515 1.7166429750779726 1.3498634379274839 5.6352774948562505 0.0 27.587715790610442 109.0 9.394495412844037 3.8649473481133176 6.466106547867601 24.628416408678792 0.0 21.257994108536618 46.0 22.260869565217398 1.410342496680556 0.9965322428027106 3.6016230121356916 0.0 26.215785468000025 126.0 8.126984126984144 0.0 0.0 0.0 0.0 0.0 1.0 1024.0 0.0 0.0 0.0 0.0 0.0 37.0 27.675675675675677 0.0 0.0 0.0 0.0 0.0 1.0 1024.0 0.0 0.0 0.0 0.0 0.0 1.0 1024.0 0.0 0.0 0.0 0.0 0.0 37.0 27.675675675675677 0.0 0.0 0.0 0.0 0.0 1.0 1024.0 0.0 0.0 0.0 0.0 0.0 1.0 1024.0 0.0 0.0 0.0 0.0 0.0 37.0 27.675675675675677 0.0 0.0 0.0 0.0 0.0 1.0 1024.0 1.7742433470985206 1.2016232668597977 4.805157531375327 0.0 25.59532203272725 153.0 6.692810457516345 4.58106600659779 4.752829121290701 15.074033345448699 0.0 19.31325074437748 51.0 20.078431372549023 1.371874962993788 0.9694084976952637 3.4864782878754865 0.0 25.27699296379425 179.0 5.720670391061458 1.7108638418807613 1.2062143622299835 4.805157531375327 0.0 26.17290670360782 162.0 6.320987654320978 4.623389552209654 4.626418050729 15.166946884958433 0.0 19.60975946760939 50.0 20.48 1.3712393841025778 0.9181500259228725 3.355582661291501 0.0 25.767930127642273 195.0 5.251282051282046 1.8308869033256236 1.3670080932768542 5.869339320126588 0.0 26.48236956487375 146.0 7.0136986301369735 6.599812247510329 8.555497930014969 28.568402560419546 0.0 23.60727266036167 44.0 23.272727272727266 1.4685772678168236 1.0158776072768176 3.9592310638267834 0.0 25.16905258271956 175.0 5.851428571428562 1.4821718997126845 3.7743625924153417 41.78745222094094 0.0 29.348448643212514 638.0 1.6050156739811945 24.07319097332853 10.878977035411614 36.9901087825193 0.0 13.537096399266316 42.0 24.380952380952376 0.67316311656262 1.058939836325291 4.365364986724842 0.0 29.23826360004977 667.0 1.535232383808098 1.4169618569110516 3.4117222292526472 32.874741622928155 0.0 29.45164062088824 644.0 1.5900621118012397 26.413959054522664 9.991545507772553 41.631810312897706 0.0 9.48347659176922 38.0 26.947368421052634 0.6580914509313256 1.0264785295261905 3.5217069291965686 0.0 29.384316693613304 680.0 1.505882352941178 1.3946511866458113 3.502690858301952 45.01462284090048 0.0 29.345482224521774 641.0 1.5975039001560107 28.13662262744742 5.58675950686399 35.76295777937128 0.0 7.64368178375316 36.0 28.44444444444444 0.6977944404766012 1.0905571814145025 4.365364986724842 0.0 29.32950224089589 666.0 1.5375375375375404 1.129313757143165 2.767948492328883 23.652094789886817 0.0 29.413658038499978 684.0 1.4970760233918128 27.421530094777072 9.831648393942721 53.64297022869914 0.0 11.059622266921881 41.0 24.975609756097565 0.5891210616489316 0.9930814517694064 3.704693846379042 0.0 29.498874700218323 697.0 1.469153515064563 1.135585781639158 2.8927772083987895 23.652094789886817 0.0 29.40883712010666 689.0 1.4862119013062436 24.978338260222753 9.959891527054445 38.65636486938852 0.0 10.371450920221939 40.0 25.6 0.5844256913779273 0.969641860980298 3.51553738477806 0.0 29.47670389231597 708.0 1.4463276836158183 1.0341915817312846 2.54123759643848 23.652094789886817 0.0 29.42436973424261 687.0 1.490538573508007 26.670340323031425 7.762775065504378 33.450137581340485 0.0 7.318188880955937 36.0 28.44444444444444 0.5838169046359056 0.9975105003651454 4.7394594107427555 0.0 29.48142376938234 701.0 1.4607703281027096 
134.0005150327869 1.6778065153377621 1.2425434880005668 4.6261065484396156 0.0 25.755245617973504 104.0 9.846153846153836 3.056263059684581 4.12259513383657 13.834661177334347 0.0 15.970947686880438 51.0 20.078431372549026 1.2974928383388848 0.9376847880963636 3.4836138576524758 0.0 26.18922358032198 129.0 7.937984496124019 1.675415104435238 1.2548349642381211 4.6261065484396156 0.0 26.74391080224392 112.0 9.142857142857132 3.215174161356519 4.115440220494991 13.241912419968985 0.0 16.309553926498698 49.0 20.89795918367347 1.3752469896073733 0.8817785370452813 3.332808309342373 0.0 26.089030626528736 133.0 7.6992481203007515 1.7166429750779726 1.3498634379274839 5.6352774948562505 0.0 27.587715790610442 109.0 9.394495412844037 3.8649473481133176 6.466106547867601 24.628416408678792 0.0 21.257994108536618 46.0 22.260869565217398 1.410342496680556 0.9965322428027106 3.6016230121356916 0.0 26.215785468000025 126.0 8.126984126984144 0.0 0.0 0.0 0.0 0.0 1.0 1024.0 0.0 0.0 0.0 0.0 0.0 37.0 27.675675675675677 0.0 0.0 0.0 0.0 0.0 1.0 1024.0 0.0 0.0 0.0 0.0 0.0 1.0 1024.0 0.0 0.0 0.0 0.0 0.0 37.0 27.675675675675677 0.0 0.0 0.0 0.0 0.0 1.0 1024.0 0.0 0.0 0.0 0.0 0.0 1.0 1024.0 0.0 0.0 0.0 0.0 0.0 37.0 27.675675675675677 0.0 0.0 0.0 0.0 0.0 1.0 1024.0 1.7742433470985206 1.2016232668597977 4.805157531375327 0.0 25.59532203272725 153.0 6.692810457516345 4.58106600659779 4.752829121290701 15.074033345448699 0.0 19.31325074437748 51.0 20.078431372549023 1.371874962993788 0.9694084976952637 3.4864782878754865 0.0 25.27699296379425 179.0 5.720670391061458 1.7108638418807613 1.2062143622299835 4.805157531375327 0.0 26.17290670360782 162.0 6.320987654320978 4.623389552209654 4.626418050729 15.166946884958433 0.0 19.60975946760939 50.0 20.48 1.3712393841025778 0.9181500259228725 3.355582661291501 0.0 25.767930127642273 195.0 5.251282051282046 1.8308869033256236 1.3670080932768542 5.869339320126588 0.0 26.48236956487375 146.0 7.0136986301369735 6.599812247510329 8.555497930014969 28.568402560419546 0.0 23.60727266036167 44.0 23.272727272727266 1.4685772678168236 1.0158776072768176 3.9592310638267834 0.0 25.16905258271956 175.0 5.851428571428562 1.4821718997126845 3.7743625924153417 41.78745222094094 0.0 29.348448643212514 638.0 1.6050156739811945 24.07319097332853 10.878977035411614 36.9901087825193 0.0 13.537096399266316 42.0 24.380952380952376 0.67316311656262 1.058939836325291 4.365364986724842 0.0 29.23826360004977 667.0 1.535232383808098 1.4169618569110516 3.4117222292526472 32.874741622928155 0.0 29.45164062088824 644.0 1.5900621118012397 26.413959054522664 9.991545507772553 41.631810312897706 0.0 9.48347659176922 38.0 26.947368421052634 0.6580914509313256 1.0264785295261905 3.5217069291965686 0.0 29.384316693613304 680.0 1.505882352941178 1.3946511866458113 3.502690858301952 45.01462284090048 0.0 29.345482224521774 641.0 1.5975039001560107 28.13662262744742 5.58675950686399 35.76295777937128 0.0 7.64368178375316 36.0 28.44444444444444 0.6977944404766012 1.0905571814145025 4.365364986724842 0.0 29.32950224089589 666.0 1.5375375375375404 1.129313757143165 2.767948492328883 23.652094789886817 0.0 29.413658038499978 684.0 1.4970760233918128 27.421530094777072 9.831648393942721 53.64297022869914 0.0 11.059622266921881 41.0 24.975609756097565 0.5891210616489316 0.9930814517694064 3.704693846379042 0.0 29.498874700218323 697.0 1.469153515064563 1.135585781639158 2.8927772083987895 23.652094789886817 0.0 29.40883712010666 689.0 1.4862119013062436 24.978338260222753 9.959891527054445 38.65636486938852 0.0 10.371450920221939 40.0 25.6 0.5844256913779273 0.969641860980298 3.51553738477806 0.0 29.47670389231597 708.0 1.4463276836158183 1.0341915817312846 2.54123759643848 23.652094789886817 0.0 29.42436973424261 687.0 1.490538573508007 26.670340323031425 7.762775065504378 33.450137581340485 0.0 7.318188880955937 36.0 28.44444444444444 0.5838169046359056 0.9975105003651454 4.7394594107427555 0.0 29.48142376938234 701.0 1.4607703281027096 
135.0005150327869 1.6778065153377621 1.2425434880005668 4.6261065484396156 0.0 25.755245617973504 104.0 9.846153846153836 3.056263059684581 4.12259513383657 13.834661177334347 0.0 15.970947686880438 51.0 20.078431372549026 1.2979839391618901 0.9368850803281928 3.4836138576524758 0.0 26.190740627189403 129.0 7.937984496124019 1.675442216359454 1.2548563373966182 4.6261065484396156 0.0 26.74578967048673 112.0 9.142857142857132 3.215174161356519 4.115440220494991 13.241912419968985 0.0 16.309553926498698 49.0 20.89795918367347 1.3752469896073733 0.8817785370452813 3.332808309342373 0.0 26.089030626528736 133.0 7.6992481203007515 1.7166429750779726 1.3498634379274839 5.6352774948562505 0.0 27.587715790610442 109.0 9.394495412844037 3.8649473481133176 6.466106547867601 24.628416408678792 0.0 21.257994108536618 46.0 22.260869565217398 1.410342496680556 0.9965322428027106 3.6016230121356916 0.0 26.215785468000025 126.0 8.126984126984144 0.0 0.0 0.0 0.0 0.0 1.0 1024.0 0.0 0.0 0.0 0.0 0.0 37.0 27.675675675675677 0.0 0.0 0.0 0.0 0.0 1.0 1024.0 0.0 0.0 0.0 0.0 0.0 1.0 1024.0 0.0 0.0 0.0 0.0 0.0 37.0 27.675675675675677 0.0 0.0 0.0 0.0 0.0 1.0 1024.0 0.0 0.0 0.0 0.0 0.0 1.0 1024.0 0.0 0.0 0.0 0.0 0.0 37.0 27.675675675675677 0.0 0.0 0.0 0.0 0.0 1.0 1024.0 1.7727788070491481 1.2021225113751994 4.805157531375327 0.0 25.593683810613282 153.0 6.692810457516345 4.58106600659779 4.752829121290701 15.074033345448699 0.0 19.31325074437748 51.0 20.078431372549023 1.3706660639491524 0.9684627175433915 3.4864782878754865 0.0 25.29531176405798 179.0 5.720670391061458 1.7096052044077572 1.2064454876087671 4.805157531375327 0.0 26.171169585822952 162.0 6.320987654320978 4.623389552209654 4.626418050729 15.166946884958433 0.0 19.60975946760939 50.0 20.48 1.3712393841025778 0.9181500259228725 3.355582661291501 0.0 25.767930127642273 195.0 5.251282051282046 1.8308869033256236 1.3670080932768542 5.869339320126588 0.0 26.48236956487375 146.0 7.0136986301369735 6.599812247510329 8.555497930014969 28.568402560419546 0.0 23.60727266036167 44.0 23.272727272727266 1.4685772678168236 1.0158776072768176 3.9592310638267834 0.0 25.16905258271956 175.0 5.851428571428562 1.4821718997126845 3.7743625924153417 41.78745222094094 0.0 29.348448643212514 638.0 1.6050156739811945 24.07319097332853 10.878977035411614 36.9901087825193 0.0 13.537096399266316 42.0 24.380952380952376 0.67316311656262 1.058939836325291 4.365364986724842 0.0 29.23826360004977 667.0 1.535232383808098 1.4169618569110516 3.4117222292526472 32.874741622928155 0.0 29.45164062088824 644.0 1.5900621118012397 26.413959054522664 9.991545507772553 41.631810312897706 0.0 9.48347659176922 38.0 26.947368421052634 0.6580914509313256 1.0264785295261905 3.5217069291965686 0.0 29.384316693613304 680.0 1.505882352941178 1.3946511866458113 3.502690858301952 45.01462284090048 0.0 29.345482224521774 641.0 1.5975039001560107 28.13662262744742 5.58675950686399 35.76295777937128 0.0 7.64368178375316 36.0 28.44444444444444 0.6977944404766012 1.0905571814145025 4.365364986724842 0.0 29.32950224089589 666.0 1.5375375375375404 1.129313757143165 2.767948492328883 23.652094789886817 0.0 29.413658038499978 684.0 1.4970760233918128 27.421530094777072 9.831648393942721 53.64297022869914 0.0 11.059622266921881 41.0 24.975609756097565 0.5891210616489316 0.9930814517694064 3.704693846379042 0.0 29.498874700218323 697.0 1.469153515064563 1.135585781639158 2.8927772083987895 23.652094789886817 0.0 29.40883712010666 689.0 1.4862119013062436 24.978338260222753 9.959891527054445 38.65636486938852 0.0 10.371450920221939 40.0 25.6 0.5844256913779273 0.969641860980298 3.51553738477806 0.0 29.47670389231597 708.0 1.4463276836158183 1.0341915817312846 2.54123759643848 23.652094789886817 0.0 29.42436973424261 687.0 1.490538573508007 26.670340323031425 7.762775065504378 33.450137581340485 0.0 7.318188880955937 36.0 28.44444444444444 0.5838169046359056 0.9975105003651454 4.7394594107427555 0.0 29.48142376938234 701.0 1.4607703281027096 
136.0005150327869 1.6778065153377621 1.2425434880005668 4.6261065484396156 0.0 25.755245617973504 104.0 9.846153846153836 3.056263059684581 4.12259513383657 13.834661177334347 0.0 15.970947686880438 51.0 20.078431372549026 1.3087959133143816 0.9326605794761078 3.4836138576524758 0.0 26.137521949592134 128.0 8.0 1.6755153192973136 1.2548011513147448 4.6261065484396156 0.0 26.748056272682597 112.0 9.142857142857132 3.215174161356519 4.115440220494991 13.241912419968985 0.0 16.309553926498698 49.0 20.89795918367347 1.3752469896073733 0.8817785370452813 3.332808309342373 0.0 26.089030626528736 133.0 7.6992481203007515 1.7166429750779726 1.3498634379274839 5.6352774948562505 0.0 27.587715790610442 109.0 9.394495412844037 3.8649473481133176 6.466106547867601 24.628416408678792 0.0 21.257994108536618 46.0 22.260869565217398 1.410342496680556 0.9965322428027106 3.6016230121356916 0.0 26.215785468000025 126.0 8.126984126984144 0.0 0.0 0.0 0.0 0.0 1.0 1024.0 0.0 0.0 0.0 0.0 0.0 37.0 27.675675675675677 0.0 0.0 0.0 0.0 0.0 1.0 1024.0 0.0 0.0 0.0 0.0 0.0 1.0 1024.0 0.0 0.0 0.0 0.0 0.0 37.0 27.675675675675677 0.0 0.0 0.0 0.0 0.0 1.0 1024.0 0.0 0.0 0.0 0.0 0.0 1.0 1024.0 0.0 0.0 0.0 0.0 0.0 37.0 27.675675675675677 0.0 0.0 0.0 0.0 0.0 1.0 1024.0 1.7727788070491481 1.2021225113751994 4.805157531375327 0.0 25.593683810613282 153.0 6.692810457516345 4.58106600659779 4.752829121290701 15.074033345448699 0.0 19.31325074437748 51.0 20.078431372549023 1.3834532845382594 0.9662471048660553 3.4864782878754865 0.0 25.306913250458557 179.0 5.720670391061458 1.7096052044077572 1.2064454876087671 4.805157531375327 0.0 26.171169585822952 162.0 6.320987654320978 4.623389552209654 4.626418050729 15.166946884958433 0.0 19.60975946760939 50.0 20.48 1.3712393841025778 0.9181500259228725 3.355582661291501 0.0 25.767930127642273 195.0 5.251282051282046 1.8307086636540948 1.367168704266652 5.869339320126588 0.0 26.482681845226175 146.0 7.0136986301369735 6.599812247510329 8.555497930014969 28.568402560419546 0.0 23.60727266036167 44.0 23.272727272727266 1.4685772678168236 1.0158776072768176 3.9592310638267834 0.0 25.16905258271956 175.0 5.851428571428562 1.4821718997126845 3.7743625924153417 41.78745222094094 0.0 29.348448643212514 638.0 1.6050156739811945 24.07319097332853 10.878977035411614 36.9901087825193 0.0 13.537096399266316 42.0 24.380952380952376 0.67316311656262 1.058939836325291 4.365364986724842 0.0 29.23826360004977 667.0 1.535232383808098 1.4169618569110516 3.4117222292526472 32.874741622928155 0.0 29.45164062088824 644.0 1.5900621118012397 26.413959054522664 9.991545507772553 41.631810312897706 0.0 9.48347659176922 38.0 26.947368421052634 0.6580914509313256 1.0264785295261905 3.5217069291965686 0.0 29.384316693613304 680.0 1.505882352941178 1.3946511866458113 3.502690858301952 45.01462284090048 0.0 29.345482224521774 641.0 1.5975039001560107 28.13662262744742 5.58675950686399 35.76295777937128 0.0 7.64368178375316 36.0 28.44444444444444 0.6977944404766012 1.0905571814145025 4.365364986724842 0.0 29.32950224089589 666.0 1.5375375375375404 1.129313757143165 2.767948492328883 23.652094789886817 0.0 29.413658038499978 684.0 1.4970760233918128 27.421530094777072 9.831648393942721 53.64297022869914 0.0 11.059622266921881 41.0 24.975609756097565 0.5891210616489316 0.9930814517694064 3.704693846379042 0.0 29.498874700218323 697.0 1.469153515064563 1.135585781639158 2.8927772083987895 23.652094789886817 0.0 29.40883712010666 689.0 1.4862119013062436 24.978338260222753 9.959891527054445 38.65636486938852 0.0 10.371450920221939 40.0 25.6 0.5844256913779273 0.969641860980298 3.51553738477806 0.0 29.47670389231597 708.0 1.4463276836158183 1.0341915817312846 2.54123759643848 23.652094789886817 0.0 29.42436973424261 687.0 1.490538573508007 26.670340323031425 7.762775065504378 33.450137581340485 0.0 7.318188880955937 36.0 28.44444444444444 0.5838169046359056 0.9975105003651454 4.7394594107427555 0.0 29.48142376938234 701.0 1.4607703281027096 
137.0005150327869 1.6778065153377621 1.2425434880005668 4.6261065484396156 0.0 25.755245617973504 104.0 9.846153846153836 3.056263059684581 4.12259513383657 13.834661177334347 0.0 15.970947686880438 51.0 20.078431372549026 1.319439700992701 0.9289455811777527 3.4836138576524758 0.0 26.077171047166892 127.0 8.062992125984264 1.6763949115347645 1.2541623642617015 4.6261065484396156 0.0 26.749981288194313 112.0 9.142857142857132 3.215174161356519 4.115440220494991 13.241912419968985 0.0 16.309553926498698 49.0 20.89795918367347 1.3752469896073733 0.8817785370452813 3.332808309342373 0.0 26.089030626528736 133.0 7.6992481203007515 1.7009919533936653 1.3536287464802552 5.6352774948562505 0.0 27.64568932412675 110.0 9.309090909090905 3.8649473481133176 6.466106547867601 24.628416408678792 0.0 21.257994108536618 46.0 22.260869565217398 1.410342496680556 0.9965322428027106 3.6016230121356916 0.0 26.215785468000025 126.0 8.126984126984144 0.0 0.0 0.0 0.0 0.0 1.0 1024.0 0.0 0.0 0.0 0.0 0.0 37.0 27.675675675675677 0.0 0.0 0.0 0.0 0.0 1.0 1024.0 0.0 0.0 0.0 0.0 0.0 1.0 1024.0 0.0 0.0 0.0 0.0 0.0 37.0 27.675675675675677 0.0 0.0 0.0 0.0 0.0 1.0 1024.0 0.0 0.0 0.0 0.0 0.0 1.0 1024.0 0.0 0.0 0.0 0.0 0.0 37.0 27.675675675675677 0.0 0.0 0.0 0.0 0.0 1.0 1024.0 1.7726303636857135 1.2022369258745742 4.805157531375327 0.0 25.593932326910064 153.0 6.692810457516345 4.58106600659779 4.752829121290701 15.074033345448699 0.0 19.31325074437748 51.0 20.078431372549023 1.3834532845382594 0.9662471048660553 3.4864782878754865 0.0 25.306913250458557 179.0 5.720670391061458 1.7096052044077572 1.2064454876087671 4.805157531375327 0.0 26.171169585822952 162.0 6.320987654320978 4.623389552209654 4.626418050729 15.166946884958433 0.0 19.60975946760939 50.0 20.48 1.3712393841025778 0.9181500259228725 3.355582661291501 0.0 25.767930127642273 195.0 5.251282051282046 1.8307086636540948 1.367168704266652 5.869339320126588 0.0 26.482681845226175 146.0 7.0136986301369735 6.599812247510329 8.555497930014969 28.568402560419546 0.0 23.60727266036167 44.0 23.272727272727266 1.4685772678168236 1.0158776072768176 3.9592310638267834 0.0 25.16905258271956 175.0 5.851428571428562 1.4821718997126845 3.7743625924153417 41.78745222094094 0.0 29.348448643212514 638.0 1.6050156739811945 24.07319097332853 10.878977035411614 36.9901087825193 0.0 13.537096399266316 42.0 24.380952380952376 0.67316311656262 1.058939836325291 4.365364986724842 0.0 29.23826360004977 667.0 1.535232383808098 1.4169618569110516 3.4117222292526472 32.874741622928155 0.0 29.45164062088824 644.0 1.5900621118012397 26.413959054522664 9.991545507772553 41.631810312897706 0.0 9.48347659176922 38.0 26.947368421052634 0.6580914509313256 1.0264785295261905 3.5217069291965686 0.0 29.384316693613304 680.0 1.505882352941178 1.3946511866458113 3.502690858301952 45.01462284090048 0.0 29.345482224521774 641.0 1.5975039001560107 28.13662262744742 5.58675950686399 35.76295777937128 0.0 7.64368178375316 36.0 28.44444444444444 0.6977944404766012 1.0905571814145025 4.365364986724842 0.0 29.32950224089589 666.0 1.5375375375375404 1.129313757143165 2.767948492328883 23.652094789886817 0.0 29.413658038499978 684.0 1.4970760233918128 27.421530094777072 9.831648393942721 53.64297022869914 0.0 11.059622266921881 41.0 24.975609756097565 0.5891210616489316 0.9930814517694064 3.704693846379042 0.0 29.498874700218323 697.0 1.469153515064563 1.135585781639158 2.8927772083987895 23.652094789886817 0.0 29.40883712010666 689.0 1.4862119013062436 24.978338260222753 9.959891527054445 38.65636486938852 0.0 10.371450920221939 40.0 25.6 0.5844256913779273 0.969641860980298 3.51553738477806 0.0 29.47670389231597 708.0 1.4463276836158183 1.0341915817312846 2.54123759643848 23.652094789886817 0.0 29.42436973424261 687.0 1.490538573508007 26.670340323031425 7.762775065504378 33.450137581340485 0.0 7.318188880955937 36.0 28.44444444444444 0.5838169046359056 0.9975105003651454 4.7394594107427555 0.0 29.48142376938234 701.0 1.4607703281027096 
138.0005150327869 1.6778065153377621 1.2425434880005668 4.6261065484396156 0.0 25.755245617973504 104.0 9.846153846153836 3.056263059684581 4.12259513383657 13.834661177334347 0.0 15.970947686880438 51.0 20.078431372549026 1.319439700992701 0.9289455811777527 3.4836138576524758 0.0 26.077171047166892 127.0 8.062992125984264 1.6903450721196611 1.2503387679579019 4.6261065484396156 0.0 26.69462033375395 111.0 9.225225225225216 3.215174161356519 4.115440220494991 13.241912419968985 0.0 16.309553926498698 49.0 20.89795918367347 1.3752469896073733 0.8817785370452813 3.332808309342373 0.0 26.089030626528736 133.0 7.6992481203007515 1.7009919533936653 1.3536287464802552 5.6352774948562505 0.0 27.64568932412675 110.0 9.309090909090905 3.8649473481133176 6.466106547867601 24.628416408678792 0.0 21.257994108536618 46.0 22.260869565217398 1.410342496680556 0.9965322428027106 3.6016230121356916 0.0 26.215785468000025 126.0 8.126984126984144 0.0 0.0 0.0 0.0 0.0 1.0 1024.0 0.0 0.0 0.0 0.0 0.0 37.0 27.675675675675677 0.0 0.0 0.0 0.0 0.0 1.0 1024.0 0.0 0.0 0.0 0.0 0.0 1.0 1024.0 0.0 0.0 0.0 0.0 0.0 37.0 27.675675675675677 0.0 0.0 0.0 0.0 0.0 1.0 1024.0 0.0 0.0 0.0 0.0 0.0 1.0 1024.0 0.0 0.0 0.0 0.0 0.0 37.0 27.675675675675677 0.0 0.0 0.0 0.0 0.0 1.0 1024.0 1.7607295019881581 1.2071357990469944 4.805157531375327 0.0 25.65852203710161 154.0 6.649350649350648 4.58106600659779 4.752829121290701 15.074033345448699 0.0 19.31325074437748 51.0 20.078431372549023 1.3834532845382594 0.9662471048660553 3.4864782878754865 0.0 25.306913250458557 179.0 5.720670391061458 1.7096052044077572 1.2064454876087671 4.805157531375327 0.0 26.171169585822952 162.0 6.320987654320978 4.623389552209654 4.626418050729 15.166946884958433 0.0 19.60975946760939 50.0 20.48 1.3712393841025778 0.9181500259228725 3.355582661291501 0.0 25.767930127642273 195.0 5.251282051282046 1.8305964867943085 1.367291992497618 5.869339320126588 0.0 26.48341881003712 146.0 7.0136986301369735 6.599812247510329 8.555497930014969 28.568402560419546 0.0 23.60727266036167 44.0 23.272727272727266 1.4685772678168236 1.0158776072768176 3.9592310638267834 0.0 25.16905258271956 175.0 5.851428571428562 1.4821718997126845 3.7743625924153417 41.78745222094094 0.0 29.348448643212514 638.0 1.6050156739811945 24.07319097332853 10.878977035411614 36.9901087825193 0.0 13.537096399266316 42.0 24.380952380952376 0.67316311656262 1.058939836325291 4.365364986724842 0.0 29.23826360004977 667.0 1.535232383808098 1.4169618569110516 3.4117222292526472 32.874741622928155 0.0 29.45164062088824 644.0 1.5900621118012397 26.413959054522664 9.991545507772553 41.631810312897706 0.0 9.48347659176922 38.0 26.947368421052634 0.6580914509313256 1.0264785295261905 3.5217069291965686 0.0 29.384316693613304 680.0 1.505882352941178 1.3946511866458113 3.502690858301952 45.01462284090048 0.0 29.345482224521774 641.0 1.5975039001560107 28.13662262744742 5.58675950686399 35.76295777937128 0.0 7.64368178375316 36.0 28.44444444444444 0.6977944404766012 1.0905571814145025 4.365364986724842 0.0 29.32950224089589 666.0 1.5375375375375404 1.129313757143165 2.767948492328883 23.652094789886817 0.0 29.413658038499978 684.0 1.4970760233918128 27.421530094777072 9.831648393942721 53.64297022869914 0.0 11.059622266921881 41.0 24.975609756097565 0.5891210616489316 0.9930814517694064 3.704693846379042 0.0 29.498874700218323 697.0 1.469153515064563 1.135585781639158 2.8927772083987895 23.652094789886817 0.0 29.40883712010666 689.0 1.4862119013062436 24.978338260222753 9.959891527054445 38.65636486938852 0.0 10.371450920221939 40.0 25.6 0.5844256913779273 0.969641860980298 3.51553738477806 0.0 29.47670389231597 708.0 1.4463276836158183 1.0341915817312846 2.54123759643848 23.652094789886817 0.0 29.42436973424261 687.0 1.490538573508007 26.670340323031425 7.762775065504378 33.450137581340485 0.0 7.318188880955937 36.0 28.44444444444444 0.5838169046359056 0.9975105003651454 4.7394594107427555 0.0 29.48142376938234 701.0 1.4607703281027096 
139.0005150327869 1.6778065153377621 1.2425434880005668 4.6261065484396156 0.0 25.755245617973504 104.0 9.846153846153836 3.056263059684581 4.12259513383657 13.834661177334347 0.0 15.970947686880438 51.0 20.078431372549026 1.3229966618540294 0.9254442568399767 3.4836138576524758 0.0 26.08365583733343 127.0 8.062992125984264 1.6845544419823097 1.2558859676069554 4.6261065484396156 0.0 26.689634039245075 111.0 9.225225225225216 3.215174161356519 4.115440220494991 13.241912419968985 0.0 16.309553926498698 49.0 20.89795918367347 1.3752469896073733 0.8817785370452813 3.332808309342373 0.0 26.089030626528736 133.0 7.6992481203007515 1.700487328500492 1.3542455501866273 5.6352774948562505 0.0 27.646128684500805 110.0 9.309090909090905 3.8649473481133176 6.466106547867601 24.628416408678792 0.0 21.257994108536618 46.0 22.260869565217398 1.410342496680556 0.9965322428027106 3.6016230121356916 0.0 26.215785468000025 126.0 8.126984126984144 0.0 0.0 0.0 0.0 0.0 1.0 1024.0 0.0 0.0 0.0 0.0 0.0 37.0 27.675675675675677 0.0 0.0 0.0 0.0 0.0 1.0 1024.0 0.0 0.0 0.0 0.0 0.0 1.0 1024.0 0.0 0.0 0.0 0.0 0.0 37.0 27.675675675675677 0.0 0.0 0.0 0.0 0.0 1.0 1024.0 0.0 0.0 0.0 0.0 0.0 1.0 1024.0 0.0 0.0 0.0 0.0 0.0 37.0 27.675675675675677 0.0 0.0 0.0 0.0 0.0 1.0 1024.0 1.7492441504820146 1.2115898186222192 4.805157531375327 0.0 25.73497510050702 155.0 6.606451612903225 4.58106600659779 4.752829121290701 15.074033345448699 0.0 19.31325074437748 51.0 20.078431372549023 1.3834532845382594 0.9662471048660553 3.4864782878754865 0.0 25.306913250458557 179.0 5.720670391061458 1.7096052044077572 1.2064454876087671 4.805157531375327 0.0 26.171169585822952 162.0 6.320987654320978 4.623389552209654 4.626418050729 15.166946884958433 0.0 19.60975946760939 50.0 20.48 1.3712393841025778 0.9181500259228725 3.355582661291501 0.0 25.767930127642273 195.0 5.251282051282046 1.8425602509106573 1.364246666936194 5.869339320126588 0.0 26.373681738962027 145.0 7.06206896551723 6.599812247510329 8.555497930014969 28.568402560419546 0.0 23.60727266036167 44.0 23.272727272727266 1.4685772678168236 1.0158776072768176 3.9592310638267834 0.0 25.16905258271956 175.0 5.851428571428562 1.4821718997126845 3.7743625924153417 41.78745222094094 0.0 29.348448643212514 638.0 1.6050156739811945 24.07319097332853 10.878977035411614 36.9901087825193 0.0 13.537096399266316 42.0 24.380952380952376 0.67316311656262 1.058939836325291 4.365364986724842 0.0 29.23826360004977 667.0 1.535232383808098 1.4169618569110516 3.4117222292526472 32.874741622928155 0.0 29.45164062088824 644.0 1.5900621118012397 26.413959054522664 9.991545507772553 41.631810312897706 0.0 9.48347659176922 38.0 26.947368421052634 0.6580914509313256 1.0264785295261905 3.5217069291965686 0.0 29.384316693613304 680.0 1.505882352941178 1.3946511866458113 3.502690858301952 45.01462284090048 0.0 29.345482224521774 641.0 1.5975039001560107 28.13662262744742 5.58675950686399 35.76295777937128 0.0 7.64368178375316 36.0 28.44444444444444 0.6977944404766012 1.0905571814145025 4.365364986724842 0.0 29.32950224089589 666.0 1.5375375375375404 1.129313757143165 2.767948492328883 23.652094789886817 0.0 29.413658038499978 684.0 1.4970760233918128 27.421530094777072 9.831648393942721 53.64297022869914 0.0 11.059622266921881 41.0 24.975609756097565 0.5891210616489316 0.9930814517694064 3.704693846379042 0.0 29.498874700218323 697.0 1.469153515064563 1.135585781639158 2.8927772083987895 23.652094789886817 0.0 29.40883712010666 689.0 1.4862119013062436 24.978338260222753 9.959891527054445 38.65636486938852 0.0 10.371450920221939 40.0 25.6 0.5844256913779273 0.969641860980298 3.51553738477806 0.0 29.47670389231597 708.0 1.4463276836158183 1.0341915817312846 2.54123759643848 23.652094789886817 0.0 29.42436973424261 687.0 1.490538573508007 26.670340323031425 7.762775065504378 33.450137581340485 0.0 7.318188880955937 36.0 28.44444444444444 0.5838169046359056 0.9975105003651454 4.7394594107427555 0.0 29.48142376938234 701.0 1.4607703281027096 
140.0005150327869 1.6778065153377621 1.2425434880005668 4.6261065484396156 0.0 25.755245617973504 104.0 9.846153846153836 3.056263059684581 4.12259513383657 13.834661177334347 0.0 15.970947686880438 51.0 20.078431372549026 1.3202976101140695 0.929128246158044 3.4836138576524758 0.0 26.086766502436703 127.0 8.062992125984264 1.6810698126480805 1.2593518824048102 4.6261065484396156 0.0 26.68589640174594 111.0 9.225225225225216 3.215174161356519 4.115440220494991 13.241912419968985 0.0 16.309553926498698 49.0 20.89795918367347 1.3752469896073733 0.8817785370452813 3.332808309342373 0.0 26.089030626528736 133.0 7.6992481203007515 1.700487328500492 1.3542455501866273 5.6352774948562505 0.0 27.646128684500805 110.0 9.309090909090905 3.8649473481133176 6.466106547867601 24.628416408678792 0.0 21.257994108536618 46.0 22.260869565217398 1.410342496680556 0.9965322428027106 3.6016230121356916 0.0 26.215785468000025 126.0 8.126984126984144 0.0 0.0 0.0 0.0 0.0 1.0 1024.0 0.0 0.0 0.0 0.0 0.0 37.0 27.675675675675677 0.0 0.0 0.0 0.0 0.0 1.0 1024.0 0.0 0.0 0.0 0.0 0.0 1.0 1024.0 0.0 0.0 0.0 0.0 0.0 37.0 27.675675675675677 0.0 0.0 0.0 0.0 0.0 1.0 1024.0 0.0 0.0 0.0 0.0 0.0 1.0 1024.0 0.0 0.0 0.0 0.0 0.0 37.0 27.675675675675677 0.0 0.0 0.0 0.0 0.0 1.0 1024.0 1.7492441504820146 1.2115898186222192 4.805157531375327 0.0 25.73497510050702 155.0 6.606451612903225 4.58106600659779 4.752829121290701 15.074033345448699 0.0 19.31325074437748 51.0 20.078431372549023 1.3834532845382594 0.9662471048660553 3.4864782878754865 0.0 25.306913250458557 179.0 5.720670391061458 1.7096052044077572 1.2064454876087671 4.805157531375327 0.0 26.171169585822952 162.0 6.320987654320978 4.623389552209654 4.626418050729 15.166946884958433 0.0 19.60975946760939 50.0 20.48 1.3712393841025778 0.9181500259228725 3.355582661291501 0.0 25.767930127642273 195.0 5.251282051282046 1.842641130661643 1.3641843163339418 5.869339320126588 0.0 26.374395514988112 145.0 7.06206896551723 6.599812247510329 8.555497930014969 28.568402560419546 0.0 23.60727266036167 44.0 23.272727272727266 1.4685772678168236 1.0158776072768176 3.9592310638267834 0.0 25.16905258271956 175.0 5.851428571428562 1.4821718997126845 3.7743625924153417 41.78745222094094 0.0 29.348448643212514 638.0 1.6050156739811945 24.07319097332853 10.878977035411614 36.9901087825193 0.0 13.537096399266316 42.0 24.380952380952376 0.67316311656262 1.058939836325291 4.365364986724842 0.0 29.23826360004977 667.0 1.535232383808098 1.4169618569110516 3.4117222292526472 32.874741622928155 0.0 29.45164062088824 644.0 1.5900621118012397 26.413959054522664 9.991545507772553 41.631810312897706 0.0 9.48347659176922 38.0 26.947368421052634 0.6580914509313256 1.0264785295261905 3.5217069291965686 0.0 29.384316693613304 680.0 1.505882352941178 1.3946511866458113 3.502690858301952 45.01462284090048 0.0 29.345482224521774 641.0 1.5975039001560107 28.13662262744742 5.58675950686399 35.76295777937128 0.0 7.64368178375316 36.0 28.44444444444444 0.6977944404766012 1.0905571814145025 4.365364986724842 0.0 29.32950224089589 666.0 1.5375375375375404 1.129313757143165 2.767948492328883 23.652094789886817 0.0 29.413658038499978 684.0 1.4970760233918128 27.421530094777072 9.831648393942721 53.64297022869914 0.0 11.059622266921881 41.0 24.975609756097565 0.5891210616489316 0.9930814517694064 3.704693846379042 0.0 29.498874700218323 697.0 1.469153515064563 1.135585781639158 2.8927772083987895 23.652094789886817 0.0 29.40883712010666 689.0 1.4862119013062436 24.978338260222753 9.959891527054445 38.65636486938852 0.0 10.371450920221939 40.0 25.6 0.5844256913779273 0.969641860980298 3.51553738477806 0.0 29.47670389231597 708.0 1.4463276836158183 1.0341915817312846 2.54123759643848 23.652094789886817 0.0 29.42436973424261 687.0 1.490538573508007 26.670340323031425 7.762775065504378 33.450137581340485 0.0 7.318188880955937 36.0 28.44444444444444 0.5838169046359056 0.9975105003651454 4.7394594107427555 0.0 29.48142376938234 701.0 1.4607703281027096 
141.0005150327869 1.6778065153377621 1.2425434880005668 4.6261065484396156 0.0 25.755245617973504 104.0 9.846153846153836 3.056263059684581 4.12259513383657 13.834661177334347 0.0 15.970947686880438 51.0 20.078431372549026 1.3292694886284675 0.9270625138942322 3.4836138576524758 0.0 26.019032564541035 126.0 8.126984126984143 1.6796281499826127 1.2606976314720368 4.6261065484396156 0.0 26.685051225198194 111.0 9.225225225225216 3.215174161356519 4.115440220494991 13.241912419968985 0.0 16.309553926498698 49.0 20.89795918367347 1.3752469896073733 0.8817785370452813 3.332808309342373 0.0 26.089030626528736 133.0 7.6992481203007515 1.700487328500492 1.3542455501866273 5.6352774948562505 0.0 27.646128684500805 110.0 9.309090909090905 3.8649473481133176 6.466106547867601 24.628416408678792 0.0 21.257994108536618 46.0 22.260869565217398 1.410342496680556 0.9965322428027106 3.6016230121356916 0.0 26.215785468000025 126.0 8.126984126984144 0.0 0.0 0.0 0.0 0.0 1.0 1024.0 0.0 0.0 0.0 0.0 0.0 37.0 27.675675675675677 0.0 0.0 0.0 0.0 0.0 1.0 1024.0 0.0 0.0 0.0 0.0 0.0 1.0 1024.0 0.0 0.0 0.0 0.0 0.0 37.0 27.675675675675677 0.0 0.0 0.0 0.0 0.0 1.0 1024.0 0.0 0.0 0.0 0.0 0.0 1.0 1024.0 0.0 0.0 0.0 0.0 0.0 37.0 27.675675675675677 0.0 0.0 0.0 0.0 0.0 1.0 1024.0 1.7492441504820146 1.2115898186222192 4.805157531375327 0.0 25.73497510050702 155.0 6.606451612903225 4.58106600659779 4.752829121290701 15.074033345448699 0.0 19.31325074437748 51.0 20.078431372549023 1.3834532845382594 0.9662471048660553 3.4864782878754865 0.0 25.306913250458557 179.0 5.720670391061458 1.7096052044077572 1.2064454876087671 4.805157531375327 0.0 26.171169585822952 162.0 6.320987654320978 4.623389552209654 4.626418050729 15.166946884958433 0.0 19.60975946760939 50.0 20.48 1.371254506615859 0.9181750377071929 3.355582661291501 0.0 25.767892322187983 195.0 5.251282051282046 1.842641130661643 1.3641843163339418 5.869339320126588 0.0 26.374395514988112 145.0 7.06206896551723 6.599812247510329 8.555497930014969 28.568402560419546 0.0 23.60727266036167 44.0 23.272727272727266 1.4685772678168236 1.0158776072768176 3.9592310638267834 0.0 25.16905258271956 175.0 5.851428571428562 1.4821718997126845 3.7743625924153417 41.78745222094094 0.0 29.348448643212514 638.0 1.6050156739811945 24.07319097332853 10.878977035411614 36.9901087825193 0.0 13.537096399266316 42.0 24.380952380952376 0.67316311656262 1.058939836325291 4.365364986724842 0.0 29.23826360004977 667.0 1.535232383808098 1.4169618569110516 3.4117222292526472 32.874741622928155 0.0 29.45164062088824 644.0 1.5900621118012397 26.413959054522664 9.991545507772553 41.631810312897706 0.0 9.48347659176922 38.0 26.947368421052634 0.6580914509313256 1.0264785295261905 3.5217069291965686 0.0 29.384316693613304 680.0 1.505882352941178 1.3946511866458113 3.502690858301952 45.01462284090048 0.0 29.345482224521774 641.0 1.5975039001560107 28.13662262744742 5.58675950686399 35.76295777937128 0.0 7.64368178375316 36.0 28.44444444444444 0.6977944404766012 1.0905571814145025 4.365364986724842 0.0 29.32950224089589 666.0 1.5375375375375404 1.129313757143165 2.767948492328883 23.652094789886817 0.0 29.413658038499978 684.0 1.4970760233918128 27.421530094777072 9.831648393942721 53.64297022869914 0.0 11.059622266921881 41.0 24.975609756097565 0.5891210616489316 0.9930814517694064 3.704693846379042 0.0 29.498874700218323 697.0 1.469153515064563 1.135585781639158 2.8927772083987895 23.652094789886817 0.0 29.40883712010666 689.0 1.4862119013062436 24.978338260222753 9.959891527054445 38.65636486938852 0.0 10.371450920221939 40.0 25.6 0.5844256913779273 0.969641860980298 3.51553738477806 0.0 29.47670389231597 708.0 1.4463276836158183 1.0341915817312846 2.54123759643848 23.652094789886817 0.0 29.42436973424261 687.0 1.490538573508007 26.670340323031425 7.762775065504378 33.450137581340485 0.0 7.318188880955937 36.0 28.44444444444444 0.5838169046359056 0.9975105003651454 4.7394594107427555 0.0 29.48142376938234 701.0 1.4607703281027096 
142.0005150327869 1.6777994016253444 1.2425547315779852 4.6261065484396156 0.0 25.755548108977028 104.0 9.846153846153836 3.056263059684581 4.12259513383657 13.834661177334347 0.0 15.970947686880438 51.0 20.078431372549026 1.329620580170902 0.9270038359702255 3.4836138576524758 0.0 26.019933407985658 126.0 8.126984126984144 1.6791497050563504 1.2611939061454844 4.6261065484396156 0.0 26.685341035127724 111.0 9.225225225225216 3.215174161356519 4.115440220494991 13.241912419968985 0.0 16.309553926498698 49.0 20.89795918367347 1.3752469896073733 0.8817785370452813 3.332808309342373 0.0 26.089030626528736 133.0 7.6992481203007515 1.700494287886035 1.3542339659852 5.6352774948562505 0.0 27.646181363488616 110.0 9.309090909090905 3.8649473481133176 6.466106547867601 24.628416408678792 0.0 21.257994108536618 46.0 22.260869565217398 1.410342496680556 0.9965322428027106 3.6016230121356916 0.0 26.215785468000025 126.0 8.126984126984144 0.0 0.0 0.0 0.0 0.0 1.0 1024.0 0.0 0.0 0.0 0.0 0.0 37.0 27.675675675675677 0.0 0.0 0.0 0.0 0.0 1.0 1024.0 0.0 0.0 0.0 0.0 0.0 1.0 1024.0 0.0 0.0 0.0 0.0 0.0 37.0 27.675675675675677 0.0 0.0 0.0 0.0 0.0 1.0 1024.0 0.0 0.0 0.0 0.0 0.0 1.0 1024.0 0.0 0.0 0.0 0.0 0.0 37.0 27.675675675675677 0.0 0.0 0.0 0.0 0.0 1.0 1024.0 1.737963170101494 1.2158301507278257 4.805157531375327 0.0 25.804216425528487 156.0 6.564102564102569 4.58106600659779 4.752829121290701 15.074033345448699 0.0 19.31325074437748 51.0 20.078431372549023 1.3834532845382594 0.9662471048660553 3.4864782878754865 0.0 25.306913250458557 179.0 5.720670391061458 1.7096995035034002 1.2064995159423548 4.805157531375327 0.0 26.16815569820185 162.0 6.320987654320978 4.623389552209654 4.626418050729 15.166946884958433 0.0 19.60975946760939 50.0 20.48 1.371254506615859 0.9181750377071929 3.355582661291501 0.0 25.767892322187983 195.0 5.251282051282046 1.842557000636025 1.3642802248916104 5.869339320126588 0.0 26.374974972017966 145.0 7.06206896551723 6.599812247510329 8.555497930014969 28.568402560419546 0.0 23.60727266036167 44.0 23.272727272727266 1.4685772678168236 1.0158776072768176 3.9592310638267834 0.0 25.16905258271956 175.0 5.851428571428562 1.4821718997126845 3.7743625924153417 41.78745222094094 0.0 29.348448643212514 638.0 1.6050156739811945 24.07319097332853 10.878977035411614 36.9901087825193 0.0 13.537096399266316 42.0 24.380952380952376 0.67316311656262 1.058939836325291 4.365364986724842 0.0 29.23826360004977 667.0 1.535232383808098 1.4169618569110516 3.4117222292526472 32.874741622928155 0.0 29.45164062088824 644.0 1.5900621118012397 26.413959054522664 9.991545507772553 41.631810312897706 0.0 9.48347659176922 38.0 26.947368421052634 0.6580914509313256 1.0264785295261905 3.5217069291965686 0.0 29.384316693613304 680.0 1.505882352941178 1.3946511866458113 3.502690858301952 45.01462284090048 0.0 29.345482224521774 641.0 1.5975039001560107 28.13662262744742 5.58675950686399 35.76295777937128 0.0 7.64368178375316 36.0 28.44444444444444 0.6977944404766012 1.0905571814145025 4.365364986724842 0.0 29.32950224089589 666.0 1.5375375375375404 1.129313757143165 2.767948492328883 23.652094789886817 0.0 29.413658038499978 684.0 1.4970760233918128 27.421530094777072 9.831648393942721 53.64297022869914 0.0 11.059622266921881 41.0 24.975609756097565 0.5891210616489316 0.9930814517694064 3.704693846379042 0.0 29.498874700218323 697.0 1.469153515064563 1.135585781639158 2.8927772083987895 23.652094789886817 0.0 29.40883712010666 689.0 1.4862119013062436 24.978338260222753 9.959891527054445 38.65636486938852 0.0 10.371450920221939 40.0 25.6 0.5844256913779273 0.969641860980298 3.51553738477806 0.0 29.47670389231597 708.0 1.4463276836158183 1.0341915817312846 2.54123759643848 23.652094789886817 0.0 29.42436973424261 687.0 1.490538573508007 26.670340323031425 7.762775065504378 33.450137581340485 0.0 7.318188880955937 36.0 28.44444444444444 0.5838169046359056 0.9975105003651454 4.7394594107427555 0.0 29.48142376938234 701.0 1.4607703281027096 
143.0005150327869 1.6777994016253444 1.2425547315779852 4.6261065484396156 0.0 25.755548108977028 104.0 9.846153846153836 3.056263059684581 4.12259513383657 13.834661177334347 0.0 15.970947686880438 51.0 20.078431372549026 1.3409610496914348 0.9226757678430358 3.4836138576524758 0.0 25.95739644443383 125.0 8.191999999999993 1.6791497050563504 1.2611939061454844 4.6261065484396156 0.0 26.685341035127724 111.0 9.225225225225216 3.215174161356519 4.115440220494991 13.241912419968985 0.0 16.309553926498698 49.0 20.89795918367347 1.3752469896073733 0.8817785370452813 3.332808309342373 0.0 26.089030626528736 133.0 7.6992481203007515 1.700494287886035 1.3542339659852 5.6352774948562505 0.0 27.646181363488616 110.0 9.309090909090905 3.8649473481133176 6.466106547867601 24.628416408678792 0.0 21.257994108536618 46.0 22.260869565217398 1.410342496680556 0.9965322428027106 3.6016230121356916 0.0 26.215785468000025 126.0 8.126984126984144 0.0 0.0 0.0 0.0 0.0 1.0 1024.0 0.0 0.0 0.0 0.0 0.0 37.0 27.675675675675677 0.0 0.0 0.0 0.0 0.0 1.0 1024.0 0.0 0.0 0.0 0.0 0.0 1.0 1024.0 0.0 0.0 0.0 0.0 0.0 37.0 27.675675675675677 0.0 0.0 0.0 0.0 0.0 1.0 1024.0 0.0 0.0 0.0 0.0 0.0 1.0 1024.0 0.0 0.0 0.0 0.0 0.0 37.0 27.675675675675677 0.0 0.0 0.0 0.0 0.0 1.0 1024.0 1.7639347390911204 1.2033903184066854 4.805157531375327 0.0 25.668919362724587 154.0 6.649350649350648 4.58106600659779 4.752829121290701 15.074033345448699 0.0 19.31325074437748 51.0 20.078431372549023 1.3834532845382594 0.9662471048660553 3.4864782878754865 0.0 25.306913250458557 179.0 5.720670391061458 1.7096995035034002 1.2064995159423548 4.805157531375327 0.0 26.16815569820185 162.0 6.320987654320978 4.623389552209654 4.626418050729 15.166946884958433 0.0 19.60975946760939 50.0 20.48 1.371254506615859 0.9181750377071929 3.355582661291501 0.0 25.767892322187983 195.0 5.251282051282046 1.842557000636025 1.3642802248916104 5.869339320126588 0.0 26.374974972017966 145.0 7.06206896551723 6.599812247510329 8.555497930014969 28.568402560419546 0.0 23.60727266036167 44.0 23.272727272727266 1.4685772678168236 1.0158776072768176 3.9592310638267834 0.0 25.16905258271956 175.0 5.851428571428562 1.4821718997126845 3.7743625924153417 41.78745222094094 0.0 29.348448643212514 638.0 1.6050156739811945 24.07319097332853 10.878977035411614 36.9901087825193 0.0 13.537096399266316 42.0 24.380952380952376 0.67316311656262 1.058939836325291 4.365364986724842 0.0 29.23826360004977 667.0 1.535232383808098 1.4169618569110516 3.4117222292526472 32.874741622928155 0.0 29.45164062088824 644.0 1.5900621118012397 26.413959054522664 9.991545507772553 41.631810312897706 0.0 9.48347659176922 38.0 26.947368421052634 0.6580914509313256 1.0264785295261905 3.5217069291965686 0.0 29.384316693613304 680.0 1.505882352941178 1.3946511866458113 3.502690858301952 45.01462284090048 0.0 29.345482224521774 641.0 1.5975039001560107 28.13662262744742 5.58675950686399 35.76295777937128 0.0 7.64368178375316 36.0 28.44444444444444 0.6977944404766012 1.0905571814145025 4.365364986724842 0.0 29.32950224089589 666.0 1.5375375375375404 1.129313757143165 2.767948492328883 23.652094789886817 0.0 29.413658038499978 684.0 1.4970760233918128 27.421530094777072 9.831648393942721 53.64297022869914 0.0 11.059622266921881 41.0 24.975609756097565 0.5891210616489316 0.9930814517694064 3.704693846379042 0.0 29.498874700218323 697.0 1.469153515064563 1.135585781639158 2.8927772083987895 23.652094789886817 0.0 29.40883712010666 689.0 1.4862119013062436 24.978338260222753 9.959891527054445 38.65636486938852 0.0 10.371450920221939 40.0 25.6 0.5844256913779273 0.969641860980298 3.51553738477806 0.0 29.47670389231597 708.0 1.4463276836158183 1.0341915817312846 2.54123759643848 23.652094789886817 0.0 29.42436973424261 687.0 1.490538573508007 26.670340323031425 7.762775065504378 33.450137581340485 0.0 7.318188880955937 36.0 28.44444444444444 0.5838169046359056 0.9975105003651454 4.7394594107427555 0.0 29.48142376938234 701.0 1.4607703281027096 
144.0005150327869 1.6777994016253444 1.2425547315779852 4.6261065484396156 0.0 25.755548108977028 104.0 9.846153846153836 3.056263059684581 4.12259513383657 13.834661177334347 0.0 15.970947686880438 51.0 20.078431372549026 1.3414266459022368 0.9224030378801897 3.4836138576524758 0.0 25.95532241559565 125.0 8.191999999999993 1.6791497050563504 1.2611939061454844 4.6261065484396156 0.0 26.685341035127724 111.0 9.225225225225216 3.215174161356519 4.115440220494991 13.241912419968985 0.0 16.309553926498698 49.0 20.89795918367347 1.3752469896073733 0.8817785370452813 3.332808309342373 0.0 26.089030626528736 133.0 7.6992481203007515 1.700494287886035 1.3542339659852 5.6352774948562505 0.0 27.646181363488616 110.0 9.309090909090905 3.8649473481133176 6.466106547867601 24.628416408678792 0.0 21.257994108536618 46.0 22.260869565217398 1.410342496680556 0.9965322428027106 3.6016230121356916 0.0 26.215785468000025 126.0 8.126984126984144 0.0 0.0 0.0 0.0 0.0 1.0 1024.0 0.0 0.0 0.0 0.0 0.0 37.0 27.675675675675677 0.0 0.0 0.0 0.0 0.0 1.0 1024.0 0.0 0.0 0.0 0.0 0.0 1.0 1024.0 0.0 0.0 0.0 0.0 0.0 37.0 27.675675675675677 0.0 0.0 0.0 0.0 0.0 1.0 1024.0 0.0 0.0 0.0 0.0 0.0 1.0 1024.0 0.0 0.0 0.0 0.0 0.0 37.0 27.675675675675677 0.0 0.0 0.0 0.0 0.0 1.0 1024.0 1.7711316057110928 1.203932515437873 4.805157531375327 0.0 25.59016823269685 153.0 6.692810457516345 4.58106600659779 4.752829121290701 15.074033345448699 0.0 19.31325074437748 51.0 20.078431372549023 1.3834532845382594 0.9662471048660553 3.4864782878754865 0.0 25.306913250458557 179.0 5.720670391061458 1.7096995035034002 1.2064995159423548 4.805157531375327 0.0 26.16815569820185 162.0 6.320987654320978 4.623389552209654 4.626418050729 15.166946884958433 0.0 19.60975946760939 50.0 20.48 1.3708931570276455 0.9183456209054087 3.355582661291501 0.0 25.767406256870807 195.0 5.251282051282046 1.8424205315310769 1.364429007265109 5.869339320126588 0.0 26.375495984573305 145.0 7.06206896551723 6.599812247510329 8.555497930014969 28.568402560419546 0.0 23.60727266036167 44.0 23.272727272727266 1.4685772678168236 1.0158776072768176 3.9592310638267834 0.0 25.16905258271956 175.0 5.851428571428562 1.4821718997126845 3.7743625924153417 41.78745222094094 0.0 29.348448643212514 638.0 1.6050156739811945 24.07319097332853 10.878977035411614 36.9901087825193 0.0 13.537096399266316 42.0 24.380952380952376 0.67316311656262 1.058939836325291 4.365364986724842 0.0 29.23826360004977 667.0 1.535232383808098 1.4169618569110516 3.4117222292526472 32.874741622928155 0.0 29.45164062088824 644.0 1.5900621118012397 26.413959054522664 9.991545507772553 41.631810312897706 0.0 9.48347659176922 38.0 26.947368421052634 0.6580914509313256 1.0264785295261905 3.5217069291965686 0.0 29.384316693613304 680.0 1.505882352941178 1.3946511866458113 3.502690858301952 45.01462284090048 0.0 29.345482224521774 641.0 1.5975039001560107 28.13662262744742 5.58675950686399 35.76295777937128 0.0 7.64368178375316 36.0 28.44444444444444 0.6977944404766012 1.0905571814145025 4.365364986724842 0.0 29.32950224089589 666.0 1.5375375375375404 1.129313757143165 2.767948492328883 23.652094789886817 0.0 29.413658038499978 684.0 1.4970760233918128 27.421530094777072 9.831648393942721 53.64297022869914 0.0 11.059622266921881 41.0 24.975609756097565 0.5891210616489316 0.9930814517694064 3.704693846379042 0.0 29.498874700218323 697.0 1.469153515064563 1.135585781639158 2.8927772083987895 23.652094789886817 0.0 29.40883712010666 689.0 1.4862119013062436 24.978338260222753 9.959891527054445 38.65636486938852 0.0 10.371450920221939 40.0 25.6 0.5844256913779273 0.969641860980298 3.51553738477806 0.0 29.47670389231597 708.0 1.4463276836158183 1.0341915817312846 2.54123759643848 23.652094789886817 0.0 29.42436973424261 687.0 1.490538573508007 26.670340323031425 7.762775065504378 33.450137581340485 0.0 7.318188880955937 36.0 28.44444444444444 0.5838169046359056 0.9975105003651454 4.7394594107427555 0.0 29.48142376938234 701.0 1.4607703281027096 
145.0005150327869 1.677721211416565 1.2426514440464058 4.6261065484396156 0.0 25.755859671279218 104.0 9.846153846153836 3.056263059684581 4.12259513383657 13.834661177334347 0.0 15.970947686880438 51.0 20.078431372549026 1.3425455767450294 0.9219974285446695 3.4836138576524758 0.0 25.95216021054412 125.0 8.191999999999993 1.678879348641792 1.2614892785136465 4.6261065484396156 0.0 26.68561518747756 111.0 9.225225225225216 3.215174161356519 4.115440220494991 13.241912419968985 0.0 16.309553926498698 49.0 20.89795918367347 1.3752469896073733 0.8817785370452813 3.332808309342373 0.0 26.089030626528736 133.0 7.6992481203007515 1.684803043172559 1.358016217830104 5.6352774948562505 0.0 27.69018579102345 111.0 9.225225225225216 3.8649473481133176 6.466106547867601 24.628416408678792 0.0 21.257994108536618 46.0 22.260869565217398 1.410342496680556 0.9965322428027106 3.6016230121356916 0.0 26.215785468000025 126.0 8.126984126984144 0.0 0.0 0.0 0.0 0.0 1.0 1024.0 0.0 0.0 0.0 0.0 0.0 37.0 27.675675675675677 0.0 0.0 0.0 0.0 0.0 1.0 1024.0 0.0 0.0 0.0 0.0 0.0 1.0 1024.0 0.0 0.0 0.0 0.0 0.0 37.0 27.675675675675677 0.0 0.0 0.0 0.0 0.0 1.0 1024.0 0.0 0.0 0.0 0.0 0.0 1.0 1024.0 0.0 0.0 0.0 0.0 0.0 37.0 27.675675675675677 0.0 0.0 0.0 0.0 0.0 1.0 1024.0 1.7705311825924337 1.204397449749777 4.805157531375327 0.0 25.59189490536045 153.0 6.692810457516345 4.58106600659779 4.752829121290701 15.074033345448699 0.0 19.31325074437748 51.0 20.078431372549023 1.3834532845382594 0.9662471048660553 3.4864782878754865 0.0 25.306913250458557 179.0 5.720670391061458 1.7096995035034002 1.2064995159423548 4.805157531375327 0.0 26.16815569820185 162.0 6.320987654320978 4.623389552209654 4.626418050729 15.166946884958433 0.0 19.60975946760939 50.0 20.48 1.3708931570276455 0.9183456209054087 3.355582661291501 0.0 25.767406256870807 195.0 5.251282051282046 1.8420655308686458 1.3648189845499363 5.869339320126588 0.0 26.376439646251228 145.0 7.06206896551723 6.599812247510329 8.555497930014969 28.568402560419546 0.0 23.60727266036167 44.0 23.272727272727266 1.4685772678168236 1.0158776072768176 3.9592310638267834 0.0 25.16905258271956 175.0 5.851428571428562 1.4821718997126845 3.7743625924153417 41.78745222094094 0.0 29.348448643212514 638.0 1.6050156739811945 24.07319097332853 10.878977035411614 36.9901087825193 0.0 13.537096399266316 42.0 24.380952380952376 0.67316311656262 1.058939836325291 4.365364986724842 0.0 29.23826360004977 667.0 1.535232383808098 1.4169618569110516 3.4117222292526472 32.874741622928155 0.0 29.45164062088824 644.0 1.5900621118012397 26.413959054522664 9.991545507772553 41.631810312897706 0.0 9.48347659176922 38.0 26.947368421052634 0.6580914509313256 1.0264785295261905 3.5217069291965686 0.0 29.384316693613304 680.0 1.505882352941178 1.3946511866458113 3.502690858301952 45.01462284090048 0.0 29.345482224521774 641.0 1.5975039001560107 28.13662262744742 5.58675950686399 35.76295777937128 0.0 7.64368178375316 36.0 28.44444444444444 0.6977944404766012 1.0905571814145025 4.365364986724842 0.0 29.32950224089589 666.0 1.5375375375375404 1.129313757143165 2.767948492328883 23.652094789886817 0.0 29.413658038499978 684.0 1.4970760233918128 27.421530094777072 9.831648393942721 53.64297022869914 0.0 11.059622266921881 41.0 24.975609756097565 0.5891210616489316 0.9930814517694064 3.704693846379042 0.0 29.498874700218323 697.0 1.469153515064563 1.135585781639158 2.8927772083987895 23.652094789886817 0.0 29.40883712010666 689.0 1.4862119013062436 24.978338260222753 9.959891527054445 38.65636486938852 0.0 10.371450920221939 40.0 25.6 0.5844256913779273 0.969641860980298 3.51553738477806 0.0 29.47670389231597 708.0 1.4463276836158183 1.0341915817312846 2.54123759643848 23.652094789886817 0.0 29.42436973424261 687.0 1.490538573508007 26.670340323031425 7.762775065504378 33.450137581340485 0.0 7.318188880955937 36.0 28.44444444444444 0.5838169046359056 0.9975105003651454 4.7394594107427555 0.0 29.48142376938234 701.0 1.4607703281027096 
146.0005150327869 1.677721211416565 1.2426514440464058 4.6261065484396156 0.0 25.755859671279218 104.0 9.846153846153836 3.056263059684581 4.12259513383657 13.834661177334347 0.0 15.970947686880438 51.0 20.078431372549026 1.2889911805181857 0.9414956327788218 3.4836138576524758 0.0 26.256618436816538 130.0 7.876923076923094 1.678879348641792 1.2614892785136465 4.6261065484396156 0.0 26.68561518747756 111.0 9.225225225225216 3.215174161356519 4.115440220494991 13.241912419968985 0.0 16.309553926498698 49.0 20.89795918367347 1.3752469896073733 0.8817785370452813 3.332808309342373 0.0 26.089030626528736 133.0 7.6992481203007515 1.684803043172559 1.358016217830104 5.6352774948562505 0.0 27.69018579102345 111.0 9.225225225225216 3.8649473481133176 6.466106547867601 24.628416408678792 0.0 21.257994108536618 46.0 22.260869565217398 1.410342496680556 0.9965322428027106 3.6016230121356916 0.0 26.215785468000025 126.0 8.126984126984144 0.0 0.0 0.0 0.0 0.0 1.0 1024.0 0.0 0.0 0.0 0.0 0.0 37.0 27.675675675675677 0.0 0.0 0.0 0.0 0.0 1.0 1024.0 0.0 0.0 0.0 0.0 0.0 1.0 1024.0 0.0 0.0 0.0 0.0 0.0 37.0 27.675675675675677 0.0 0.0 0.0 0.0 0.0 1.0 1024.0 0.0 0.0 0.0 0.0 0.0 1.0 1024.0 0.0 0.0 0.0 0.0 0.0 37.0 27.675675675675677 0.0 0.0 0.0 0.0 0.0 1.0 1024.0 1.7705311825924337 1.204397449749777 4.805157531375327 0.0 25.59189490536045 153.0 6.692810457516345 4.58106600659779 4.752829121290701 15.074033345448699 0.0 19.31325074437748 51.0 20.078431372549023 1.3834532845382594 0.9662471048660553 3.4864782878754865 0.0 25.306913250458557 179.0 5.720670391061458 1.7096995035034002 1.2064995159423548 4.805157531375327 0.0 26.16815569820185 162.0 6.320987654320978 4.623389552209654 4.626418050729 15.166946884958433 0.0 19.60975946760939 50.0 20.48 1.3635476051329902 0.9214815415134814 3.355582661291501 0.0 25.82639648841709 196.0 5.224489795918362 1.8418432288947633 1.365068173668177 5.869339320126588 0.0 26.376875316914695 145.0 7.06206896551723 6.599812247510329 8.555497930014969 28.568402560419546 0.0 23.60727266036167 44.0 23.272727272727266 1.4685772678168236 1.0158776072768176 3.9592310638267834 0.0 25.16905258271956 175.0 5.851428571428562 1.4821718997126845 3.7743625924153417 41.78745222094094 0.0 29.348448643212514 638.0 1.6050156739811945 24.07319097332853 10.878977035411614 36.9901087825193 0.0 13.537096399266316 42.0 24.380952380952376 0.67316311656262 1.058939836325291 4.365364986724842 0.0 29.23826360004977 667.0 1.535232383808098 1.4169618569110516 3.4117222292526472 32.874741622928155 0.0 29.45164062088824 644.0 1.5900621118012397 26.413959054522664 9.991545507772553 41.631810312897706 0.0 9.48347659176922 38.0 26.947368421052634 0.6580914509313256 1.0264785295261905 3.5217069291965686 0.0 29.384316693613304 680.0 1.505882352941178 1.3946511866458113 3.502690858301952 45.01462284090048 0.0 29.345482224521774 641.0 1.5975039001560107 28.13662262744742 5.58675950686399 35.76295777937128 0.0 7.64368178375316 36.0 28.44444444444444 0.6977944404766012 1.0905571814145025 4.365364986724842 0.0 29.32950224089589 666.0 1.5375375375375404 1.129313757143165 2.767948492328883 23.652094789886817 0.0 29.413658038499978 684.0 1.4970760233918128 27.421530094777072 9.831648393942721 53.64297022869914 0.0 11.059622266921881 41.0 24.975609756097565 0.5891210616489316 0.9930814517694064 3.704693846379042 0.0 29.498874700218323 697.0 1.469153515064563 1.135585781639158 2.8927772083987895 23.652094789886817 0.0 29.40883712010666 689.0 1.4862119013062436 24.978338260222753 9.959891527054445 38.65636486938852 0.0 10.371450920221939 40.0 25.6 0.5844256913779273 0.969641860980298 3.51553738477806 0.0 29.47670389231597 708.0 1.4463276836158183 1.0341915817312846 2.54123759643848 23.652094789886817 0.0 29.42436973424261 687.0 1.490538573508007 26.670340323031425 7.762775065504378 33.450137581340485 0.0 7.318188880955937 36.0 28.44444444444444 0.5838169046359056 0.9975105003651454 4.7394594107427555 0.0 29.48142376938234 701.0 1.4607703281027096 
147.0005150327869 1.6777007708637968 1.2426759095896331 4.6261065484396156 0.0 25.756143716925926 104.0 9.846153846153836 3.056263059684581 4.12259513383657 13.834661177334347 0.0 15.970947686880438 51.0 20.078431372549026 1.3268958059696625 0.9272936485127012 3.4836138576524758 0.0 26.003916709708864 126.0 8.126984126984144 1.678879348641792 1.2614892785136465 4.6261065484396156 0.0 26.68561518747756 111.0 9.225225225225216 3.215174161356519 4.115440220494991 13.241912419968985 0.0 16.309553926498698 49.0 20.89795918367347 1.3752469896073733 0.8817785370452813 3.332808309342373 0.0 26.089030626528736 133.0 7.6992481203007515 1.7059612129772312 1.3485388472726694 5.6352774948562505 0.0 27.6415131740414 110.0 9.309090909090905 3.8649473481133176 6.466106547867601 24.628416408678792 0.0 21.257994108536618 46.0 22.260869565217398 1.410342496680556 0.9965322428027106 3.6016230121356916 0.0 26.215785468000025 126.0 8.126984126984144 0.0 0.0 0.0 0.0 0.0 1.0 1024.0 0.0 0.0 0.0 0.0 0.0 37.0 27.675675675675677 0.0 0.0 0.0 0.0 0.0 1.0 1024.0 0.0 0.0 0.0 0.0 0.0 1.0 1024.0 0.0 0.0 0.0 0.0 0.0 37.0 27.675675675675677 0.0 0.0 0.0 0.0 0.0 1.0 1024.0 0.0 0.0 0.0 0.0 0.0 1.0 1024.0 0.0 0.0 0.0 0.0 0.0 37.0 27.675675675675677 0.0 0.0 0.0 0.0 0.0 1.0 1024.0 1.7705311825924337 1.204397449749777 4.805157531375327 0.0 25.59189490536045 153.0 6.692810457516345 4.58106600659779 4.752829121290701 15.074033345448699 0.0 19.31325074437748 51.0 20.078431372549023 1.3834532845382594 0.9662471048660553 3.4864782878754865 0.0 25.306913250458557 179.0 5.720670391061458 1.7096995035034002 1.2064995159423548 4.805157531375327 0.0 26.16815569820185 162.0 6.320987654320978 4.623389552209654 4.626418050729 15.166946884958433 0.0 19.60975946760939 50.0 20.48 1.3635476051329902 0.9214815415134814 3.355582661291501 0.0 25.82639648841709 196.0 5.224489795918362 1.8418432288947633 1.365068173668177 5.869339320126588 0.0 26.376875316914695 145.0 7.06206896551723 6.599812247510329 8.555497930014969 28.568402560419546 0.0 23.60727266036167 44.0 23.272727272727266 1.4685772678168236 1.0158776072768176 3.9592310638267834 0.0 25.16905258271956 175.0 5.851428571428562 1.4821718997126845 3.7743625924153417 41.78745222094094 0.0 29.348448643212514 638.0 1.6050156739811945 24.07319097332853 10.878977035411614 36.9901087825193 0.0 13.537096399266316 42.0 24.380952380952376 0.67316311656262 1.058939836325291 4.365364986724842 0.0 29.23826360004977 667.0 1.535232383808098 1.4169618569110516 3.4117222292526472 32.874741622928155 0.0 29.45164062088824 644.0 1.5900621118012397 26.413959054522664 9.991545507772553 41.631810312897706 0.0 9.48347659176922 38.0 26.947368421052634 0.6580914509313256 1.0264785295261905 3.5217069291965686 0.0 29.384316693613304 680.0 1.505882352941178 1.3946511866458113 3.502690858301952 45.01462284090048 0.0 29.345482224521774 641.0 1.5975039001560107 28.13662262744742 5.58675950686399 35.76295777937128 0.0 7.64368178375316 36.0 28.44444444444444 0.6977944404766012 1.0905571814145025 4.365364986724842 0.0 29.32950224089589 666.0 1.5375375375375404 1.129313757143165 2.767948492328883 23.652094789886817 0.0 29.413658038499978 684.0 1.4970760233918128 27.421530094777072 9.831648393942721 53.64297022869914 0.0 11.059622266921881 41.0 24.975609756097565 0.5891210616489316 0.9930814517694064 3.704693846379042 0.0 29.498874700218323 697.0 1.469153515064563 1.135585781639158 2.8927772083987895 23.652094789886817 0.0 29.40883712010666 689.0 1.4862119013062436 24.978338260222753 9.959891527054445 38.65636486938852 0.0 10.371450920221939 40.0 25.6 0.5844256913779273 0.969641860980298 3.51553738477806 0.0 29.47670389231597 708.0 1.4463276836158183 1.0341915817312846 2.54123759643848 23.652094789886817 0.0 29.42436973424261 687.0 1.490538573508007 26.670340323031425 7.762775065504378 33.450137581340485 0.0 7.318188880955937 36.0 28.44444444444444 0.5838169046359056 0.9975105003651454 4.7394594107427555 0.0 29.48142376938234 701.0 1.4607703281027096 
148.0005150327869 1.6777007708637968 1.2426759095896331 4.6261065484396156 0.0 25.756143716925926 104.0 9.846153846153836 3.056263059684581 4.12259513383657 13.834661177334347 0.0 15.970947686880438 51.0 20.078431372549026 1.3246991553798906 0.9281394053322238 3.4836138576524758 0.0 26.000875782667034 126.0 8.126984126984144 1.678879348641792 1.2614892785136465 4.6261065484396156 0.0 26.68561518747756 111.0 9.225225225225216 3.215174161356519 4.115440220494991 13.241912419968985 0.0 16.309553926498698 49.0 20.89795918367347 1.3649688181659432 0.886477906742283 3.332808309342373 0.0 26.1247659859448 134.0 7.641791044776109 1.7059612129772312 1.3485388472726694 5.6352774948562505 0.0 27.6415131740414 110.0 9.309090909090905 3.8649473481133176 6.466106547867601 24.628416408678792 0.0 21.257994108536618 46.0 22.260869565217398 1.410342496680556 0.9965322428027106 3.6016230121356916 0.0 26.215785468000025 126.0 8.126984126984144 0.0 0.0 0.0 0.0 0.0 1.0 1024.0 0.0 0.0 0.0 0.0 0.0 37.0 27.675675675675677 0.0 0.0 0.0 0.0 0.0 1.0 1024.0 0.0 0.0 0.0 0.0 0.0 1.0 1024.0 0.0 0.0 0.0 0.0 0.0 37.0 27.675675675675677 0.0 0.0 0.0 0.0 0.0 1.0 1024.0 0.0 0.0 0.0 0.0 0.0 1.0 1024.0 0.0 0.0 0.0 0.0 0.0 37.0 27.675675675675677 0.0 0.0 0.0 0.0 0.0 1.0 1024.0 1.7705311825924337 1.204397449749777 4.805157531375327 0.0 25.59189490536045 153.0 6.692810457516345 4.58106600659779 4.752829121290701 15.074033345448699 0.0 19.31325074437748 51.0 20.078431372549023 1.3834532845382594 0.9662471048660553 3.4864782878754865 0.0 25.306913250458557 179.0 5.720670391061458 1.7096995035034002 1.2064995159423548 4.805157531375327 0.0 26.16815569820185 162.0 6.320987654320978 4.623389552209654 4.626418050729 15.166946884958433 0.0 19.60975946760939 50.0 20.48 1.3635476051329902 0.9214815415134814 3.355582661291501 0.0 25.82639648841709 196.0 5.224489795918362 1.8418432288947633 1.365068173668177 5.869339320126588 0.0 26.376875316914695 145.0 7.06206896551723 6.599812247510329 8.555497930014969 28.568402560419546 0.0 23.60727266036167 44.0 23.272727272727266 1.4685772678168236 1.0158776072768176 3.9592310638267834 0.0 25.16905258271956 175.0 5.851428571428562 1.4821718997126845 3.7743625924153417 41.78745222094094 0.0 29.348448643212514 638.0 1.6050156739811945 24.07319097332853 10.878977035411614 36.9901087825193 0.0 13.537096399266316 42.0 24.380952380952376 0.67316311656262 1.058939836325291 4.365364986724842 0.0 29.23826360004977 667.0 1.535232383808098 1.4169618569110516 3.4117222292526472 32.874741622928155 0.0 29.45164062088824 644.0 1.5900621118012397 26.413959054522664 9.991545507772553 41.631810312897706 0.0 9.48347659176922 38.0 26.947368421052634 0.6580914509313256 1.0264785295261905 3.5217069291965686 0.0 29.384316693613304 680.0 1.505882352941178 1.3946511866458113 3.502690858301952 45.01462284090048 0.0 29.345482224521774 641.0 1.5975039001560107 28.13662262744742 5.58675950686399 35.76295777937128 0.0 7.64368178375316 36.0 28.44444444444444 0.6977944404766012 1.0905571814145025 4.365364986724842 0.0 29.32950224089589 666.0 1.5375375375375404 1.129313757143165 2.767948492328883 23.652094789886817 0.0 29.413658038499978 684.0 1.4970760233918128 27.421530094777072 9.831648393942721 53.64297022869914 0.0 11.059622266921881 41.0 24.975609756097565 0.5891210616489316 0.9930814517694064 3.704693846379042 0.0 29.498874700218323 697.0 1.469153515064563 1.135585781639158 2.8927772083987895 23.652094789886817 0.0 29.40883712010666 689.0 1.4862119013062436 24.978338260222753 9.959891527054445 38.65636486938852 0.0 10.371450920221939 40.0 25.6 0.5844256913779273 0.969641860980298 3.51553738477806 0.0 29.47670389231597 708.0 1.4463276836158183 1.0341915817312846 2.54123759643848 23.652094789886817 0.0 29.42436973424261 687.0 1.490538573508007 26.670340323031425 7.762775065504378 33.450137581340485 0.0 7.318188880955937 36.0 28.44444444444444 0.5838169046359056 0.9975105003651454 4.7394594107427555 0.0 29.48142376938234 701.0 1.4607703281027096 
149.0005150327869 1.6777007708637968 1.2426759095896331 4.6261065484396156 0.0 25.756143716925926 104.0 9.846153846153836 3.056263059684581 4.12259513383657 13.834661177334347 0.0 15.970947686880438 51.0 20.078431372549026 1.3246991553798906 0.9281394053322238 3.4836138576524758 0.0 26.000875782667034 126.0 8.126984126984144 1.678879348641792 1.2614892785136465 4.6261065484396156 0.0 26.68561518747756 111.0 9.225225225225216 3.215174161356519 4.115440220494991 13.241912419968985 0.0 16.309553926498698 49.0 20.89795918367347 1.3688638063737666 0.8839194774804676 3.332808309342373 0.0 26.1488142799658 134.0 7.641791044776109 1.6905811895418332 1.3521354538022432 5.6352774948562505 0.0 27.698046411186137 111.0 9.225225225225216 3.8649473481133176 6.466106547867601 24.628416408678792 0.0 21.257994108536618 46.0 22.260869565217398 1.410342496680556 0.9965322428027106 3.6016230121356916 0.0 26.215785468000025 126.0 8.126984126984144 0.0 0.0 0.0 0.0 0.0 1.0 1024.0 0.0 0.0 0.0 0.0 0.0 37.0 27.675675675675677 0.0 0.0 0.0 0.0 0.0 1.0 1024.0 0.0 0.0 0.0 0.0 0.0 1.0 1024.0 0.0 0.0 0.0 0.0 0.0 37.0 27.675675675675677 0.0 0.0 0.0 0.0 0.0 1.0 1024.0 0.0 0.0 0.0 0.0 0.0 1.0 1024.0 0.0 0.0 0.0 0.0 0.0 37.0 27.675675675675677 0.0 0.0 0.0 0.0 0.0 1.0 1024.0 1.7700685808992453 1.2048830067374983 4.805157531375327 0.0 25.592281443022564 153.0 6.692810457516345 4.58106600659779 4.752829121290701 15.074033345448699 0.0 19.31325074437748 51.0 20.078431372549023 1.3834532845382594 0.9662471048660553 3.4864782878754865 0.0 25.306913250458557 179.0 5.720670391061458 1.7096995035034002 1.2064995159423548 4.805157531375327 0.0 26.16815569820185 162.0 6.320987654320978 4.623389552209654 4.626418050729 15.166946884958433 0.0 19.60975946760939 50.0 20.48 1.3635476051329902 0.9214815415134814 3.355582661291501 0.0 25.82639648841709 196.0 5.224489795918362 1.8418432288947633 1.365068173668177 5.869339320126588 0.0 26.376875316914695 145.0 7.06206896551723 6.599812247510329 8.555497930014969 28.568402560419546 0.0 23.60727266036167 44.0 23.272727272727266 1.4685772678168236 1.0158776072768176 3.9592310638267834 0.0 25.16905258271956 175.0 5.851428571428562 1.4821718997126845 3.7743625924153417 41.78745222094094 0.0 29.348448643212514 638.0 1.6050156739811945 24.07319097332853 10.878977035411614 36.9901087825193 0.0 13.537096399266316 42.0 24.380952380952376 0.67316311656262 1.058939836325291 4.365364986724842 0.0 29.23826360004977 667.0 1.535232383808098 1.4169618569110516 3.4117222292526472 32.874741622928155 0.0 29.45164062088824 644.0 1.5900621118012397 26.413959054522664 9.991545507772553 41.631810312897706 0.0 9.48347659176922 38.0 26.947368421052634 0.6580914509313256 1.0264785295261905 3.5217069291965686 0.0 29.384316693613304 680.0 1.505882352941178 1.3946511866458113 3.502690858301952 45.01462284090048 0.0 29.345482224521774 641.0 1.5975039001560107 28.13662262744742 5.58675950686399 35.76295777937128 0.0 7.64368178375316 36.0 28.44444444444444 0.6977944404766012 1.0905571814145025 4.365364986724842 0.0 29.32950224089589 666.0 1.5375375375375404 1.129313757143165 2.767948492328883 23.652094789886817 0.0 29.413658038499978 684.0 1.4970760233918128 27.421530094777072 9.831648393942721 53.64297022869914 0.0 11.059622266921881 41.0 24.975609756097565 0.5891210616489316 0.9930814517694064 3.704693846379042 0.0 29.498874700218323 697.0 1.469153515064563 1.135585781639158 2.8927772083987895 23.652094789886817 0.0 29.40883712010666 689.0 1.4862119013062436 24.978338260222753 9.959891527054445 38.65636486938852 0.0 10.371450920221939 40.0 25.6 0.5844256913779273 0.969641860980298 3.51553738477806 0.0 29.47670389231597 708.0 1.4463276836158183 1.0341915817312846 2.54123759643848 23.652094789886817 0.0 29.42436973424261 687.0 1.490538573508007 26.670340323031425 7.762775065504378 33.450137581340485 0.0 7.318188880955937 36.0 28.44444444444444 0.5838169046359056 0.9975105003651454 4.7394594107427555 0.0 29.48142376938234 701.0 1.4607703281027096 
150.0005150327869 1.6777007708637968 1.2426759095896331 4.6261065484396156 0.0 25.756143716925926 104.0 9.846153846153836 3.056263059684581 4.12259513383657 13.834661177334347 0.0 15.970947686880438 51.0 20.078431372549026 1.3246991553798906 0.9281394053322238 3.4836138576524758 0.0 26.000875782667034 126.0 8.126984126984144 1.6789986220725823 1.2614083977641193 4.6261065484396156 0.0 26.68588972943661 111.0 9.225225225225216 3.215174161356519 4.115440220494991 13.241912419968985 0.0 16.309553926498698 49.0 20.89795918367347 1.3804963980578757 0.8787960854738064 3.332808309342373 0.0 26.110972488620902 133.0 7.6992481203007515 1.7007173942016525 1.3443453276954902 5.6352774948562505 0.0 27.690757202063935 111.0 9.225225225225216 3.8649473481133176 6.466106547867601 24.628416408678792 0.0 21.257994108536618 46.0 22.260869565217398 1.410342496680556 0.9965322428027106 3.6016230121356916 0.0 26.215785468000025 126.0 8.126984126984144 0.0 0.0 0.0 0.0 0.0 1.0 1024.0 0.0 0.0 0.0 0.0 0.0 37.0 27.675675675675677 0.0 0.0 0.0 0.0 0.0 1.0 1024.0 0.0 0.0 0.0 0.0 0.0 1.0 1024.0 0.0 0.0 0.0 0.0 0.0 37.0 27.675675675675677 0.0 0.0 0.0 0.0 0.0 1.0 1024.0 0.0 0.0 0.0 0.0 0.0 1.0 1024.0 0.0 0.0 0.0 0.0 0.0 37.0 27.675675675675677 0.0 0.0 0.0 0.0 0.0 1.0 1024.0 1.7700685808992453 1.2048830067374983 4.805157531375327 0.0 25.592281443022564 153.0 6.692810457516345 4.58106600659779 4.752829121290701 15.074033345448699 0.0 19.31325074437748 51.0 20.078431372549023 1.3834532845382594 0.9662471048660553 3.4864782878754865 0.0 25.306913250458557 179.0 5.720670391061458 1.7096995035034002 1.2064995159423548 4.805157531375327 0.0 26.16815569820185 162.0 6.320987654320978 4.623389552209654 4.626418050729 15.166946884958433 0.0 19.60975946760939 50.0 20.48 1.3635476051329902 0.9214815415134814 3.355582661291501 0.0 25.82639648841709 196.0 5.224489795918362 1.8418432288947633 1.365068173668177 5.869339320126588 0.0 26.376875316914695 145.0 7.06206896551723 6.599812247510329 8.555497930014969 28.568402560419546 0.0 23.60727266036167 44.0 23.272727272727266 1.4685772678168236 1.0158776072768176 3.9592310638267834 0.0 25.16905258271956 175.0 5.851428571428562 1.4821718997126845 3.7743625924153417 41.78745222094094 0.0 29.348448643212514 638.0 1.6050156739811945 24.07319097332853 10.878977035411614 36.9901087825193 0.0 13.537096399266316 42.0 24.380952380952376 0.67316311656262 1.058939836325291 4.365364986724842 0.0 29.23826360004977 667.0 1.535232383808098 1.4169618569110516 3.4117222292526472 32.874741622928155 0.0 29.45164062088824 644.0 1.5900621118012397 26.413959054522664 9.991545507772553 41.631810312897706 0.0 9.48347659176922 38.0 26.947368421052634 0.6580914509313256 1.0264785295261905 3.5217069291965686 0.0 29.384316693613304 680.0 1.505882352941178 1.3946511866458113 3.502690858301952 45.01462284090048 0.0 29.345482224521774 641.0 1.5975039001560107 28.13662262744742 5.58675950686399 35.76295777937128 0.0 7.64368178375316 36.0 28.44444444444444 0.6977944404766012 1.0905571814145025 4.365364986724842 0.0 29.32950224089589 666.0 1.5375375375375404 1.129313757143165 2.767948492328883 23.652094789886817 0.0 29.413658038499978 684.0 1.4970760233918128 27.421530094777072 9.831648393942721 53.64297022869914 0.0 11.059622266921881 41.0 24.975609756097565 0.5891210616489316 0.9930814517694064 3.704693846379042 0.0 29.498874700218323 697.0 1.469153515064563 1.135585781639158 2.8927772083987895 23.652094789886817 0.0 29.40883712010666 689.0 1.4862119013062436 24.978338260222753 9.959891527054445 38.65636486938852 0.0 10.371450920221939 40.0 25.6 0.5844256913779273 0.969641860980298 3.51553738477806 0.0 29.47670389231597 708.0 1.4463276836158183 1.0341915817312846 2.54123759643848 23.652094789886817 0.0 29.42436973424261 687.0 1.490538573508007 26.670340323031425 7.762775065504378 33.450137581340485 0.0 7.318188880955937 36.0 28.44444444444444 0.5838169046359056 0.9975105003651454 4.7394594107427555 0.0 29.48142376938234 701.0 1.4607703281027096 
151.0005150327869 1.6777007708637968 1.2426759095896331 4.6261065484396156 0.0 25.756143716925926 104.0 9.846153846153836 3.056263059684581 4.12259513383657 13.834661177334347 0.0 15.970947686880438 51.0 20.078431372549026 1.3246991553798906 0.9281394053322238 3.4836138576524758 0.0 26.000875782667034 126.0 8.126984126984144 1.679104875476018 1.2613359486685567 4.6261065484396156 0.0 26.68615674257413 111.0 9.225225225225216 3.215174161356519 4.115440220494991 13.241912419968985 0.0 16.309553926498698 49.0 20.89795918367347 1.3908781844308542 0.8738109125704658 3.332808309342373 0.0 26.04511531680806 132.0 7.757575757575764 1.707230806023782 1.3475514421217327 5.6352774948562505 0.0 27.646269650286 110.0 9.309090909090905 3.8649473481133176 6.466106547867601 24.628416408678792 0.0 21.257994108536618 46.0 22.260869565217398 1.410342496680556 0.9965322428027106 3.6016230121356916 0.0 26.215785468000025 126.0 8.126984126984144 0.0 0.0 0.0 0.0 0.0 1.0 1024.0 0.0 0.0 0.0 0.0 0.0 37.0 27.675675675675677 0.0 0.0 0.0 0.0 0.0 1.0 1024.0 0.0 0.0 0.0 0.0 0.0 1.0 1024.0 0.0 0.0 0.0 0.0 0.0 37.0 27.675675675675677 0.0 0.0 0.0 0.0 0.0 1.0 1024.0 0.0 0.0 0.0 0.0 0.0 1.0 1024.0 0.0 0.0 0.0 0.0 0.0 37.0 27.675675675675677 0.0 0.0 0.0 0.0 0.0 1.0 1024.0 1.7700685808992453 1.2048830067374983 4.805157531375327 0.0 25.592281443022564 153.0 6.692810457516345 4.58106600659779 4.752829121290701 15.074033345448699 0.0 19.31325074437748 51.0 20.078431372549023 1.3834532845382594 0.9662471048660553 3.4864782878754865 0.0 25.306913250458557 179.0 5.720670391061458 1.7096995035034002 1.2064995159423548 4.805157531375327 0.0 26.16815569820185 162.0 6.320987654320978 4.623389552209654 4.626418050729 15.166946884958433 0.0 19.60975946760939 50.0 20.48 1.3635476051329902 0.9214815415134814 3.355582661291501 0.0 25.82639648841709 196.0 5.224489795918362 1.8416629130543483 1.3652785298102081 5.869339320126588 0.0 26.37732314425725 145.0 7.06206896551723 6.599812247510329 8.555497930014969 28.568402560419546 0.0 23.60727266036167 44.0 23.272727272727266 1.4685772678168236 1.0158776072768176 3.9592310638267834 0.0 25.16905258271956 175.0 5.851428571428562 1.4821718997126845 3.7743625924153417 41.78745222094094 0.0 29.348448643212514 638.0 1.6050156739811945 24.07319097332853 10.878977035411614 36.9901087825193 0.0 13.537096399266316 42.0 24.380952380952376 0.67316311656262 1.058939836325291 4.365364986724842 0.0 29.23826360004977 667.0 1.535232383808098 1.4169618569110516 3.4117222292526472 32.874741622928155 0.0 29.45164062088824 644.0 1.5900621118012397 26.413959054522664 9.991545507772553 41.631810312897706 0.0 9.48347659176922 38.0 26.947368421052634 0.6580914509313256 1.0264785295261905 3.5217069291965686 0.0 29.384316693613304 680.0 1.505882352941178 1.3946511866458113 3.502690858301952 45.01462284090048 0.0 29.345482224521774 641.0 1.5975039001560107 28.13662262744742 5.58675950686399 35.76295777937128 0.0 7.64368178375316 36.0 28.44444444444444 0.6977944404766012 1.0905571814145025 4.365364986724842 0.0 29.32950224089589 666.0 1.5375375375375404 1.129313757143165 2.767948492328883 23.652094789886817 0.0 29.413658038499978 684.0 1.4970760233918128 27.421530094777072 9.831648393942721 53.64297022869914 0.0 11.059622266921881 41.0 24.975609756097565 0.5891210616489316 0.9930814517694064 3.704693846379042 0.0 29.498874700218323 697.0 1.469153515064563 1.135585781639158 2.8927772083987895 23.652094789886817 0.0 29.40883712010666 689.0 1.4862119013062436 24.978338260222753 9.959891527054445 38.65636486938852 0.0 10.371450920221939 40.0 25.6 0.5844256913779273 0.969641860980298 3.51553738477806 0.0 29.47670389231597 708.0 1.4463276836158183 1.0341915817312846 2.54123759643848 23.652094789886817 0.0 29.42436973424261 687.0 1.490538573508007 26.670340323031425 7.762775065504378 33.450137581340485 0.0 7.318188880955937 36.0 28.44444444444444 0.5838169046359056 0.9975105003651454 4.7394594107427555 0.0 29.48142376938234 701.0 1.4607703281027096 
152.0005150327869 1.6777007708637968 1.2426759095896331 4.6261065484396156 0.0 25.756143716925926 104.0 9.846153846153836 3.056263059684581 4.12259513383657 13.834661177334347 0.0 15.970947686880438 51.0 20.078431372549026 1.3246991553798906 0.9281394053322238 3.4836138576524758 0.0 26.000875782667034 126.0 8.126984126984144 1.679104875476018 1.2613359486685567 4.6261065484396156 0.0 26.68615674257413 111.0 9.225225225225216 3.215174161356519 4.115440220494991 13.241912419968985 0.0 16.309553926498698 49.0 20.89795918367347 1.3908781844308542 0.8738109125704658 3.332808309342373 0.0 26.04511531680806 132.0 7.757575757575764 1.707230806023782 1.3475514421217327 5.6352774948562505 0.0 27.646269650286 110.0 9.309090909090905 3.8649473481133176 6.466106547867601 24.628416408678792 0.0 21.257994108536618 46.0 22.260869565217398 1.410342496680556 0.9965322428027106 3.6016230121356916 0.0 26.215785468000025 126.0 8.126984126984144 0.0 0.0 0.0 0.0 0.0 1.0 1024.0 0.0 0.0 0.0 0.0 0.0 37.0 27.675675675675677 0.0 0.0 0.0 0.0 0.0 1.0 1024.0 0.0 0.0 0.0 0.0 0.0 1.0 1024.0 0.0 0.0 0.0 0.0 0.0 37.0 27.675675675675677 0.0 0.0 0.0 0.0 0.0 1.0 1024.0 0.0 0.0 0.0 0.0 0.0 1.0 1024.0 0.0 0.0 0.0 0.0 0.0 37.0 27.675675675675677 0.0 0.0 0.0 0.0 0.0 1.0 1024.0 1.7704220478613335 1.2047825805130634 4.805157531375327 0.0 25.592005096104035 153.0 6.692810457516345 4.58106600659779 4.752829121290701 15.074033345448699 0.0 19.31325074437748 51.0 20.078431372549023 1.3834532845382594 0.9662471048660553 3.4864782878754865 0.0 25.306913250458557 179.0 5.720670391061458 1.7096995035034002 1.2064995159423548 4.805157531375327 0.0 26.16815569820185 162.0 6.320987654320978 4.623389552209654 4.626418050729 15.166946884958433 0.0 19.60975946760939 50.0 20.48 1.3635476051329902 0.9214815415134814 3.355582661291501 0.0 25.82639648841709 196.0 5.224489795918362 1.8416629130543483 1.3652785298102081 5.869339320126588 0.0 26.37732314425725 145.0 7.06206896551723 6.599812247510329 8.555497930014969 28.568402560419546 0.0 23.60727266036167 44.0 23.272727272727266 1.4685772678168236 1.0158776072768176 3.9592310638267834 0.0 25.16905258271956 175.0 5.851428571428562 1.4821718997126845 3.7743625924153417 41.78745222094094 0.0 29.348448643212514 638.0 1.6050156739811945 24.07319097332853 10.878977035411614 36.9901087825193 0.0 13.537096399266316 42.0 24.380952380952376 0.67316311656262 1.058939836325291 4.365364986724842 0.0 29.23826360004977 667.0 1.535232383808098 1.4169618569110516 3.4117222292526472 32.874741622928155 0.0 29.45164062088824 644.0 1.5900621118012397 26.413959054522664 9.991545507772553 41.631810312897706 0.0 9.48347659176922 38.0 26.947368421052634 0.6580914509313256 1.0264785295261905 3.5217069291965686 0.0 29.384316693613304 680.0 1.505882352941178 1.3946511866458113 3.502690858301952 45.01462284090048 0.0 29.345482224521774 641.0 1.5975039001560107 28.13662262744742 5.58675950686399 35.76295777937128 0.0 7.64368178375316 36.0 28.44444444444444 0.6977944404766012 1.0905571814145025 4.365364986724842 0.0 29.32950224089589 666.0 1.5375375375375404 1.129313757143165 2.767948492328883 23.652094789886817 0.0 29.413658038499978 684.0 1.4970760233918128 27.421530094777072 9.831648393942721 53.64297022869914 0.0 11.059622266921881 41.0 24.975609756097565 0.5891210616489316 0.9930814517694064 3.704693846379042 0.0 29.498874700218323 697.0 1.469153515064563 1.135585781639158 2.8927772083987895 23.652094789886817 0.0 29.40883712010666 689.0 1.4862119013062436 24.978338260222753 9.959891527054445 38.65636486938852 0.0 10.371450920221939 40.0 25.6 0.5844256913779273 0.969641860980298 3.51553738477806 0.0 29.47670389231597 708.0 1.4463276836158183 1.0341915817312846 2.54123759643848 23.652094789886817 0.0 29.42436973424261 687.0 1.490538573508007 26.670340323031425 7.762775065504378 33.450137581340485 0.0 7.318188880955937 36.0 28.44444444444444 0.5838169046359056 0.9975105003651454 4.7394594107427555 0.0 29.48142376938234 701.0 1.4607703281027096 
153.0005150327869 1.6783152181138532 1.2418538586817198 4.6261065484396156 0.0 25.756729246327268 104.0 9.846153846153836 3.056263059684581 4.12259513383657 13.834661177334347 0.0 15.970947686880438 51.0 20.078431372549026 1.3246991553798906 0.9281394053322238 3.4836138576524758 0.0 26.000875782667034 126.0 8.126984126984144 1.679104875476018 1.2613359486685567 4.6261065484396156 0.0 26.68615674257413 111.0 9.225225225225216 3.215174161356519 4.115440220494991 13.241912419968985 0.0 16.309553926498698 49.0 20.89795918367347 1.3908781844308542 0.8738109125704658 3.332808309342373 0.0 26.04511531680806 132.0 7.757575757575764 1.707230806023782 1.3475514421217327 5.6352774948562505 0.0 27.646269650286 110.0 9.309090909090905 3.8649473481133176 6.466106547867601 24.628416408678792 0.0 21.257994108536618 46.0 22.260869565217398 1.410342496680556 0.9965322428027106 3.6016230121356916 0.0 26.215785468000025 126.0 8.126984126984144 0.0 0.0 0.0 0.0 0.0 1.0 1024.0 0.0 0.0 0.0 0.0 0.0 37.0 27.675675675675677 0.0 0.0 0.0 0.0 0.0 1.0 1024.0 0.0 0.0 0.0 0.0 0.0 1.0 1024.0 0.0 0.0 0.0 0.0 0.0 37.0 27.675675675675677 0.0 0.0 0.0 0.0 0.0 1.0 1024.0 0.0 0.0 0.0 0.0 0.0 1.0 1024.0 0.0 0.0 0.0 0.0 0.0 37.0 27.675675675675677 0.0 0.0 0.0 0.0 0.0 1.0 1024.0 1.7698786476553043 1.2053540605607864 4.805157531375327 0.0 25.592820099169526 153.0 6.692810457516345 4.58106600659779 4.752829121290701 15.074033345448699 0.0 19.31325074437748 51.0 20.078431372549023 1.3834532845382594 0.9662471048660553 3.4864782878754865 0.0 25.306913250458557 179.0 5.720670391061458 1.7096995035034002 1.2064995159423548 4.805157531375327 0.0 26.16815569820185 162.0 6.320987654320978 4.623389552209654 4.626418050729 15.166946884958433 0.0 19.60975946760939 50.0 20.48 1.3635476051329902 0.9214815415134814 3.355582661291501 0.0 25.82639648841709 196.0 5.224489795918362 1.8416629130543483 1.3652785298102081 5.869339320126588 0.0 26.37732314425725 145.0 7.06206896551723 6.599812247510329 8.555497930014969 28.568402560419546 0.0 23.60727266036167 44.0 23.272727272727266 1.4685772678168236 1.0158776072768176 3.9592310638267834 0.0 25.16905258271956 175.0 5.851428571428562 1.4821718997126845 3.7743625924153417 41.78745222094094 0.0 29.348448643212514 638.0 1.6050156739811945 24.07319097332853 10.878977035411614 36.9901087825193 0.0 13.537096399266316 42.0 24.380952380952376 0.67316311656262 1.058939836325291 4.365364986724842 0.0 29.23826360004977 667.0 1.535232383808098 1.4169618569110516 3.4117222292526472 32.874741622928155 0.0 29.45164062088824 644.0 1.5900621118012397 26.413959054522664 9.991545507772553 41.631810312897706 0.0 9.48347659176922 38.0 26.947368421052634 0.6580914509313256 1.0264785295261905 3.5217069291965686 0.0 29.384316693613304 680.0 1.505882352941178 1.3946511866458113 3.502690858301952 45.01462284090048 0.0 29.345482224521774 641.0 1.5975039001560107 28.13662262744742 5.58675950686399 35.76295777937128 0.0 7.64368178375316 36.0 28.44444444444444 0.6977944404766012 1.0905571814145025 4.365364986724842 0.0 29.32950224089589 666.0 1.5375375375375404 1.129313757143165 2.767948492328883 23.652094789886817 0.0 29.413658038499978 684.0 1.4970760233918128 27.421530094777072 9.831648393942721 53.64297022869914 0.0 11.059622266921881 41.0 24.975609756097565 0.5891210616489316 0.9930814517694064 3.704693846379042 0.0 29.498874700218323 697.0 1.469153515064563 1.135585781639158 2.8927772083987895 23.652094789886817 0.0 29.40883712010666 689.0 1.4862119013062436 24.978338260222753 9.959891527054445 38.65636486938852 0.0 10.371450920221939 40.0 25.6 0.5844256913779273 0.969641860980298 3.51553738477806 0.0 29.47670389231597 708.0 1.4463276836158183 1.0341915817312846 2.54123759643848 23.652094789886817 0.0 29.42436973424261 687.0 1.490538573508007 26.670340323031425 7.762775065504378 33.450137581340485 0.0 7.318188880955937 36.0 28.44444444444444 0.5838169046359056 0.9975105003651454 4.7394594107427555 0.0 29.48142376938234 701.0 1.4607703281027096 
154.0005150327869 1.6783152181138532 1.2418538586817198 4.6261065484396156 0.0 25.756729246327268 104.0 9.846153846153836 3.056263059684581 4.12259513383657 13.834661177334347 0.0 15.970947686880438 51.0 20.078431372549026 1.3246991553798906 0.9281394053322238 3.4836138576524758 0.0 26.000875782667034 126.0 8.126984126984144 1.679104875476018 1.2613359486685567 4.6261065484396156 0.0 26.68615674257413 111.0 9.225225225225216 3.215174161356519 4.115440220494991 13.241912419968985 0.0 16.309553926498698 49.0 20.89795918367347 1.3908781844308542 0.8738109125704658 3.332808309342373 0.0 26.04511531680806 132.0 7.757575757575764 1.707230806023782 1.3475514421217327 5.6352774948562505 0.0 27.646269650286 110.0 9.309090909090905 3.8649473481133176 6.466106547867601 24.628416408678792 0.0 21.257994108536618 46.0 22.260869565217398 1.410342496680556 0.9965322428027106 3.6016230121356916 0.0 26.215785468000025 126.0 8.126984126984144 0.0 0.0 0.0 0.0 0.0 1.0 1024.0 0.0 0.0 0.0 0.0 0.0 37.0 27.675675675675677 0.0 0.0 0.0 0.0 0.0 1.0 1024.0 0.0 0.0 0.0 0.0 0.0 1.0 1024.0 0.0 0.0 0.0 0.0 0.0 37.0 27.675675675675677 0.0 0.0 0.0 0.0 0.0 1.0 1024.0 0.0 0.0 0.0 0.0 0.0 1.0 1024.0 0.0 0.0 0.0 0.0 0.0 37.0 27.675675675675677 0.0 0.0 0.0 0.0 0.0 1.0 1024.0 1.7691941401359992 1.2060811163749219 4.805157531375327 0.0 25.59285295306948 153.0 6.692810457516345 4.58106600659779 4.752829121290701 15.074033345448699 0.0 19.31325074437748 51.0 20.078431372549023 1.3834532845382594 0.9662471048660553 3.4864782878754865 0.0 25.306913250458557 179.0 5.720670391061458 1.7096995035034002 1.2064995159423548 4.805157531375327 0.0 26.16815569820185 162.0 6.320987654320978 4.623389552209654 4.626418050729 15.166946884958433 0.0 19.60975946760939 50.0 20.48 1.3635476051329902 0.9214815415134814 3.355582661291501 0.0 25.82639648841709 196.0 5.224489795918362 1.8416629130543483 1.3652785298102081 5.869339320126588 0.0 26.37732314425725 145.0 7.06206896551723 6.599812247510329 8.555497930014969 28.568402560419546 0.0 23.60727266036167 44.0 23.272727272727266 1.4685772678168236 1.0158776072768176 3.9592310638267834 0.0 25.16905258271956 175.0 5.851428571428562 1.4821718997126845 3.7743625924153417 41.78745222094094 0.0 29.348448643212514 638.0 1.6050156739811945 24.07319097332853 10.878977035411614 36.9901087825193 0.0 13.537096399266316 42.0 24.380952380952376 0.67316311656262 1.058939836325291 4.365364986724842 0.0 29.23826360004977 667.0 1.535232383808098 1.4169618569110516 3.4117222292526472 32.874741622928155 0.0 29.45164062088824 644.0 1.5900621118012397 26.413959054522664 9.991545507772553 41.631810312897706 0.0 9.48347659176922 38.0 26.947368421052634 0.6580914509313256 1.0264785295261905 3.5217069291965686 0.0 29.384316693613304 680.0 1.505882352941178 1.3946511866458113 3.502690858301952 45.01462284090048 0.0 29.345482224521774 641.0 1.5975039001560107 28.13662262744742 5.58675950686399 35.76295777937128 0.0 7.64368178375316 36.0 28.44444444444444 0.6977944404766012 1.0905571814145025 4.365364986724842 0.0 29.32950224089589 666.0 1.5375375375375404 1.129313757143165 2.767948492328883 23.652094789886817 0.0 29.413658038499978 684.0 1.4970760233918128 27.421530094777072 9.831648393942721 53.64297022869914 0.0 11.059622266921881 41.0 24.975609756097565 0.5891210616489316 0.9930814517694064 3.704693846379042 0.0 29.498874700218323 697.0 1.469153515064563 1.135585781639158 2.8927772083987895 23.652094789886817 0.0 29.40883712010666 689.0 1.4862119013062436 24.978338260222753 9.959891527054445 38.65636486938852 0.0 10.371450920221939 40.0 25.6 0.5844256913779273 0.969641860980298 3.51553738477806 0.0 29.47670389231597 708.0 1.4463276836158183 1.0341915817312846 2.54123759643848 23.652094789886817 0.0 29.42436973424261 687.0 1.490538573508007 26.670340323031425 7.762775065504378 33.450137581340485 0.0 7.318188880955937 36.0 28.44444444444444 0.5838169046359056 0.9975105003651454 4.7394594107427555 0.0 29.48142376938234 701.0 1.4607703281027096 
155.0005150327869 1.6783152181138532 1.2418538586817198 4.6261065484396156 0.0 25.756729246327268 104.0 9.846153846153836 3.056263059684581 4.12259513383657 13.834661177334347 0.0 15.970947686880438 51.0 20.078431372549026 1.3246991553798906 0.9281394053322238 3.4836138576524758 0.0 26.000875782667034 126.0 8.126984126984144 1.679104875476018 1.2613359486685567 4.6261065484396156 0.0 26.68615674257413 111.0 9.225225225225216 3.215174161356519 4.115440220494991 13.241912419968985 0.0 16.309553926498698 49.0 20.89795918367347 1.3908781844308542 0.8738109125704658 3.332808309342373 0.0 26.04511531680806 132.0 7.757575757575764 1.7062328452761755 1.3484960738737228 5.6352774948562505 0.0 27.64607339241882 110.0 9.309090909090905 3.8649473481133176 6.466106547867601 24.628416408678792 0.0 21.257994108536618 46.0 22.260869565217398 1.410342496680556 0.9965322428027106 3.6016230121356916 0.0 26.215785468000025 126.0 8.126984126984144 0.0 0.0 0.0 0.0 0.0 1.0 1024.0 0.0 0.0 0.0 0.0 0.0 37.0 27.675675675675677 0.0 0.0 0.0 0.0 0.0 1.0 1024.0 0.0 0.0 0.0 0.0 0.0 1.0 1024.0 0.0 0.0 0.0 0.0 0.0 37.0 27.675675675675677 0.0 0.0 0.0 0.0 0.0 1.0 1024.0 0.0 0.0 0.0 0.0 0.0 1.0 1024.0 0.0 0.0 0.0 0.0 0.0 37.0 27.675675675675677 0.0 0.0 0.0 0.0 0.0 1.0 1024.0 1.7692166006061951 1.206020626221938 4.805157531375327 0.0 25.59117197152711 153.0 6.692810457516345 4.58106600659779 4.752829121290701 15.074033345448699 0.0 19.31325074437748 51.0 20.078431372549023 1.3834532845382594 0.9662471048660553 3.4864782878754865 0.0 25.306913250458557 179.0 5.720670391061458 1.7096995035034002 1.2064995159423548 4.805157531375327 0.0 26.16815569820185 162.0 6.320987654320978 4.623389552209654 4.626418050729 15.166946884958433 0.0 19.60975946760939 50.0 20.48 1.3635476051329902 0.9214815415134814 3.355582661291501 0.0 25.82639648841709 196.0 5.224489795918362 1.8416629130543483 1.3652785298102081 5.869339320126588 0.0 26.37732314425725 145.0 7.06206896551723 6.599812247510329 8.555497930014969 28.568402560419546 0.0 23.60727266036167 44.0 23.272727272727266 1.4685772678168236 1.0158776072768176 3.9592310638267834 0.0 25.16905258271956 175.0 5.851428571428562 1.4821718997126845 3.7743625924153417 41.78745222094094 0.0 29.348448643212514 638.0 1.6050156739811945 24.07319097332853 10.878977035411614 36.9901087825193 0.0 13.537096399266316 42.0 24.380952380952376 0.67316311656262 1.058939836325291 4.365364986724842 0.0 29.23826360004977 667.0 1.535232383808098 1.4169618569110516 3.4117222292526472 32.874741622928155 0.0 29.45164062088824 644.0 1.5900621118012397 26.413959054522664 9.991545507772553 41.631810312897706 0.0 9.48347659176922 38.0 26.947368421052634 0.6580914509313256 1.0264785295261905 3.5217069291965686 0.0 29.384316693613304 680.0 1.505882352941178 1.3946511866458113 3.502690858301952 45.01462284090048 0.0 29.345482224521774 641.0 1.5975039001560107 28.13662262744742 5.58675950686399 35.76295777937128 0.0 7.64368178375316 36.0 28.44444444444444 0.6977944404766012 1.0905571814145025 4.365364986724842 0.0 29.32950224089589 666.0 1.5375375375375404 1.129313757143165 2.767948492328883 23.652094789886817 0.0 29.413658038499978 684.0 1.4970760233918128 27.421530094777072 9.831648393942721 53.64297022869914 0.0 11.059622266921881 41.0 24.975609756097565 0.5891210616489316 0.9930814517694064 3.704693846379042 0.0 29.498874700218323 697.0 1.469153515064563 1.135585781639158 2.8927772083987895 23.652094789886817 0.0 29.40883712010666 689.0 1.4862119013062436 24.978338260222753 9.959891527054445 38.65636486938852 0.0 10.371450920221939 40.0 25.6 0.5844256913779273 0.969641860980298 3.51553738477806 0.0 29.47670389231597 708.0 1.4463276836158183 1.0341915817312846 2.54123759643848 23.652094789886817 0.0 29.42436973424261 687.0 1.490538573508007 26.670340323031425 7.762775065504378 33.450137581340485 0.0 7.318188880955937 36.0 28.44444444444444 0.5838169046359056 0.9975105003651454 4.7394594107427555 0.0 29.48142376938234 701.0 1.4607703281027096 
156.0005150327869 1.6783152181138532 1.2418538586817198 4.6261065484396156 0.0 25.756729246327268 104.0 9.846153846153836 3.056263059684581 4.12259513383657 13.834661177334347 0.0 15.970947686880438 51.0 20.078431372549026 1.3246991553798906 0.9281394053322238 3.4836138576524758 0.0 26.000875782667034 126.0 8.126984126984144 1.679104875476018 1.2613359486685567 4.6261065484396156 0.0 26.68615674257413 111.0 9.225225225225216 3.215174161356519 4.115440220494991 13.241912419968985 0.0 16.309553926498698 49.0 20.89795918367347 1.3908781844308542 0.8738109125704658 3.332808309342373 0.0 26.04511531680806 132.0 7.757575757575764 1.6896724762912367 1.3532386843124238 5.6352774948562505 0.0 27.692739454568237 111.0 9.225225225225216 3.8649473481133176 6.466106547867601 24.628416408678792 0.0 21.257994108536618 46.0 22.260869565217398 1.410342496680556 0.9965322428027106 3.6016230121356916 0.0 26.215785468000025 126.0 8.126984126984144 0.0 0.0 0.0 0.0 0.0 1.0 1024.0 0.0 0.0 0.0 0.0 0.0 37.0 27.675675675675677 0.0 0.0 0.0 0.0 0.0 1.0 1024.0 0.0 0.0 0.0 0.0 0.0 1.0 1024.0 0.0 0.0 0.0 0.0 0.0 37.0 27.675675675675677 0.0 0.0 0.0 0.0 0.0 1.0 1024.0 0.0 0.0 0.0 0.0 0.0 1.0 1024.0 0.0 0.0 0.0 0.0 0.0 37.0 27.675675675675677 0.0 0.0 0.0 0.0 0.0 1.0 1024.0 1.7656494485921557 1.210433350071434 4.805157531375327 0.0 25.583450796150093 153.0 6.692810457516346 4.58106600659779 4.752829121290701 15.074033345448699 0.0 19.31325074437748 51.0 20.078431372549023 1.3834532845382594 0.9662471048660553 3.4864782878754865 0.0 25.306913250458557 179.0 5.720670391061458 1.7096995035034002 1.2064995159423548 4.805157531375327 0.0 26.16815569820185 162.0 6.320987654320978 4.623389552209654 4.626418050729 15.166946884958433 0.0 19.60975946760939 50.0 20.48 1.3635476051329902 0.9214815415134814 3.355582661291501 0.0 25.82639648841709 196.0 5.224489795918362 1.8416629130543483 1.3652785298102081 5.869339320126588 0.0 26.37732314425725 145.0 7.06206896551723 6.599812247510329 8.555497930014969 28.568402560419546 0.0 23.60727266036167 44.0 23.272727272727266 1.4685772678168236 1.0158776072768176 3.9592310638267834 0.0 25.16905258271956 175.0 5.851428571428562 1.4821718997126845 3.7743625924153417 41.78745222094094 0.0 29.348448643212514 638.0 1.6050156739811945 24.07319097332853 10.878977035411614 36.9901087825193 0.0 13.537096399266316 42.0 24.380952380952376 0.67316311656262 1.058939836325291 4.365364986724842 0.0 29.23826360004977 667.0 1.535232383808098 1.4169618569110516 3.4117222292526472 32.874741622928155 0.0 29.45164062088824 644.0 1.5900621118012397 26.413959054522664 9.991545507772553 41.631810312897706 0.0 9.48347659176922 38.0 26.947368421052634 0.6580914509313256 1.0264785295261905 3.5217069291965686 0.0 29.384316693613304 680.0 1.505882352941178 1.3946511866458113 3.502690858301952 45.01462284090048 0.0 29.345482224521774 641.0 1.5975039001560107 28.13662262744742 5.58675950686399 35.76295777937128 0.0 7.64368178375316 36.0 28.44444444444444 0.6977944404766012 1.0905571814145025 4.365364986724842 0.0 29.32950224089589 666.0 1.5375375375375404 1.129313757143165 2.767948492328883 23.652094789886817 0.0 29.413658038499978 684.0 1.4970760233918128 27.421530094777072 9.831648393942721 53.64297022869914 0.0 11.059622266921881 41.0 24.975609756097565 0.5891210616489316 0.9930814517694064 3.704693846379042 0.0 29.498874700218323 697.0 1.469153515064563 1.135585781639158 2.8927772083987895 23.652094789886817 0.0 29.40883712010666 689.0 1.4862119013062436 24.978338260222753 9.959891527054445 38.65636486938852 0.0 10.371450920221939 40.0 25.6 0.5844256913779273 0.969641860980298 3.51553738477806 0.0 29.47670389231597 708.0 1.4463276836158183 1.0341915817312846 2.54123759643848 23.652094789886817 0.0 29.42436973424261 687.0 1.490538573508007 26.670340323031425 7.762775065504378 33.450137581340485 0.0 7.318188880955937 36.0 28.44444444444444 0.5838169046359056 0.9975105003651454 4.7394594107427555 0.0 29.48142376938234 701.0 1.4607703281027096 
157.0005150327869 1.6783152181138532 1.2418538586817198 4.6261065484396156 0.0 25.756729246327268 104.0 9.846153846153836 3.056263059684581 4.12259513383657 13.834661177334347 0.0 15.970947686880438 51.0 20.078431372549026 1.3246991553798906 0.9281394053322238 3.4836138576524758 0.0 26.000875782667034 126.0 8.126984126984144 1.679104875476018 1.2613359486685567 4.6261065484396156 0.0 26.68615674257413 111.0 9.225225225225216 3.215174161356519 4.115440220494991 13.241912419968985 0.0 16.309553926498698 49.0 20.89795918367347 1.3908781844308542 0.8738109125704658 3.332808309342373 0.0 26.04511531680806 132.0 7.757575757575764 1.690299271531055 1.3523480596719208 5.6352774948562505 0.0 27.69398675653125 111.0 9.225225225225216 3.8649473481133176 6.466106547867601 24.628416408678792 0.0 21.257994108536618 46.0 22.260869565217398 1.410342496680556 0.9965322428027106 3.6016230121356916 0.0 26.215785468000025 126.0 8.126984126984144 0.0 0.0 0.0 0.0 0.0 1.0 1024.0 0.0 0.0 0.0 0.0 0.0 37.0 27.675675675675677 0.0 0.0 0.0 0.0 0.0 1.0 1024.0 0.0 0.0 0.0 0.0 0.0 1.0 1024.0 0.0 0.0 0.0 0.0 0.0 37.0 27.675675675675677 0.0 0.0 0.0 0.0 0.0 1.0 1024.0 0.0 0.0 0.0 0.0 0.0 1.0 1024.0 0.0 0.0 0.0 0.0 0.0 37.0 27.675675675675677 0.0 0.0 0.0 0.0 0.0 1.0 1024.0 1.7655104948178793 1.210585953818666 4.805157531375327 0.0 25.583687625025462 153.0 6.692810457516346 4.58106600659779 4.752829121290701 15.074033345448699 0.0 19.31325074437748 51.0 20.078431372549023 1.3834532845382594 0.9662471048660553 3.4864782878754865 0.0 25.306913250458557 179.0 5.720670391061458 1.7096995035034002 1.2064995159423548 4.805157531375327 0.0 26.16815569820185 162.0 6.320987654320978 4.623389552209654 4.626418050729 15.166946884958433 0.0 19.60975946760939 50.0 20.48 1.3635476051329902 0.9214815415134814 3.355582661291501 0.0 25.82639648841709 196.0 5.224489795918362 1.8416629130543483 1.3652785298102081 5.869339320126588 0.0 26.37732314425725 145.0 7.06206896551723 6.599812247510329 8.555497930014969 28.568402560419546 0.0 23.60727266036167 44.0 23.272727272727266 1.4685772678168236 1.0158776072768176 3.9592310638267834 0.0 25.16905258271956 175.0 5.851428571428562 1.4821718997126845 3.7743625924153417 41.78745222094094 0.0 29.348448643212514 638.0 1.6050156739811945 24.07319097332853 10.878977035411614 36.9901087825193 0.0 13.537096399266316 42.0 24.380952380952376 0.67316311656262 1.058939836325291 4.365364986724842 0.0 29.23826360004977 667.0 1.535232383808098 1.4169618569110516 3.4117222292526472 32.874741622928155 0.0 29.45164062088824 644.0 1.5900621118012397 26.413959054522664 9.991545507772553 41.631810312897706 0.0 9.48347659176922 38.0 26.947368421052634 0.6580914509313256 1.0264785295261905 3.5217069291965686 0.0 29.384316693613304 680.0 1.505882352941178 1.3946511866458113 3.502690858301952 45.01462284090048 0.0 29.345482224521774 641.0 1.5975039001560107 28.13662262744742 5.58675950686399 35.76295777937128 0.0 7.64368178375316 36.0 28.44444444444444 0.6977944404766012 1.0905571814145025 4.365364986724842 0.0 29.32950224089589 666.0 1.5375375375375404 1.129313757143165 2.767948492328883 23.652094789886817 0.0 29.413658038499978 684.0 1.4970760233918128 27.421530094777072 9.831648393942721 53.64297022869914 0.0 11.059622266921881 41.0 24.975609756097565 0.5891210616489316 0.9930814517694064 3.704693846379042 0.0 29.498874700218323 697.0 1.469153515064563 1.135585781639158 2.8927772083987895 23.652094789886817 0.0 29.40883712010666 689.0 1.4862119013062436 24.978338260222753 9.959891527054445 38.65636486938852 0.0 10.371450920221939 40.0 25.6 0.5844256913779273 0.969641860980298 3.51553738477806 0.0 29.47670389231597 708.0 1.4463276836158183 1.0341915817312846 2.54123759643848 23.652094789886817 0.0 29.42436973424261 687.0 1.490538573508007 26.670340323031425 7.762775065504378 33.450137581340485 0.0 7.318188880955937 36.0 28.44444444444444 0.5838169046359056 0.9975105003651454 4.7394594107427555 0.0 29.48142376938234 701.0 1.4607703281027096 
158.0005150327869 1.6783152181138532 1.2418538586817198 4.6261065484396156 0.0 25.756729246327268 104.0 9.846153846153836 3.056263059684581 4.12259513383657 13.834661177334347 0.0 15.970947686880438 51.0 20.078431372549026 1.3246991553798906 0.9281394053322238 3.4836138576524758 0.0 26.000875782667034 126.0 8.126984126984144 1.679104875476018 1.2613359486685567 4.6261065484396156 0.0 26.68615674257413 111.0 9.225225225225216 3.215174161356519 4.115440220494991 13.241912419968985 0.0 16.309553926498698 49.0 20.89795918367347 1.3908781844308542 0.8738109125704658 3.332808309342373 0.0 26.04511531680806 132.0 7.757575757575764 1.7047602726836513 1.3499536195015356 5.6352774948562505 0.0 27.645838216463222 110.0 9.309090909090905 3.8649473481133176 6.466106547867601 24.628416408678792 0.0 21.257994108536618 46.0 22.260869565217398 1.410342496680556 0.9965322428027106 3.6016230121356916 0.0 26.215785468000025 126.0 8.126984126984144 0.0 0.0 0.0 0.0 0.0 1.0 1024.0 0.0 0.0 0.0 0.0 0.0 37.0 27.675675675675677 0.0 0.0 0.0 0.0 0.0 1.0 1024.0 0.0 0.0 0.0 0.0 0.0 1.0 1024.0 0.0 0.0 0.0 0.0 0.0 37.0 27.675675675675677 0.0 0.0 0.0 0.0 0.0 1.0 1024.0 0.0 0.0 0.0 0.0 0.0 1.0 1024.0 0.0 0.0 0.0 0.0 0.0 37.0 27.675675675675677 0.0 0.0 0.0 0.0 0.0 1.0 1024.0 1.7772414123993725 1.2059071254454394 4.805157531375327 0.0 25.516052912831242 152.0 6.736842105263155 4.58106600659779 4.752829121290701 15.074033345448699 0.0 19.31325074437748 51.0 20.078431372549023 1.3834532845382594 0.9662471048660553 3.4864782878754865 0.0 25.306913250458557 179.0 5.720670391061458 1.7096995035034002 1.2064995159423548 4.805157531375327 0.0 26.16815569820185 162.0 6.320987654320978 4.623389552209654 4.626418050729 15.166946884958433 0.0 19.60975946760939 50.0 20.48 1.3635476051329902 0.9214815415134814 3.355582661291501 0.0 25.82639648841709 196.0 5.224489795918362 1.8416629130543483 1.3652785298102081 5.869339320126588 0.0 26.37732314425725 145.0 7.06206896551723 6.599812247510329 8.555497930014969 28.568402560419546 0.0 23.60727266036167 44.0 23.272727272727266 1.4685772678168236 1.0158776072768176 3.9592310638267834 0.0 25.16905258271956 175.0 5.851428571428562 1.4821718997126845 3.7743625924153417 41.78745222094094 0.0 29.348448643212514 638.0 1.6050156739811945 24.07319097332853 10.878977035411614 36.9901087825193 0.0 13.537096399266316 42.0 24.380952380952376 0.67316311656262 1.058939836325291 4.365364986724842 0.0 29.23826360004977 667.0 1.535232383808098 1.4169618569110516 3.4117222292526472 32.874741622928155 0.0 29.45164062088824 644.0 1.5900621118012397 26.413959054522664 9.991545507772553 41.631810312897706 0.0 9.48347659176922 38.0 26.947368421052634 0.6580914509313256 1.0264785295261905 3.5217069291965686 0.0 29.384316693613304 680.0 1.505882352941178 1.3946511866458113 3.502690858301952 45.01462284090048 0.0 29.345482224521774 641.0 1.5975039001560107 28.13662262744742 5.58675950686399 35.76295777937128 0.0 7.64368178375316 36.0 28.44444444444444 0.6977944404766012 1.0905571814145025 4.365364986724842 0.0 29.32950224089589 666.0 1.5375375375375404 1.129313757143165 2.767948492328883 23.652094789886817 0.0 29.413658038499978 684.0 1.4970760233918128 27.421530094777072 9.831648393942721 53.64297022869914 0.0 11.059622266921881 41.0 24.975609756097565 0.5891210616489316 0.9930814517694064 3.704693846379042 0.0 29.498874700218323 697.0 1.469153515064563 1.135585781639158 2.8927772083987895 23.652094789886817 0.0 29.40883712010666 689.0 1.4862119013062436 24.978338260222753 9.959891527054445 38.65636486938852 0.0 10.371450920221939 40.0 25.6 0.5844256913779273 0.969641860980298 3.51553738477806 0.0 29.47670389231597 708.0 1.4463276836158183 1.0341915817312846 2.54123759643848 23.652094789886817 0.0 29.42436973424261 687.0 1.490538573508007 26.670340323031425 7.762775065504378 33.450137581340485 0.0 7.318188880955937 36.0 28.44444444444444 0.5838169046359056 0.9975105003651454 4.7394594107427555 0.0 29.48142376938234 701.0 1.4607703281027096 
159.0005150327869 1.6783152181138532 1.2418538586817198 4.6261065484396156 0.0 25.756729246327268 104.0 9.846153846153836 3.056263059684581 4.12259513383657 13.834661177334347 0.0 15.970947686880438 51.0 20.078431372549026 1.3246991553798906 0.9281394053322238 3.4836138576524758 0.0 26.000875782667034 126.0 8.126984126984144 1.679104875476018 1.2613359486685567 4.6261065484396156 0.0 26.68615674257413 111.0 9.225225225225216 3.215174161356519 4.115440220494991 13.241912419968985 0.0 16.309553926498698 49.0 20.89795918367347 1.3908781844308542 0.8738109125704658 3.332808309342373 0.0 26.04511531680806 132.0 7.757575757575764 1.7047602726836513 1.3499536195015356 5.6352774948562505 0.0 27.645838216463222 110.0 9.309090909090905 3.8649473481133176 6.466106547867601 24.628416408678792 0.0 21.257994108536618 46.0 22.260869565217398 1.410342496680556 0.9965322428027106 3.6016230121356916 0.0 26.215785468000025 126.0 8.126984126984144 0.0 0.0 0.0 0.0 0.0 1.0 1024.0 0.0 0.0 0.0 0.0 0.0 37.0 27.675675675675677 0.0 0.0 0.0 0.0 0.0 1.0 1024.0 0.0 0.0 0.0 0.0 0.0 1.0 1024.0 0.0 0.0 0.0 0.0 0.0 37.0 27.675675675675677 0.0 0.0 0.0 0.0 0.0 1.0 1024.0 0.0 0.0 0.0 0.0 0.0 1.0 1024.0 0.0 0.0 0.0 0.0 0.0 37.0 27.675675675675677 0.0 0.0 0.0 0.0 0.0 1.0 1024.0 1.7914441082094796 1.1955405557979106 4.805157531375327 0.0 25.525431733809995 152.0 6.736842105263155 4.58106600659779 4.752829121290701 15.074033345448699 0.0 19.31325074437748 51.0 20.078431372549023 1.3834532845382594 0.9662471048660553 3.4864782878754865 0.0 25.306913250458557 179.0 5.720670391061458 1.7096995035034002 1.2064995159423548 4.805157531375327 0.0 26.16815569820185 162.0 6.320987654320978 4.623389552209654 4.626418050729 15.166946884958433 0.0 19.60975946760939 50.0 20.48 1.3635476051329902 0.9214815415134814 3.355582661291501 0.0 25.82639648841709 196.0 5.224489795918362 1.8416629130543483 1.3652785298102081 5.869339320126588 0.0 26.37732314425725 145.0 7.06206896551723 6.599812247510329 8.555497930014969 28.568402560419546 0.0 23.60727266036167 44.0 23.272727272727266 1.4685772678168236 1.0158776072768176 3.9592310638267834 0.0 25.16905258271956 175.0 5.851428571428562 1.4821718997126845 3.7743625924153417 41.78745222094094 0.0 29.348448643212514 638.0 1.6050156739811945 24.07319097332853 10.878977035411614 36.9901087825193 0.0 13.537096399266316 42.0 24.380952380952376 0.67316311656262 1.058939836325291 4.365364986724842 0.0 29.23826360004977 667.0 1.535232383808098 1.4169618569110516 3.4117222292526472 32.874741622928155 0.0 29.45164062088824 644.0 1.5900621118012397 26.413959054522664 9.991545507772553 41.631810312897706 0.0 9.48347659176922 38.0 26.947368421052634 0.6580914509313256 1.0264785295261905 3.5217069291965686 0.0 29.384316693613304 680.0 1.505882352941178 1.3946511866458113 3.502690858301952 45.01462284090048 0.0 29.345482224521774 641.0 1.5975039001560107 28.13662262744742 5.58675950686399 35.76295777937128 0.0 7.64368178375316 36.0 28.44444444444444 0.6977944404766012 1.0905571814145025 4.365364986724842 0.0 29.32950224089589 666.0 1.5375375375375404 1.129313757143165 2.767948492328883 23.652094789886817 0.0 29.413658038499978 684.0 1.4970760233918128 27.421530094777072 9.831648393942721 53.64297022869914 0.0 11.059622266921881 41.0 24.975609756097565 0.5891210616489316 0.9930814517694064 3.704693846379042 0.0 29.498874700218323 697.0 1.469153515064563 1.135585781639158 2.8927772083987895 23.652094789886817 0.0 29.40883712010666 689.0 1.4862119013062436 24.978338260222753 9.959891527054445 38.65636486938852 0.0 10.371450920221939 40.0 25.6 0.5844256913779273 0.969641860980298 3.51553738477806 0.0 29.47670389231597 708.0 1.4463276836158183 1.0341915817312846 2.54123759643848 23.652094789886817 0.0 29.42436973424261 687.0 1.490538573508007 26.670340323031425 7.762775065504378 33.450137581340485 0.0 7.318188880955937 36.0 28.44444444444444 0.5838169046359056 0.9975105003651454 4.7394594107427555 0.0 29.48142376938234 701.0 1.4607703281027096 
160.0005150327869 1.662047992390858 1.2469399895511895 4.6261065484396156 0.0 25.805246809142634 105.0 9.75238095238094 3.056263059684581 4.12259513383657 13.834661177334347 0.0 15.970947686880438 51.0 20.078431372549026 1.3246991553798906 0.9281394053322238 3.4836138576524758 0.0 26.000875782667034 126.0 8.126984126984144 1.679104875476018 1.2613359486685567 4.6261065484396156 0.0 26.68615674257413 111.0 9.225225225225216 3.215174161356519 4.115440220494991 13.241912419968985 0.0 16.309553926498698 49.0 20.89795918367347 1.3908781844308542 0.8738109125704658 3.332808309342373 0.0 26.04511531680806 132.0 7.757575757575764 1.7047602726836513 1.3499536195015356 5.6352774948562505 0.0 27.645838216463222 110.0 9.309090909090905 3.8649473481133176 6.466106547867601 24.628416408678792 0.0 21.257994108536618 46.0 22.260869565217398 1.410342496680556 0.9965322428027106 3.6016230121356916 0.0 26.215785468000025 126.0 8.126984126984144 0.0 0.0 0.0 0.0 0.0 1.0 1024.0 0.0 0.0 0.0 0.0 0.0 37.0 27.675675675675677 0.0 0.0 0.0 0.0 0.0 1.0 1024.0 0.0 0.0 0.0 0.0 0.0 1.0 1024.0 0.0 0.0 0.0 0.0 0.0 37.0 27.675675675675677 0.0 0.0 0.0 0.0 0.0 1.0 1024.0 0.0 0.0 0.0 0.0 0.0 1.0 1024.0 0.0 0.0 0.0 0.0 0.0 37.0 27.675675675675677 0.0 0.0 0.0 0.0 0.0 1.0 1024.0 1.7826282129495987 1.2019960393961904 4.805157531375327 0.0 25.525303169842935 152.0 6.736842105263155 4.58106600659779 4.752829121290701 15.074033345448699 0.0 19.31325074437748 51.0 20.078431372549023 1.3834532845382594 0.9662471048660553 3.4864782878754865 0.0 25.306913250458557 179.0 5.720670391061458 1.709513563749268 1.206650854080162 4.805157531375327 0.0 26.16770615582164 162.0 6.320987654320978 4.623389552209654 4.626418050729 15.166946884958433 0.0 19.60975946760939 50.0 20.48 1.3635476051329902 0.9214815415134814 3.355582661291501 0.0 25.82639648841709 196.0 5.224489795918362 1.8416629130543483 1.3652785298102081 5.869339320126588 0.0 26.37732314425725 145.0 7.06206896551723 6.599812247510329 8.555497930014969 28.568402560419546 0.0 23.60727266036167 44.0 23.272727272727266 1.4685772678168236 1.0158776072768176 3.9592310638267834 0.0 25.16905258271956 175.0 5.851428571428562 1.4821718997126845 3.7743625924153417 41.78745222094094 0.0 29.348448643212514 638.0 1.6050156739811945 24.07319097332853 10.878977035411614 36.9901087825193 0.0 13.537096399266316 42.0 24.380952380952376 0.67316311656262 1.058939836325291 4.365364986724842 0.0 29.23826360004977 667.0 1.535232383808098 1.4169618569110516 3.4117222292526472 32.874741622928155 0.0 29.45164062088824 644.0 1.5900621118012397 26.413959054522664 9.991545507772553 41.631810312897706 0.0 9.48347659176922 38.0 26.947368421052634 0.6580914509313256 1.0264785295261905 3.5217069291965686 0.0 29.384316693613304 680.0 1.505882352941178 1.3946511866458113 3.502690858301952 45.01462284090048 0.0 29.345482224521774 641.0 1.5975039001560107 28.13662262744742 5.58675950686399 35.76295777937128 0.0 7.64368178375316 36.0 28.44444444444444 0.6977944404766012 1.0905571814145025 4.365364986724842 0.0 29.32950224089589 666.0 1.5375375375375404 1.129313757143165 2.767948492328883 23.652094789886817 0.0 29.413658038499978 684.0 1.4970760233918128 27.421530094777072 9.831648393942721 53.64297022869914 0.0 11.059622266921881 41.0 24.975609756097565 0.5891210616489316 0.9930814517694064 3.704693846379042 0.0 29.498874700218323 697.0 1.469153515064563 1.135585781639158 2.8927772083987895 23.652094789886817 0.0 29.40883712010666 689.0 1.4862119013062436 24.978338260222753 9.959891527054445 38.65636486938852 0.0 10.371450920221939 40.0 25.6 0.5844256913779273 0.969641860980298 3.51553738477806 0.0 29.47670389231597 708.0 1.4463276836158183 1.0341915817312846 2.54123759643848 23.652094789886817 0.0 29.42436973424261 687.0 1.490538573508007 26.670340323031425 7.762775065504378 33.450137581340485 0.0 7.318188880955937 36.0 28.44444444444444 0.5838169046359056 0.9975105003651454 4.7394594107427555 0.0 29.48142376938234 701.0 1.4607703281027096 
161.0005150327869 1.662047992390858 1.2469399895511895 4.6261065484396156 0.0 25.805246809142634 105.0 9.75238095238094 3.056263059684581 4.12259513383657 13.834661177334347 0.0 15.970947686880438 51.0 20.078431372549026 1.3246991553798906 0.9281394053322238 3.4836138576524758 0.0 26.000875782667034 126.0 8.126984126984144 1.679219378774065 1.2612582653098863 4.6261065484396156 0.0 26.686414384784378 111.0 9.225225225225216 3.215174161356519 4.115440220494991 13.241912419968985 0.0 16.309553926498698 49.0 20.89795918367347 1.3908781844308542 0.8738109125704658 3.332808309342373 0.0 26.04511531680806 132.0 7.757575757575764 1.7047602726836513 1.3499536195015356 5.6352774948562505 0.0 27.645838216463222 110.0 9.309090909090905 3.8649473481133176 6.466106547867601 24.628416408678792 0.0 21.257994108536618 46.0 22.260869565217398 1.410342496680556 0.9965322428027106 3.6016230121356916 0.0 26.215785468000025 126.0 8.126984126984144 0.0 0.0 0.0 0.0 0.0 1.0 1024.0 0.0 0.0 0.0 0.0 0.0 37.0 27.675675675675677 0.0 0.0 0.0 0.0 0.0 1.0 1024.0 0.0 0.0 0.0 0.0 0.0 1.0 1024.0 0.0 0.0 0.0 0.0 0.0 37.0 27.675675675675677 0.0 0.0 0.0 0.0 0.0 1.0 1024.0 0.0 0.0 0.0 0.0 0.0 1.0 1024.0 0.0 0.0 0.0 0.0 0.0 37.0 27.675675675675677 0.0 0.0 0.0 0.0 0.0 1.0 1024.0 1.7821160134466416 1.202113806770928 4.805157531375327 0.0 25.52750780284544 152.0 6.736842105263156 4.58106600659779 4.752829121290701 15.074033345448699 0.0 19.31325074437748 51.0 20.078431372549023 1.3834532845382594 0.9662471048660553 3.4864782878754865 0.0 25.306913250458557 179.0 5.720670391061458 1.709513563749268 1.206650854080162 4.805157531375327 0.0 26.16770615582164 162.0 6.320987654320978 4.623389552209654 4.626418050729 15.166946884958433 0.0 19.60975946760939 50.0 20.48 1.3635476051329902 0.9214815415134814 3.355582661291501 0.0 25.82639648841709 196.0 5.224489795918362 1.8416629130543483 1.3652785298102081 5.869339320126588 0.0 26.37732314425725 145.0 7.06206896551723 6.599812247510329 8.555497930014969 28.568402560419546 0.0 23.60727266036167 44.0 23.272727272727266 1.4685772678168236 1.0158776072768176 3.9592310638267834 0.0 25.16905258271956 175.0 5.851428571428562 1.4821718997126845 3.7743625924153417 41.78745222094094 0.0 29.348448643212514 638.0 1.6050156739811945 24.07319097332853 10.878977035411614 36.9901087825193 0.0 13.537096399266316 42.0 24.380952380952376 0.67316311656262 1.058939836325291 4.365364986724842 0.0 29.23826360004977 667.0 1.535232383808098 1.4169618569110516 3.4117222292526472 32.874741622928155 0.0 29.45164062088824 644.0 1.5900621118012397 26.413959054522664 9.991545507772553 41.631810312897706 0.0 9.48347659176922 38.0 26.947368421052634 0.6580914509313256 1.0264785295261905 3.5217069291965686 0.0 29.384316693613304 680.0 1.505882352941178 1.3946511866458113 3.502690858301952 45.01462284090048 0.0 29.345482224521774 641.0 1.5975039001560107 28.13662262744742 5.58675950686399 35.76295777937128 0.0 7.64368178375316 36.0 28.44444444444444 0.6977944404766012 1.0905571814145025 4.365364986724842 0.0 29.32950224089589 666.0 1.5375375375375404 1.129313757143165 2.767948492328883 23.652094789886817 0.0 29.413658038499978 684.0 1.4970760233918128 27.421530094777072 9.831648393942721 53.64297022869914 0.0 11.059622266921881 41.0 24.975609756097565 0.5891210616489316 0.9930814517694064 3.704693846379042 0.0 29.498874700218323 697.0 1.469153515064563 1.135585781639158 2.8927772083987895 23.652094789886817 0.0 29.40883712010666 689.0 1.4862119013062436 24.978338260222753 9.959891527054445 38.65636486938852 0.0 10.371450920221939 40.0 25.6 0.5844256913779273 0.969641860980298 3.51553738477806 0.0 29.47670389231597 708.0 1.4463276836158183 1.0341915817312846 2.54123759643848 23.652094789886817 0.0 29.42436973424261 687.0 1.490538573508007 26.670340323031425 7.762775065504378 33.450137581340485 0.0 7.318188880955937 36.0 28.44444444444444 0.5838169046359056 0.9975105003651454 4.7394594107427555 0.0 29.48142376938234 701.0 1.4607703281027096 
162.0005150327869 1.662047992390858 1.2469399895511895 4.6261065484396156 0.0 25.805246809142634 105.0 9.75238095238094 3.056263059684581 4.12259513383657 13.834661177334347 0.0 15.970947686880438 51.0 20.078431372549026 1.3246991553798906 0.9281394053322238 3.4836138576524758 0.0 26.000875782667034 126.0 8.126984126984144 1.679219378774065 1.2612582653098863 4.6261065484396156 0.0 26.686414384784378 111.0 9.225225225225216 3.215174161356519 4.115440220494991 13.241912419968985 0.0 16.309553926498698 49.0 20.89795918367347 1.3908781844308542 0.8738109125704658 3.332808309342373 0.0 26.04511531680806 132.0 7.757575757575764 1.7047602726836513 1.3499536195015356 5.6352774948562505 0.0 27.645838216463222 110.0 9.309090909090905 3.8649473481133176 6.466106547867601 24.628416408678792 0.0 21.257994108536618 46.0 22.260869565217398 1.410342496680556 0.9965322428027106 3.6016230121356916 0.0 26.215785468000025 126.0 8.126984126984144 0.0 0.0 0.0 0.0 0.0 1.0 1024.0 0.0 0.0 0.0 0.0 0.0 37.0 27.675675675675677 0.0 0.0 0.0 0.0 0.0 1.0 1024.0 0.0 0.0 0.0 0.0 0.0 1.0 1024.0 0.0 0.0 0.0 0.0 0.0 37.0 27.675675675675677 0.0 0.0 0.0 0.0 0.0 1.0 1024.0 0.0 0.0 0.0 0.0 0.0 1.0 1024.0 0.0 0.0 0.0 0.0 0.0 37.0 27.675675675675677 0.0 0.0 0.0 0.0 0.0 1.0 1024.0 1.7821160134466416 1.202113806770928 4.805157531375327 0.0 25.52750780284544 152.0 6.736842105263156 4.58106600659779 4.752829121290701 15.074033345448699 0.0 19.31325074437748 51.0 20.078431372549023 1.3834532845382594 0.9662471048660553 3.4864782878754865 0.0 25.306913250458557 179.0 5.720670391061458 1.709513563749268 1.206650854080162 4.805157531375327 0.0 26.16770615582164 162.0 6.320987654320978 4.623389552209654 4.626418050729 15.166946884958433 0.0 19.60975946760939 50.0 20.48 1.3563480630321534 0.9244808148542042 3.355582661291501 0.0 25.88146981749502 197.0 5.197969543147214 1.8416629130543483 1.3652785298102081 5.869339320126588 0.0 26.37732314425725 145.0 7.06206896551723 6.599812247510329 8.555497930014969 28.568402560419546 0.0 23.60727266036167 44.0 23.272727272727266 1.4685772678168236 1.0158776072768176 3.9592310638267834 0.0 25.16905258271956 175.0 5.851428571428562 1.4821718997126845 3.7743625924153417 41.78745222094094 0.0 29.348448643212514 638.0 1.6050156739811945 24.07319097332853 10.878977035411614 36.9901087825193 0.0 13.537096399266316 42.0 24.380952380952376 0.67316311656262 1.058939836325291 4.365364986724842 0.0 29.23826360004977 667.0 1.535232383808098 1.4169618569110516 3.4117222292526472 32.874741622928155 0.0 29.45164062088824 644.0 1.5900621118012397 26.413959054522664 9.991545507772553 41.631810312897706 0.0 9.48347659176922 38.0 26.947368421052634 0.6580914509313256 1.0264785295261905 3.5217069291965686 0.0 29.384316693613304 680.0 1.505882352941178 1.3946511866458113 3.502690858301952 45.01462284090048 0.0 29.345482224521774 641.0 1.5975039001560107 28.13662262744742 5.58675950686399 35.76295777937128 0.0 7.64368178375316 36.0 28.44444444444444 0.6977944404766012 1.0905571814145025 4.365364986724842 0.0 29.32950224089589 666.0 1.5375375375375404 1.129313757143165 2.767948492328883 23.652094789886817 0.0 29.413658038499978 684.0 1.4970760233918128 27.421530094777072 9.831648393942721 53.64297022869914 0.0 11.059622266921881 41.0 24.975609756097565 0.5891210616489316 0.9930814517694064 3.704693846379042 0.0 29.498874700218323 697.0 1.469153515064563 1.135585781639158 2.8927772083987895 23.652094789886817 0.0 29.40883712010666 689.0 1.4862119013062436 24.978338260222753 9.959891527054445 38.65636486938852 0.0 10.371450920221939 40.0 25.6 0.5844256913779273 0.969641860980298 3.51553738477806 0.0 29.47670389231597 708.0 1.4463276836158183 1.0341915817312846 2.54123759643848 23.652094789886817 0.0 29.42436973424261 687.0 1.490538573508007 26.670340323031425 7.762775065504378 33.450137581340485 0.0 7.318188880955937 36.0 28.44444444444444 0.5838169046359056 0.9975105003651454 4.7394594107427555 0.0 29.48142376938234 701.0 1.4607703281027096 
163.0005150327869 1.662047992390858 1.2469399895511895 4.6261065484396156 0.0 25.805246809142634 105.0 9.75238095238094 3.056263059684581 4.12259513383657 13.834661177334347 0.0 15.970947686880438 51.0 20.078431372549026 1.3246991553798906 0.9281394053322238 3.4836138576524758 0.0 26.000875782667034 126.0 8.126984126984144 1.679219378774065 1.2612582653098863 4.6261065484396156 0.0 26.686414384784378 111.0 9.225225225225216 3.215174161356519 4.115440220494991 13.241912419968985 0.0 16.309553926498698 49.0 20.89795918367347 1.3908781844308542 0.8738109125704658 3.332808309342373 0.0 26.04511531680806 132.0 7.757575757575764 1.7047602726836513 1.3499536195015356 5.6352774948562505 0.0 27.645838216463222 110.0 9.309090909090905 3.8649473481133176 6.466106547867601 24.628416408678792 0.0 21.257994108536618 46.0 22.260869565217398 1.410342496680556 0.9965322428027106 3.6016230121356916 0.0 26.215785468000025 126.0 8.126984126984144 0.0 0.0 0.0 0.0 0.0 1.0 1024.0 0.0 0.0 0.0 0.0 0.0 37.0 27.675675675675677 0.0 0.0 0.0 0.0 0.0 1.0 1024.0 0.0 0.0 0.0 0.0 0.0 1.0 1024.0 0.0 0.0 0.0 0.0 0.0 37.0 27.675675675675677 0.0 0.0 0.0 0.0 0.0 1.0 1024.0 0.0 0.0 0.0 0.0 0.0 1.0 1024.0 0.0 0.0 0.0 0.0 0.0 37.0 27.675675675675677 0.0 0.0 0.0 0.0 0.0 1.0 1024.0 1.7821160134466416 1.202113806770928 4.805157531375327 0.0 25.52750780284544 152.0 6.736842105263156 4.58106600659779 4.752829121290701 15.074033345448699 0.0 19.31325074437748 51.0 20.078431372549023 1.3834532845382594 0.9662471048660553 3.4864782878754865 0.0 25.306913250458557 179.0 5.720670391061458 1.709513563749268 1.206650854080162 4.805157531375327 0.0 26.16770615582164 162.0 6.320987654320978 4.623389552209654 4.626418050729 15.166946884958433 0.0 19.60975946760939 50.0 20.48 1.3563480630321534 0.9244808148542042 3.355582661291501 0.0 25.88146981749502 197.0 5.197969543147214 1.8416629130543483 1.3652785298102081 5.869339320126588 0.0 26.37732314425725 145.0 7.06206896551723 6.599812247510329 8.555497930014969 28.568402560419546 0.0 23.60727266036167 44.0 23.272727272727266 1.4685772678168236 1.0158776072768176 3.9592310638267834 0.0 25.16905258271956 175.0 5.851428571428562 1.4821718997126845 3.7743625924153417 41.78745222094094 0.0 29.348448643212514 638.0 1.6050156739811945 24.07319097332853 10.878977035411614 36.9901087825193 0.0 13.537096399266316 42.0 24.380952380952376 0.67316311656262 1.058939836325291 4.365364986724842 0.0 29.23826360004977 667.0 1.535232383808098 1.4169618569110516 3.4117222292526472 32.874741622928155 0.0 29.45164062088824 644.0 1.5900621118012397 26.413959054522664 9.991545507772553 41.631810312897706 0.0 9.48347659176922 38.0 26.947368421052634 0.6580914509313256 1.0264785295261905 3.5217069291965686 0.0 29.384316693613304 680.0 1.505882352941178 1.3946511866458113 3.502690858301952 45.01462284090048 0.0 29.345482224521774 641.0 1.5975039001560107 28.13662262744742 5.58675950686399 35.76295777937128 0.0 7.64368178375316 36.0 28.44444444444444 0.6977944404766012 1.0905571814145025 4.365364986724842 0.0 29.32950224089589 666.0 1.5375375375375404 1.129313757143165 2.767948492328883 23.652094789886817 0.0 29.413658038499978 684.0 1.4970760233918128 27.421530094777072 9.831648393942721 53.64297022869914 0.0 11.059622266921881 41.0 24.975609756097565 0.5891210616489316 0.9930814517694064 3.704693846379042 0.0 29.498874700218323 697.0 1.469153515064563 1.135585781639158 2.8927772083987895 23.652094789886817 0.0 29.40883712010666 689.0 1.4862119013062436 24.978338260222753 9.959891527054445 38.65636486938852 0.0 10.371450920221939 40.0 25.6 0.5844256913779273 0.969641860980298 3.51553738477806 0.0 29.47670389231597 708.0 1.4463276836158183 1.0341915817312846 2.54123759643848 23.652094789886817 0.0 29.42436973424261 687.0 1.490538573508007 26.670340323031425 7.762775065504378 33.450137581340485 0.0 7.318188880955937 36.0 28.44444444444444 0.5838169046359056 0.9975105003651454 4.7394594107427555 0.0 29.48142376938234 701.0 1.4607703281027096 
164.0005150327869 1.662047992390858 1.2469399895511895 4.6261065484396156 0.0 25.805246809142634 105.0 9.75238095238094 3.056263059684581 4.12259513383657 13.834661177334347 0.0 15.970947686880438 51.0 20.078431372549026 1.3246991553798906 0.9281394053322238 3.4836138576524758 0.0 26.000875782667034 126.0 8.126984126984144 1.679219378774065 1.2612582653098863 4.6261065484396156 0.0 26.686414384784378 111.0 9.225225225225216 3.215174161356519 4.115440220494991 13.241912419968985 0.0 16.309553926498698 49.0 20.89795918367347 1.3908781844308542 0.8738109125704658 3.332808309342373 0.0 26.04511531680806 132.0 7.757575757575764 1.6729206498510467 1.3584112129518757 5.6352774948562505 0.0 27.76242249872366 112.0 9.14285714285713 3.8649473481133176 6.466106547867601 24.628416408678792 0.0 21.257994108536618 46.0 22.260869565217398 1.410342496680556 0.9965322428027106 3.6016230121356916 0.0 26.215785468000025 126.0 8.126984126984144 0.0 0.0 0.0 0.0 0.0 1.0 1024.0 0.0 0.0 0.0 0.0 0.0 37.0 27.675675675675677 0.0 0.0 0.0 0.0 0.0 1.0 1024.0 0.0 0.0 0.0 0.0 0.0 1.0 1024.0 0.0 0.0 0.0 0.0 0.0 37.0 27.675675675675677 0.0 0.0 0.0 0.0 0.0 1.0 1024.0 0.0 0.0 0.0 0.0 0.0 1.0 1024.0 0.0 0.0 0.0 0.0 0.0 37.0 27.675675675675677 0.0 0.0 0.0 0.0 0.0 1.0 1024.0 1.7821160134466416 1.202113806770928 4.805157531375327 0.0 25.52750780284544 152.0 6.736842105263156 4.58106600659779 4.752829121290701 15.074033345448699 0.0 19.31325074437748 51.0 20.078431372549023 1.3834532845382594 0.9662471048660553 3.4864782878754865 0.0 25.306913250458557 179.0 5.720670391061458 1.698686880821674 1.2106667162114695 4.805157531375327 0.0 26.240849455826787 163.0 6.28220858895705 4.623389552209654 4.626418050729 15.166946884958433 0.0 19.60975946760939 50.0 20.48 1.3563480630321534 0.9244808148542042 3.355582661291501 0.0 25.88146981749502 197.0 5.197969543147214 1.8416629130543483 1.3652785298102081 5.869339320126588 0.0 26.37732314425725 145.0 7.06206896551723 6.599812247510329 8.555497930014969 28.568402560419546 0.0 23.60727266036167 44.0 23.272727272727266 1.4685772678168236 1.0158776072768176 3.9592310638267834 0.0 25.16905258271956 175.0 5.851428571428562 1.4821718997126845 3.7743625924153417 41.78745222094094 0.0 29.348448643212514 638.0 1.6050156739811945 24.07319097332853 10.878977035411614 36.9901087825193 0.0 13.537096399266316 42.0 24.380952380952376 0.67316311656262 1.058939836325291 4.365364986724842 0.0 29.23826360004977 667.0 1.535232383808098 1.4169618569110516 3.4117222292526472 32.874741622928155 0.0 29.45164062088824 644.0 1.5900621118012397 26.413959054522664 9.991545507772553 41.631810312897706 0.0 9.48347659176922 38.0 26.947368421052634 0.6580914509313256 1.0264785295261905 3.5217069291965686 0.0 29.384316693613304 680.0 1.505882352941178 1.3946511866458113 3.502690858301952 45.01462284090048 0.0 29.345482224521774 641.0 1.5975039001560107 28.13662262744742 5.58675950686399 35.76295777937128 0.0 7.64368178375316 36.0 28.44444444444444 0.6977944404766012 1.0905571814145025 4.365364986724842 0.0 29.32950224089589 666.0 1.5375375375375404 1.129313757143165 2.767948492328883 23.652094789886817 0.0 29.413658038499978 684.0 1.4970760233918128 27.421530094777072 9.831648393942721 53.64297022869914 0.0 11.059622266921881 41.0 24.975609756097565 0.5891210616489316 0.9930814517694064 3.704693846379042 0.0 29.498874700218323 697.0 1.469153515064563 1.135585781639158 2.8927772083987895 23.652094789886817 0.0 29.40883712010666 689.0 1.4862119013062436 24.978338260222753 9.959891527054445 38.65636486938852 0.0 10.371450920221939 40.0 25.6 0.5844256913779273 0.969641860980298 3.51553738477806 0.0 29.47670389231597 708.0 1.4463276836158183 1.0341915817312846 2.54123759643848 23.652094789886817 0.0 29.42436973424261 687.0 1.490538573508007 26.670340323031425 7.762775065504378 33.450137581340485 0.0 7.318188880955937 36.0 28.44444444444444 0.5838169046359056 0.9975105003651454 4.7394594107427555 0.0 29.48142376938234 701.0 1.4607703281027096 
165.0005150327869 1.662047992390858 1.2469399895511895 4.6261065484396156 0.0 25.805246809142634 105.0 9.75238095238094 3.056263059684581 4.12259513383657 13.834661177334347 0.0 15.970947686880438 51.0 20.078431372549026 1.3246991553798906 0.9281394053322238 3.4836138576524758 0.0 26.000875782667034 126.0 8.126984126984144 1.679219378774065 1.2612582653098863 4.6261065484396156 0.0 26.686414384784378 111.0 9.225225225225216 3.215174161356519 4.115440220494991 13.241912419968985 0.0 16.309553926498698 49.0 20.89795918367347 1.3908781844308542 0.8738109125704658 3.332808309342373 0.0 26.04511531680806 132.0 7.757575757575764 1.6883246114788408 1.35471912352038 5.6352774948562505 0.0 27.706817916677533 111.0 9.225225225225216 3.8649473481133176 6.466106547867601 24.628416408678792 0.0 21.257994108536618 46.0 22.260869565217398 1.410342496680556 0.9965322428027106 3.6016230121356916 0.0 26.215785468000025 126.0 8.126984126984144 0.0 0.0 0.0 0.0 0.0 1.0 1024.0 0.0 0.0 0.0 0.0 0.0 37.0 27.675675675675677 0.0 0.0 0.0 0.0 0.0 1.0 1024.0 0.0 0.0 0.0 0.0 0.0 1.0 1024.0 0.0 0.0 0.0 0.0 0.0 37.0 27.675675675675677 0.0 0.0 0.0 0.0 0.0 1.0 1024.0 0.0 0.0 0.0 0.0 0.0 1.0 1024.0 0.0 0.0 0.0 0.0 0.0 37.0 27.675675675675677 0.0 0.0 0.0 0.0 0.0 1.0 1024.0 1.7821160134466416 1.202113806770928 4.805157531375327 0.0 25.52750780284544 152.0 6.736842105263156 4.58106600659779 4.752829121290701 15.074033345448699 0.0 19.31325074437748 51.0 20.078431372549023 1.3834532845382594 0.9662471048660553 3.4864782878754865 0.0 25.306913250458557 179.0 5.720670391061458 1.698686880821674 1.2106667162114695 4.805157531375327 0.0 26.240849455826787 163.0 6.28220858895705 4.623389552209654 4.626418050729 15.166946884958433 0.0 19.60975946760939 50.0 20.48 1.3563480630321534 0.9244808148542042 3.355582661291501 0.0 25.88146981749502 197.0 5.197969543147214 1.8416629130543483 1.3652785298102081 5.869339320126588 0.0 26.37732314425725 145.0 7.06206896551723 6.599812247510329 8.555497930014969 28.568402560419546 0.0 23.60727266036167 44.0 23.272727272727266 1.4685772678168236 1.0158776072768176 3.9592310638267834 0.0 25.16905258271956 175.0 5.851428571428562 1.4821718997126845 3.7743625924153417 41.78745222094094 0.0 29.348448643212514 638.0 1.6050156739811945 24.07319097332853 10.878977035411614 36.9901087825193 0.0 13.537096399266316 42.0 24.380952380952376 0.67316311656262 1.058939836325291 4.365364986724842 0.0 29.23826360004977 667.0 1.535232383808098 1.4169618569110516 3.4117222292526472 32.874741622928155 0.0 29.45164062088824 644.0 1.5900621118012397 26.413959054522664 9.991545507772553 41.631810312897706 0.0 9.48347659176922 38.0 26.947368421052634 0.6580914509313256 1.0264785295261905 3.5217069291965686 0.0 29.384316693613304 680.0 1.505882352941178 1.3946511866458113 3.502690858301952 45.01462284090048 0.0 29.345482224521774 641.0 1.5975039001560107 28.13662262744742 5.58675950686399 35.76295777937128 0.0 7.64368178375316 36.0 28.44444444444444 0.6977944404766012 1.0905571814145025 4.365364986724842 0.0 29.32950224089589 666.0 1.5375375375375404 1.129313757143165 2.767948492328883 23.652094789886817 0.0 29.413658038499978 684.0 1.4970760233918128 27.421530094777072 9.831648393942721 53.64297022869914 0.0 11.059622266921881 41.0 24.975609756097565 0.5891210616489316 0.9930814517694064 3.704693846379042 0.0 29.498874700218323 697.0 1.469153515064563 1.135585781639158 2.8927772083987895 23.652094789886817 0.0 29.40883712010666 689.0 1.4862119013062436 24.978338260222753 9.959891527054445 38.65636486938852 0.0 10.371450920221939 40.0 25.6 0.5844256913779273 0.969641860980298 3.51553738477806 0.0 29.47670389231597 708.0 1.4463276836158183 1.0341915817312846 2.54123759643848 23.652094789886817 0.0 29.42436973424261 687.0 1.490538573508007 26.670340323031425 7.762775065504378 33.450137581340485 0.0 7.318188880955937 36.0 28.44444444444444 0.5838169046359056 0.9975105003651454 4.7394594107427555 0.0 29.48142376938234 701.0 1.4607703281027096 
166.0005150327869 1.662047992390858 1.2469399895511895 4.6261065484396156 0.0 25.805246809142634 105.0 9.75238095238094 3.056263059684581 4.12259513383657 13.834661177334347 0.0 15.970947686880438 51.0 20.078431372549026 1.3246991553798906 0.9281394053322238 3.4836138576524758 0.0 26.000875782667034 126.0 8.126984126984144 1.6793323113444552 1.261181984545988 4.6261065484396156 0.0 26.6866630902331 111.0 9.225225225225216 3.215174161356519 4.115440220494991 13.241912419968985 0.0 16.309553926498698 49.0 20.89795918367347 1.3908781844308542 0.8738109125704658 3.332808309342373 0.0 26.04511531680806 132.0 7.757575757575764 1.6883246114788408 1.35471912352038 5.6352774948562505 0.0 27.706817916677533 111.0 9.225225225225216 3.8649473481133176 6.466106547867601 24.628416408678792 0.0 21.257994108536618 46.0 22.260869565217398 1.410342496680556 0.9965322428027106 3.6016230121356916 0.0 26.215785468000025 126.0 8.126984126984144 0.0 0.0 0.0 0.0 0.0 1.0 1024.0 0.0 0.0 0.0 0.0 0.0 37.0 27.675675675675677 0.0 0.0 0.0 0.0 0.0 1.0 1024.0 0.0 0.0 0.0 0.0 0.0 1.0 1024.0 0.0 0.0 0.0 0.0 0.0 37.0 27.675675675675677 0.0 0.0 0.0 0.0 0.0 1.0 1024.0 0.0 0.0 0.0 0.0 0.0 1.0 1024.0 0.0 0.0 0.0 0.0 0.0 37.0 27.675675675675677 0.0 0.0 0.0 0.0 0.0 1.0 1024.0 1.7821160134466416 1.202113806770928 4.805157531375327 0.0 25.52750780284544 152.0 6.736842105263156 4.58106600659779 4.752829121290701 15.074033345448699 0.0 19.31325074437748 51.0 20.078431372549023 1.3834532845382594 0.9662471048660553 3.4864782878754865 0.0 25.306913250458557 179.0 5.720670391061458 1.698686880821674 1.2106667162114695 4.805157531375327 0.0 26.240849455826787 163.0 6.28220858895705 4.623389552209654 4.626418050729 15.166946884958433 0.0 19.60975946760939 50.0 20.48 1.3563480630321534 0.9244808148542042 3.355582661291501 0.0 25.88146981749502 197.0 5.197969543147214 1.8416629130543483 1.3652785298102081 5.869339320126588 0.0 26.37732314425725 145.0 7.06206896551723 6.599812247510329 8.555497930014969 28.568402560419546 0.0 23.60727266036167 44.0 23.272727272727266 1.4685772678168236 1.0158776072768176 3.9592310638267834 0.0 25.16905258271956 175.0 5.851428571428562 1.4821718997126845 3.7743625924153417 41.78745222094094 0.0 29.348448643212514 638.0 1.6050156739811945 24.07319097332853 10.878977035411614 36.9901087825193 0.0 13.537096399266316 42.0 24.380952380952376 0.67316311656262 1.058939836325291 4.365364986724842 0.0 29.23826360004977 667.0 1.535232383808098 1.4169618569110516 3.4117222292526472 32.874741622928155 0.0 29.45164062088824 644.0 1.5900621118012397 26.413959054522664 9.991545507772553 41.631810312897706 0.0 9.48347659176922 38.0 26.947368421052634 0.6580914509313256 1.0264785295261905 3.5217069291965686 0.0 29.384316693613304 680.0 1.505882352941178 1.3946511866458113 3.502690858301952 45.01462284090048 0.0 29.345482224521774 641.0 1.5975039001560107 28.13662262744742 5.58675950686399 35.76295777937128 0.0 7.64368178375316 36.0 28.44444444444444 0.6977944404766012 1.0905571814145025 4.365364986724842 0.0 29.32950224089589 666.0 1.5375375375375404 1.129313757143165 2.767948492328883 23.652094789886817 0.0 29.413658038499978 684.0 1.4970760233918128 27.421530094777072 9.831648393942721 53.64297022869914 0.0 11.059622266921881 41.0 24.975609756097565 0.5891210616489316 0.9930814517694064 3.704693846379042 0.0 29.498874700218323 697.0 1.469153515064563 1.135585781639158 2.8927772083987895 23.652094789886817 0.0 29.40883712010666 689.0 1.4862119013062436 24.978338260222753 9.959891527054445 38.65636486938852 0.0 10.371450920221939 40.0 25.6 0.5844256913779273 0.969641860980298 3.51553738477806 0.0 29.47670389231597 708.0 1.4463276836158183 1.0341915817312846 2.54123759643848 23.652094789886817 0.0 29.42436973424261 687.0 1.490538573508007 26.670340323031425 7.762775065504378 33.450137581340485 0.0 7.318188880955937 36.0 28.44444444444444 0.5838169046359056 0.9975105003651454 4.7394594107427555 0.0 29.48142376938234 701.0 1.4607703281027096 
167.0005150327869 1.662047992390858 1.2469399895511895 4.6261065484396156 0.0 25.805246809142634 105.0 9.75238095238094 3.056263059684581 4.12259513383657 13.834661177334347 0.0 15.970947686880438 51.0 20.078431372549026 1.3246991553798906 0.9281394053322238 3.4836138576524758 0.0 26.000875782667034 126.0 8.126984126984144 1.6794401422941134 1.2611090724529805 4.6261065484396156 0.0 26.686903355108832 111.0 9.225225225225216 3.215174161356519 4.115440220494991 13.241912419968985 0.0 16.309553926498698 49.0 20.89795918367347 1.3908781844308542 0.8738109125704658 3.332808309342373 0.0 26.04511531680806 132.0 7.757575757575764 1.6883246114788408 1.35471912352038 5.6352774948562505 0.0 27.706817916677533 111.0 9.225225225225216 3.8649473481133176 6.466106547867601 24.628416408678792 0.0 21.257994108536618 46.0 22.260869565217398 1.410342496680556 0.9965322428027106 3.6016230121356916 0.0 26.215785468000025 126.0 8.126984126984144 0.0 0.0 0.0 0.0 0.0 1.0 1024.0 0.0 0.0 0.0 0.0 0.0 37.0 27.675675675675677 0.0 0.0 0.0 0.0 0.0 1.0 1024.0 0.0 0.0 0.0 0.0 0.0 1.0 1024.0 0.0 0.0 0.0 0.0 0.0 37.0 27.675675675675677 0.0 0.0 0.0 0.0 0.0 1.0 1024.0 0.0 0.0 0.0 0.0 0.0 1.0 1024.0 0.0 0.0 0.0 0.0 0.0 37.0 27.675675675675677 0.0 0.0 0.0 0.0 0.0 1.0 1024.0 1.782455879989256 1.2016724038456874 4.805157531375327 0.0 25.52871189225044 152.0 6.736842105263156 4.58106600659779 4.752829121290701 15.074033345448699 0.0 19.31325074437748 51.0 20.078431372549023 1.3834532845382594 0.9662471048660553 3.4864782878754865 0.0 25.306913250458557 179.0 5.720670391061458 1.698686880821674 1.2106667162114695 4.805157531375327 0.0 26.240849455826787 163.0 6.28220858895705 4.623389552209654 4.626418050729 15.166946884958433 0.0 19.60975946760939 50.0 20.48 1.3563480630321534 0.9244808148542042 3.355582661291501 0.0 25.88146981749502 197.0 5.197969543147214 1.8416629130543483 1.3652785298102081 5.869339320126588 0.0 26.37732314425725 145.0 7.06206896551723 6.599812247510329 8.555497930014969 28.568402560419546 0.0 23.60727266036167 44.0 23.272727272727266 1.4685772678168236 1.0158776072768176 3.9592310638267834 0.0 25.16905258271956 175.0 5.851428571428562 1.4821718997126845 3.7743625924153417 41.78745222094094 0.0 29.348448643212514 638.0 1.6050156739811945 24.07319097332853 10.878977035411614 36.9901087825193 0.0 13.537096399266316 42.0 24.380952380952376 0.67316311656262 1.058939836325291 4.365364986724842 0.0 29.23826360004977 667.0 1.535232383808098 1.4169618569110516 3.4117222292526472 32.874741622928155 0.0 29.45164062088824 644.0 1.5900621118012397 26.413959054522664 9.991545507772553 41.631810312897706 0.0 9.48347659176922 38.0 26.947368421052634 0.6580914509313256 1.0264785295261905 3.5217069291965686 0.0 29.384316693613304 680.0 1.505882352941178 1.3946511866458113 3.502690858301952 45.01462284090048 0.0 29.345482224521774 641.0 1.5975039001560107 28.13662262744742 5.58675950686399 35.76295777937128 0.0 7.64368178375316 36.0 28.44444444444444 0.6977944404766012 1.0905571814145025 4.365364986724842 0.0 29.32950224089589 666.0 1.5375375375375404 1.129313757143165 2.767948492328883 23.652094789886817 0.0 29.413658038499978 684.0 1.4970760233918128 27.421530094777072 9.831648393942721 53.64297022869914 0.0 11.059622266921881 41.0 24.975609756097565 0.5891210616489316 0.9930814517694064 3.704693846379042 0.0 29.498874700218323 697.0 1.469153515064563 1.135585781639158 2.8927772083987895 23.652094789886817 0.0 29.40883712010666 689.0 1.4862119013062436 24.978338260222753 9.959891527054445 38.65636486938852 0.0 10.371450920221939 40.0 25.6 0.5844256913779273 0.969641860980298 3.51553738477806 0.0 29.47670389231597 708.0 1.4463276836158183 1.0341915817312846 2.54123759643848 23.652094789886817 0.0 29.42436973424261 687.0 1.490538573508007 26.670340323031425 7.762775065504378 33.450137581340485 0.0 7.318188880955937 36.0 28.44444444444444 0.5838169046359056 0.9975105003651454 4.7394594107427555 0.0 29.48142376938234 701.0 1.4607703281027096 
168.0005150327869 1.662047992390858 1.2469399895511895 4.6261065484396156 0.0 25.805246809142634 105.0 9.75238095238094 3.056263059684581 4.12259513383657 13.834661177334347 0.0 15.970947686880438 51.0 20.078431372549026 1.3246991553798906 0.9281394053322238 3.4836138576524758 0.0 26.000875782667034 126.0 8.126984126984144 1.6794401422941134 1.2611090724529805 4.6261065484396156 0.0 26.686903355108832 111.0 9.225225225225216 3.215174161356519 4.115440220494991 13.241912419968985 0.0 16.309553926498698 49.0 20.89795918367347 1.3908781844308542 0.8738109125704658 3.332808309342373 0.0 26.04511531680806 132.0 7.757575757575764 1.6883246114788408 1.35471912352038 5.6352774948562505 0.0 27.706817916677533 111.0 9.225225225225216 3.8649473481133176 6.466106547867601 24.628416408678792 0.0 21.257994108536618 46.0 22.260869565217398 1.410342496680556 0.9965322428027106 3.6016230121356916 0.0 26.215785468000025 126.0 8.126984126984144 0.0 0.0 0.0 0.0 0.0 1.0 1024.0 0.0 0.0 0.0 0.0 0.0 37.0 27.675675675675677 0.0 0.0 0.0 0.0 0.0 1.0 1024.0 0.0 0.0 0.0 0.0 0.0 1.0 1024.0 0.0 0.0 0.0 0.0 0.0 37.0 27.675675675675677 0.0 0.0 0.0 0.0 0.0 1.0 1024.0 0.0 0.0 0.0 0.0 0.0 1.0 1024.0 0.0 0.0 0.0 0.0 0.0 37.0 27.675675675675677 0.0 0.0 0.0 0.0 0.0 1.0 1024.0 1.782455879989256 1.2016724038456874 4.805157531375327 0.0 25.52871189225044 152.0 6.736842105263156 4.58106600659779 4.752829121290701 15.074033345448699 0.0 19.31325074437748 51.0 20.078431372549023 1.3834532845382594 0.9662471048660553 3.4864782878754865 0.0 25.306913250458557 179.0 5.720670391061458 1.6888512932572293 1.2144272192389964 4.805157531375327 0.0 26.30180443848771 164.0 6.243902439024386 4.623389552209654 4.626418050729 15.166946884958433 0.0 19.60975946760939 50.0 20.48 1.3563480630321534 0.9244808148542042 3.355582661291501 0.0 25.88146981749502 197.0 5.197969543147214 1.8416629130543483 1.3652785298102081 5.869339320126588 0.0 26.37732314425725 145.0 7.06206896551723 6.599812247510329 8.555497930014969 28.568402560419546 0.0 23.60727266036167 44.0 23.272727272727266 1.4685772678168236 1.0158776072768176 3.9592310638267834 0.0 25.16905258271956 175.0 5.851428571428562 1.4821718997126845 3.7743625924153417 41.78745222094094 0.0 29.348448643212514 638.0 1.6050156739811945 24.07319097332853 10.878977035411614 36.9901087825193 0.0 13.537096399266316 42.0 24.380952380952376 0.67316311656262 1.058939836325291 4.365364986724842 0.0 29.23826360004977 667.0 1.535232383808098 1.4169618569110516 3.4117222292526472 32.874741622928155 0.0 29.45164062088824 644.0 1.5900621118012397 26.413959054522664 9.991545507772553 41.631810312897706 0.0 9.48347659176922 38.0 26.947368421052634 0.6580914509313256 1.0264785295261905 3.5217069291965686 0.0 29.384316693613304 680.0 1.505882352941178 1.3946511866458113 3.502690858301952 45.01462284090048 0.0 29.345482224521774 641.0 1.5975039001560107 28.13662262744742 5.58675950686399 35.76295777937128 0.0 7.64368178375316 36.0 28.44444444444444 0.6977944404766012 1.0905571814145025 4.365364986724842 0.0 29.32950224089589 666.0 1.5375375375375404 1.129313757143165 2.767948492328883 23.652094789886817 0.0 29.413658038499978 684.0 1.4970760233918128 27.421530094777072 9.831648393942721 53.64297022869914 0.0 11.059622266921881 41.0 24.975609756097565 0.5891210616489316 0.9930814517694064 3.704693846379042 0.0 29.498874700218323 697.0 1.469153515064563 1.135585781639158 2.8927772083987895 23.652094789886817 0.0 29.40883712010666 689.0 1.4862119013062436 24.978338260222753 9.959891527054445 38.65636486938852 0.0 10.371450920221939 40.0 25.6 0.5844256913779273 0.969641860980298 3.51553738477806 0.0 29.47670389231597 708.0 1.4463276836158183 1.0341915817312846 2.54123759643848 23.652094789886817 0.0 29.42436973424261 687.0 1.490538573508007 26.670340323031425 7.762775065504378 33.450137581340485 0.0 7.318188880955937 36.0 28.44444444444444 0.5838169046359056 0.9975105003651454 4.7394594107427555 0.0 29.48142376938234 701.0 1.4607703281027096 
169.0005150327869 1.662047992390858 1.2469399895511895 4.6261065484396156 0.0 25.805246809142634 105.0 9.75238095238094 3.056263059684581 4.12259513383657 13.834661177334347 0.0 15.970947686880438 51.0 20.078431372549026 1.3246991553798906 0.9281394053322238 3.4836138576524758 0.0 26.000875782667034 126.0 8.126984126984144 1.6794401422941134 1.2611090724529805 4.6261065484396156 0.0 26.686903355108832 111.0 9.225225225225216 3.215174161356519 4.115440220494991 13.241912419968985 0.0 16.309553926498698 49.0 20.89795918367347 1.3908781844308542 0.8738109125704658 3.332808309342373 0.0 26.04511531680806 132.0 7.757575757575764 1.6729755159005557 1.3582792554652408 5.6352774948562505 0.0 27.75386530561972 112.0 9.14285714285713 3.8649473481133176 6.466106547867601 24.628416408678792 0.0 21.257994108536618 46.0 22.260869565217398 1.410342496680556 0.9965322428027106 3.6016230121356916 0.0 26.215785468000025 126.0 8.126984126984144 0.0 0.0 0.0 0.0 0.0 1.0 1024.0 0.0 0.0 0.0 0.0 0.0 37.0 27.675675675675677 0.0 0.0 0.0 0.0 0.0 1.0 1024.0 0.0 0.0 0.0 0.0 0.0 1.0 1024.0 0.0 0.0 0.0 0.0 0.0 37.0 27.675675675675677 0.0 0.0 0.0 0.0 0.0 1.0 1024.0 0.0 0.0 0.0 0.0 0.0 1.0 1024.0 0.0 0.0 0.0 0.0 0.0 37.0 27.675675675675677 0.0 0.0 0.0 0.0 0.0 1.0 1024.0 1.782455879989256 1.2016724038456874 4.805157531375327 0.0 25.52871189225044 152.0 6.736842105263156 4.58106600659779 4.752829121290701 15.074033345448699 0.0 19.31325074437748 51.0 20.078431372549023 1.3834532845382594 0.9662471048660553 3.4864782878754865 0.0 25.306913250458557 179.0 5.720670391061458 1.686638901112163 1.2169480978127294 4.805157531375327 0.0 26.260110011689164 163.0 6.28220858895705 4.623389552209654 4.626418050729 15.166946884958433 0.0 19.60975946760939 50.0 20.48 1.3563480630321534 0.9244808148542042 3.355582661291501 0.0 25.88146981749502 197.0 5.197969543147214 1.8416629130543483 1.3652785298102081 5.869339320126588 0.0 26.37732314425725 145.0 7.06206896551723 6.599812247510329 8.555497930014969 28.568402560419546 0.0 23.60727266036167 44.0 23.272727272727266 1.4685772678168236 1.0158776072768176 3.9592310638267834 0.0 25.16905258271956 175.0 5.851428571428562 1.4821718997126845 3.7743625924153417 41.78745222094094 0.0 29.348448643212514 638.0 1.6050156739811945 24.07319097332853 10.878977035411614 36.9901087825193 0.0 13.537096399266316 42.0 24.380952380952376 0.67316311656262 1.058939836325291 4.365364986724842 0.0 29.23826360004977 667.0 1.535232383808098 1.4169618569110516 3.4117222292526472 32.874741622928155 0.0 29.45164062088824 644.0 1.5900621118012397 26.413959054522664 9.991545507772553 41.631810312897706 0.0 9.48347659176922 38.0 26.947368421052634 0.6580914509313256 1.0264785295261905 3.5217069291965686 0.0 29.384316693613304 680.0 1.505882352941178 1.3946511866458113 3.502690858301952 45.01462284090048 0.0 29.345482224521774 641.0 1.5975039001560107 28.13662262744742 5.58675950686399 35.76295777937128 0.0 7.64368178375316 36.0 28.44444444444444 0.6977944404766012 1.0905571814145025 4.365364986724842 0.0 29.32950224089589 666.0 1.5375375375375404 1.129313757143165 2.767948492328883 23.652094789886817 0.0 29.413658038499978 684.0 1.4970760233918128 27.421530094777072 9.831648393942721 53.64297022869914 0.0 11.059622266921881 41.0 24.975609756097565 0.5891210616489316 0.9930814517694064 3.704693846379042 0.0 29.498874700218323 697.0 1.469153515064563 1.135585781639158 2.8927772083987895 23.652094789886817 0.0 29.40883712010666 689.0 1.4862119013062436 24.978338260222753 9.959891527054445 38.65636486938852 0.0 10.371450920221939 40.0 25.6 0.5844256913779273 0.969641860980298 3.51553738477806 0.0 29.47670389231597 708.0 1.4463276836158183 1.0341915817312846 2.54123759643848 23.652094789886817 0.0 29.42436973424261 687.0 1.490538573508007 26.670340323031425 7.762775065504378 33.450137581340485 0.0 7.318188880955937 36.0 28.44444444444444 0.5838169046359056 0.9975105003651454 4.7394594107427555 0.0 29.48142376938234 701.0 1.4607703281027096 
170.0005150327869 1.662047992390858 1.2469399895511895 4.6261065484396156 0.0 25.805246809142634 105.0 9.75238095238094 3.056263059684581 4.12259513383657 13.834661177334347 0.0 15.970947686880438 51.0 20.078431372549026 1.3246991553798906 0.9281394053322238 3.4836138576524758 0.0 26.000875782667034 126.0 8.126984126984144 1.679545656346174 1.2610382936326652 4.6261065484396156 0.0 26.68713448694342 111.0 9.225225225225216 3.215174161356519 4.115440220494991 13.241912419968985 0.0 16.309553926498698 49.0 20.89795918367347 1.3908781844308542 0.8738109125704658 3.332808309342373 0.0 26.04511531680806 132.0 7.757575757575764 1.6763960270105527 1.3550390034162314 5.6352774948562505 0.0 27.757446228101834 112.0 9.14285714285713 3.8649473481133176 6.466106547867601 24.628416408678792 0.0 21.257994108536618 46.0 22.260869565217398 1.410342496680556 0.9965322428027106 3.6016230121356916 0.0 26.215785468000025 126.0 8.126984126984144 0.0 0.0 0.0 0.0 0.0 1.0 1024.0 0.0 0.0 0.0 0.0 0.0 37.0 27.675675675675677 0.0 0.0 0.0 0.0 0.0 1.0 1024.0 0.0 0.0 0.0 0.0 0.0 1.0 1024.0 0.0 0.0 0.0 0.0 0.0 37.0 27.675675675675677 0.0 0.0 0.0 0.0 0.0 1.0 1024.0 0.0 0.0 0.0 0.0 0.0 1.0 1024.0 0.0 0.0 0.0 0.0 0.0 37.0 27.675675675675677 0.0 0.0 0.0 0.0 0.0 1.0 1024.0 1.782455879989256 1.2016724038456874 4.805157531375327 0.0 25.52871189225044 152.0 6.736842105263156 4.58106600659779 4.752829121290701 15.074033345448699 0.0 19.31325074437748 51.0 20.078431372549023 1.3834532845382594 0.9662471048660553 3.4864782878754865 0.0 25.306913250458557 179.0 5.720670391061458 1.6763385369849662 1.2203521597113223 4.805157531375327 0.0 26.334933432204352 164.0 6.243902439024386 4.623389552209654 4.626418050729 15.166946884958433 0.0 19.60975946760939 50.0 20.48 1.3563480630321534 0.9244808148542042 3.355582661291501 0.0 25.88146981749502 197.0 5.197969543147214 1.8416629130543483 1.3652785298102081 5.869339320126588 0.0 26.37732314425725 145.0 7.06206896551723 6.599812247510329 8.555497930014969 28.568402560419546 0.0 23.60727266036167 44.0 23.272727272727266 1.4685772678168236 1.0158776072768176 3.9592310638267834 0.0 25.16905258271956 175.0 5.851428571428562 1.4821718997126845 3.7743625924153417 41.78745222094094 0.0 29.348448643212514 638.0 1.6050156739811945 24.07319097332853 10.878977035411614 36.9901087825193 0.0 13.537096399266316 42.0 24.380952380952376 0.67316311656262 1.058939836325291 4.365364986724842 0.0 29.23826360004977 667.0 1.535232383808098 1.4169618569110516 3.4117222292526472 32.874741622928155 0.0 29.45164062088824 644.0 1.5900621118012397 26.413959054522664 9.991545507772553 41.631810312897706 0.0 9.48347659176922 38.0 26.947368421052634 0.6580914509313256 1.0264785295261905 3.5217069291965686 0.0 29.384316693613304 680.0 1.505882352941178 1.3946511866458113 3.502690858301952 45.01462284090048 0.0 29.345482224521774 641.0 1.5975039001560107 28.13662262744742 5.58675950686399 35.76295777937128 0.0 7.64368178375316 36.0 28.44444444444444 0.6977944404766012 1.0905571814145025 4.365364986724842 0.0 29.32950224089589 666.0 1.5375375375375404 1.129313757143165 2.767948492328883 23.652094789886817 0.0 29.413658038499978 684.0 1.4970760233918128 27.421530094777072 9.831648393942721 53.64297022869914 0.0 11.059622266921881 41.0 24.975609756097565 0.5891210616489316 0.9930814517694064 3.704693846379042 0.0 29.498874700218323 697.0 1.469153515064563 1.135585781639158 2.8927772083987895 23.652094789886817 0.0 29.40883712010666 689.0 1.4862119013062436 24.978338260222753 9.959891527054445 38.65636486938852 0.0 10.371450920221939 40.0 25.6 0.5844256913779273 0.969641860980298 3.51553738477806 0.0 29.47670389231597 708.0 1.4463276836158183 1.0341915817312846 2.54123759643848 23.652094789886817 0.0 29.42436973424261 687.0 1.490538573508007 26.670340323031425 7.762775065504378 33.450137581340485 0.0 7.318188880955937 36.0 28.44444444444444 0.5838169046359056 0.9975105003651454 4.7394594107427555 0.0 29.48142376938234 701.0 1.4607703281027096 
171.0005150327869 1.662047992390858 1.2469399895511895 4.6261065484396156 0.0 25.805246809142634 105.0 9.75238095238094 3.056263059684581 4.12259513383657 13.834661177334347 0.0 15.970947686880438 51.0 20.078431372549026 1.3246991553798906 0.9281394053322238 3.4836138576524758 0.0 26.000875782667034 126.0 8.126984126984144 1.679545656346174 1.2610382936326652 4.6261065484396156 0.0 26.68713448694342 111.0 9.225225225225216 3.215174161356519 4.115440220494991 13.241912419968985 0.0 16.309553926498698 49.0 20.89795918367347 1.3908781844308542 0.8738109125704658 3.332808309342373 0.0 26.04511531680806 132.0 7.757575757575764 1.6763960270105527 1.3550390034162314 5.6352774948562505 0.0 27.757446228101834 112.0 9.14285714285713 3.8649473481133176 6.466106547867601 24.628416408678792 0.0 21.257994108536618 46.0 22.260869565217398 1.410342496680556 0.9965322428027106 3.6016230121356916 0.0 26.215785468000025 126.0 8.126984126984144 0.0 0.0 0.0 0.0 0.0 1.0 1024.0 0.0 0.0 0.0 0.0 0.0 37.0 27.675675675675677 0.0 0.0 0.0 0.0 0.0 1.0 1024.0 0.0 0.0 0.0 0.0 0.0 1.0 1024.0 0.0 0.0 0.0 0.0 0.0 37.0 27.675675675675677 0.0 0.0 0.0 0.0 0.0 1.0 1024.0 0.0 0.0 0.0 0.0 0.0 1.0 1024.0 0.0 0.0 0.0 0.0 0.0 37.0 27.675675675675677 0.0 0.0 0.0 0.0 0.0 1.0 1024.0 1.782455879989256 1.2016724038456874 4.805157531375327 0.0 25.52871189225044 152.0 6.736842105263156 4.58106600659779 4.752829121290701 15.074033345448699 0.0 19.31325074437748 51.0 20.078431372549023 1.3834532845382594 0.9662471048660553 3.4864782878754865 0.0 25.306913250458557 179.0 5.720670391061458 1.6763385369849662 1.2203521597113223 4.805157531375327 0.0 26.334933432204352 164.0 6.243902439024386 4.623389552209654 4.626418050729 15.166946884958433 0.0 19.60975946760939 50.0 20.48 1.3563480630321534 0.9244808148542042 3.355582661291501 0.0 25.88146981749502 197.0 5.197969543147214 1.8416629130543483 1.3652785298102081 5.869339320126588 0.0 26.37732314425725 145.0 7.06206896551723 6.599812247510329 8.555497930014969 28.568402560419546 0.0 23.60727266036167 44.0 23.272727272727266 1.4685772678168236 1.0158776072768176 3.9592310638267834 0.0 25.16905258271956 175.0 5.851428571428562 1.4821718997126845 3.7743625924153417 41.78745222094094 0.0 29.348448643212514 638.0 1.6050156739811945 24.07319097332853 10.878977035411614 36.9901087825193 0.0 13.537096399266316 42.0 24.380952380952376 0.67316311656262 1.058939836325291 4.365364986724842 0.0 29.23826360004977 667.0 1.535232383808098 1.4169618569110516 3.4117222292526472 32.874741622928155 0.0 29.45164062088824 644.0 1.5900621118012397 26.413959054522664 9.991545507772553 41.631810312897706 0.0 9.48347659176922 38.0 26.947368421052634 0.6580914509313256 1.0264785295261905 3.5217069291965686 0.0 29.384316693613304 680.0 1.505882352941178 1.3946511866458113 3.502690858301952 45.01462284090048 0.0 29.345482224521774 641.0 1.5975039001560107 28.13662262744742 5.58675950686399 35.76295777937128 0.0 7.64368178375316 36.0 28.44444444444444 0.6977944404766012 1.0905571814145025 4.365364986724842 0.0 29.32950224089589 666.0 1.5375375375375404 1.129313757143165 2.767948492328883 23.652094789886817 0.0 29.413658038499978 684.0 1.4970760233918128 27.421530094777072 9.831648393942721 53.64297022869914 0.0 11.059622266921881 41.0 24.975609756097565 0.5891210616489316 0.9930814517694064 3.704693846379042 0.0 29.498874700218323 697.0 1.469153515064563 1.135585781639158 2.8927772083987895 23.652094789886817 0.0 29.40883712010666 689.0 1.4862119013062436 24.978338260222753 9.959891527054445 38.65636486938852 0.0 10.371450920221939 40.0 25.6 0.5844256913779273 0.969641860980298 3.51553738477806 0.0 29.47670389231597 708.0 1.4463276836158183 1.0341915817312846 2.54123759643848 23.652094789886817 0.0 29.42436973424261 687.0 1.490538573508007 26.670340323031425 7.762775065504378 33.450137581340485 0.0 7.318188880955937 36.0 28.44444444444444 0.5838169046359056 0.9975105003651454 4.7394594107427555 0.0 29.48142376938234 701.0 1.4607703281027096 
172.0005150327869 1.662047992390858 1.2469399895511895 4.6261065484396156 0.0 25.805246809142634 105.0 9.75238095238094 3.056263059684581 4.12259513383657 13.834661177334347 0.0 15.970947686880438 51.0 20.078431372549026 1.3246991553798906 0.9281394053322238 3.4836138576524758 0.0 26.000875782667034 126.0 8.126984126984144 1.679545656346174 1.2610382936326652 4.6261065484396156 0.0 26.68713448694342 111.0 9.225225225225216 3.215174161356519 4.115440220494991 13.241912419968985 0.0 16.309553926498698 49.0 20.89795918367347 1.3908781844308542 0.8738109125704658 3.332808309342373 0.0 26.04511531680806 132.0 7.757575757575764 1.6763960270105527 1.3550390034162314 5.6352774948562505 0.0 27.757446228101834 112.0 9.14285714285713 3.8649473481133176 6.466106547867601 24.628416408678792 0.0 21.257994108536618 46.0 22.260869565217398 1.410342496680556 0.9965322428027106 3.6016230121356916 0.0 26.215785468000025 126.0 8.126984126984144 0.0 0.0 0.0 0.0 0.0 1.0 1024.0 0.0 0.0 0.0 0.0 0.0 37.0 27.675675675675677 0.0 0.0 0.0 0.0 0.0 1.0 1024.0 0.0 0.0 0.0 0.0 0.0 1.0 1024.0 0.0 0.0 0.0 0.0 0.0 37.0 27.675675675675677 0.0 0.0 0.0 0.0 0.0 1.0 1024.0 0.0 0.0 0.0 0.0 0.0 1.0 1024.0 0.0 0.0 0.0 0.0 0.0 37.0 27.675675675675677 0.0 0.0 0.0 0.0 0.0 1.0 1024.0 1.782455879989256 1.2016724038456874 4.805157531375327 0.0 25.52871189225044 152.0 6.736842105263156 4.58106600659779 4.752829121290701 15.074033345448699 0.0 19.31325074437748 51.0 20.078431372549023 1.3834532845382594 0.9662471048660553 3.4864782878754865 0.0 25.306913250458557 179.0 5.720670391061458 1.6763385369849662 1.2203521597113223 4.805157531375327 0.0 26.334933432204352 164.0 6.243902439024386 4.623389552209654 4.626418050729 15.166946884958433 0.0 19.60975946760939 50.0 20.48 1.3492662209298414 0.9273601480532749 3.355582661291501 0.0 25.933168733421496 198.0 5.17171717171717 1.8416629130543483 1.3652785298102081 5.869339320126588 0.0 26.37732314425725 145.0 7.06206896551723 6.599812247510329 8.555497930014969 28.568402560419546 0.0 23.60727266036167 44.0 23.272727272727266 1.4685772678168236 1.0158776072768176 3.9592310638267834 0.0 25.16905258271956 175.0 5.851428571428562 1.4821718997126845 3.7743625924153417 41.78745222094094 0.0 29.348448643212514 638.0 1.6050156739811945 24.07319097332853 10.878977035411614 36.9901087825193 0.0 13.537096399266316 42.0 24.380952380952376 0.67316311656262 1.058939836325291 4.365364986724842 0.0 29.23826360004977 667.0 1.535232383808098 1.4169618569110516 3.4117222292526472 32.874741622928155 0.0 29.45164062088824 644.0 1.5900621118012397 26.413959054522664 9.991545507772553 41.631810312897706 0.0 9.48347659176922 38.0 26.947368421052634 0.6580914509313256 1.0264785295261905 3.5217069291965686 0.0 29.384316693613304 680.0 1.505882352941178 1.3946511866458113 3.502690858301952 45.01462284090048 0.0 29.345482224521774 641.0 1.5975039001560107 28.13662262744742 5.58675950686399 35.76295777937128 0.0 7.64368178375316 36.0 28.44444444444444 0.6977944404766012 1.0905571814145025 4.365364986724842 0.0 29.32950224089589 666.0 1.5375375375375404 1.129313757143165 2.767948492328883 23.652094789886817 0.0 29.413658038499978 684.0 1.4970760233918128 27.421530094777072 9.831648393942721 53.64297022869914 0.0 11.059622266921881 41.0 24.975609756097565 0.5891210616489316 0.9930814517694064 3.704693846379042 0.0 29.498874700218323 697.0 1.469153515064563 1.135585781639158 2.8927772083987895 23.652094789886817 0.0 29.40883712010666 689.0 1.4862119013062436 24.978338260222753 9.959891527054445 38.65636486938852 0.0 10.371450920221939 40.0 25.6 0.5821309246481473 0.9692956957162615 3.51553738477806 0.0 29.45685901599688 709.0 1.4442877291960523 1.0341915817312846 2.54123759643848 23.652094789886817 0.0 29.42436973424261 687.0 1.490538573508007 26.670340323031425 7.762775065504378 33.450137581340485 0.0 7.318188880955937 36.0 28.44444444444444 0.5838169046359056 0.9975105003651454 4.7394594107427555 0.0 29.48142376938234 701.0 1.4607703281027096 
173.0005150327869 1.662047992390858 1.2469399895511895 4.6261065484396156 0.0 25.805246809142634 105.0 9.75238095238094 3.056263059684581 4.12259513383657 13.834661177334347 0.0 15.970947686880438 51.0 20.078431372549026 1.3246991553798906 0.9281394053322238 3.4836138576524758 0.0 26.000875782667034 126.0 8.126984126984144 1.6790586671834684 1.261505253212648 4.6261065484396156 0.0 26.68652593505088 111.0 9.225225225225218 3.215174161356519 4.115440220494991 13.241912419968985 0.0 16.309553926498698 49.0 20.89795918367347 1.3908781844308542 0.8738109125704658 3.332808309342373 0.0 26.04511531680806 132.0 7.757575757575764 1.6763960270105527 1.3550390034162314 5.6352774948562505 0.0 27.757446228101834 112.0 9.14285714285713 3.8649473481133176 6.466106547867601 24.628416408678792 0.0 21.257994108536618 46.0 22.260869565217398 1.410342496680556 0.9965322428027106 3.6016230121356916 0.0 26.215785468000025 126.0 8.126984126984144 0.0 0.0 0.0 0.0 0.0 1.0 1024.0 0.0 0.0 0.0 0.0 0.0 37.0 27.675675675675677 0.0 0.0 0.0 0.0 0.0 1.0 1024.0 0.0 0.0 0.0 0.0 0.0 1.0 1024.0 0.0 0.0 0.0 0.0 0.0 37.0 27.675675675675677 0.0 0.0 0.0 0.0 0.0 1.0 1024.0 0.0 0.0 0.0 0.0 0.0 1.0 1024.0 0.0 0.0 0.0 0.0 0.0 37.0 27.675675675675677 0.0 0.0 0.0 0.0 0.0 1.0 1024.0 1.7823398754833815 1.2018040728800954 4.805157531375327 0.0 25.528955741882886 152.0 6.736842105263156 4.58106600659779 4.752829121290701 15.074033345448699 0.0 19.31325074437748 51.0 20.078431372549023 1.3834532845382594 0.9662471048660553 3.4864782878754865 0.0 25.306913250458557 179.0 5.720670391061458 1.6763385369849662 1.2203521597113223 4.805157531375327 0.0 26.334933432204352 164.0 6.243902439024386 4.623389552209654 4.626418050729 15.166946884958433 0.0 19.60975946760939 50.0 20.48 1.3492662209298414 0.9273601480532749 3.355582661291501 0.0 25.933168733421496 198.0 5.17171717171717 1.8416629130543483 1.3652785298102081 5.869339320126588 0.0 26.37732314425725 145.0 7.06206896551723 6.599812247510329 8.555497930014969 28.568402560419546 0.0 23.60727266036167 44.0 23.272727272727266 1.4685772678168236 1.0158776072768176 3.9592310638267834 0.0 25.16905258271956 175.0 5.851428571428562 1.4821718997126845 3.7743625924153417 41.78745222094094 0.0 29.348448643212514 638.0 1.6050156739811945 24.07319097332853 10.878977035411614 36.9901087825193 0.0 13.537096399266316 42.0 24.380952380952376 0.67316311656262 1.058939836325291 4.365364986724842 0.0 29.23826360004977 667.0 1.535232383808098 1.4169618569110516 3.4117222292526472 32.874741622928155 0.0 29.45164062088824 644.0 1.5900621118012397 26.413959054522664 9.991545507772553 41.631810312897706 0.0 9.48347659176922 38.0 26.947368421052634 0.6580914509313256 1.0264785295261905 3.5217069291965686 0.0 29.384316693613304 680.0 1.505882352941178 1.3946511866458113 3.502690858301952 45.01462284090048 0.0 29.345482224521774 641.0 1.5975039001560107 28.13662262744742 5.58675950686399 35.76295777937128 0.0 7.64368178375316 36.0 28.44444444444444 0.6977944404766012 1.0905571814145025 4.365364986724842 0.0 29.32950224089589 666.0 1.5375375375375404 1.129313757143165 2.767948492328883 23.652094789886817 0.0 29.413658038499978 684.0 1.4970760233918128 27.421530094777072 9.831648393942721 53.64297022869914 0.0 11.059622266921881 41.0 24.975609756097565 0.5891210616489316 0.9930814517694064 3.704693846379042 0.0 29.498874700218323 697.0 1.469153515064563 1.135585781639158 2.8927772083987895 23.652094789886817 0.0 29.40883712010666 689.0 1.4862119013062436 24.978338260222753 9.959891527054445 38.65636486938852 0.0 10.371450920221939 40.0 25.6 0.5821309246481473 0.9692956957162615 3.51553738477806 0.0 29.45685901599688 709.0 1.4442877291960523 1.0341915817312846 2.54123759643848 23.652094789886817 0.0 29.42436973424261 687.0 1.490538573508007 26.670340323031425 7.762775065504378 33.450137581340485 0.0 7.318188880955937 36.0 28.44444444444444 0.5838169046359056 0.9975105003651454 4.7394594107427555 0.0 29.48142376938234 701.0 1.4607703281027096 
174.0005150327869 1.662047992390858 1.2469399895511895 4.6261065484396156 0.0 25.805246809142634 105.0 9.75238095238094 3.056263059684581 4.12259513383657 13.834661177334347 0.0 15.970947686880438 51.0 20.078431372549026 1.3246991553798906 0.9281394053322238 3.4836138576524758 0.0 26.000875782667034 126.0 8.126984126984144 1.6569211438963247 1.2731482991717835 4.6261065484396156 0.0 26.695347405903874 112.0 9.142857142857132 3.215174161356519 4.115440220494991 13.241912419968985 0.0 16.309553926498698 49.0 20.89795918367347 1.3908781844308542 0.8738109125704658 3.332808309342373 0.0 26.04511531680806 132.0 7.757575757575764 1.6768659318225114 1.354414582917517 5.6352774948562505 0.0 27.758267068957743 112.0 9.14285714285713 3.8649473481133176 6.466106547867601 24.628416408678792 0.0 21.257994108536618 46.0 22.260869565217398 1.410342496680556 0.9965322428027106 3.6016230121356916 0.0 26.215785468000025 126.0 8.126984126984144 0.0 0.0 0.0 0.0 0.0 1.0 1024.0 0.0 0.0 0.0 0.0 0.0 37.0 27.675675675675677 0.0 0.0 0.0 0.0 0.0 1.0 1024.0 0.0 0.0 0.0 0.0 0.0 1.0 1024.0 0.0 0.0 0.0 0.0 0.0 37.0 27.675675675675677 0.0 0.0 0.0 0.0 0.0 1.0 1024.0 0.0 0.0 0.0 0.0 0.0 1.0 1024.0 0.0 0.0 0.0 0.0 0.0 37.0 27.675675675675677 0.0 0.0 0.0 0.0 0.0 1.0 1024.0 1.7823398754833815 1.2018040728800954 4.805157531375327 0.0 25.528955741882886 152.0 6.736842105263156 4.58106600659779 4.752829121290701 15.074033345448699 0.0 19.31325074437748 51.0 20.078431372549023 1.3834532845382594 0.9662471048660553 3.4864782878754865 0.0 25.306913250458557 179.0 5.720670391061458 1.6643372748533747 1.2256292441041727 4.805157531375327 0.0 26.381849927638267 165.0 6.206060606060609 4.623389552209654 4.626418050729 15.166946884958433 0.0 19.60975946760939 50.0 20.48 1.356921262536659 0.923569108788385 3.355582661291501 0.0 25.88017605851094 197.0 5.197969543147214 1.8416629130543483 1.3652785298102081 5.869339320126588 0.0 26.37732314425725 145.0 7.06206896551723 6.599812247510329 8.555497930014969 28.568402560419546 0.0 23.60727266036167 44.0 23.272727272727266 1.4685772678168236 1.0158776072768176 3.9592310638267834 0.0 25.16905258271956 175.0 5.851428571428562 1.4821718997126845 3.7743625924153417 41.78745222094094 0.0 29.348448643212514 638.0 1.6050156739811945 24.07319097332853 10.878977035411614 36.9901087825193 0.0 13.537096399266316 42.0 24.380952380952376 0.67316311656262 1.058939836325291 4.365364986724842 0.0 29.23826360004977 667.0 1.535232383808098 1.4169618569110516 3.4117222292526472 32.874741622928155 0.0 29.45164062088824 644.0 1.5900621118012397 26.413959054522664 9.991545507772553 41.631810312897706 0.0 9.48347659176922 38.0 26.947368421052634 0.6580914509313256 1.0264785295261905 3.5217069291965686 0.0 29.384316693613304 680.0 1.505882352941178 1.3946511866458113 3.502690858301952 45.01462284090048 0.0 29.345482224521774 641.0 1.5975039001560107 28.13662262744742 5.58675950686399 35.76295777937128 0.0 7.64368178375316 36.0 28.44444444444444 0.6977944404766012 1.0905571814145025 4.365364986724842 0.0 29.32950224089589 666.0 1.5375375375375404 1.129313757143165 2.767948492328883 23.652094789886817 0.0 29.413658038499978 684.0 1.4970760233918128 27.421530094777072 9.831648393942721 53.64297022869914 0.0 11.059622266921881 41.0 24.975609756097565 0.5891210616489316 0.9930814517694064 3.704693846379042 0.0 29.498874700218323 697.0 1.469153515064563 1.135585781639158 2.8927772083987895 23.652094789886817 0.0 29.40883712010666 689.0 1.4862119013062436 24.978338260222753 9.959891527054445 38.65636486938852 0.0 10.371450920221939 40.0 25.6 0.5821309246481473 0.9692956957162615 3.51553738477806 0.0 29.45685901599688 709.0 1.4442877291960523 1.0341915817312846 2.54123759643848 23.652094789886817 0.0 29.42436973424261 687.0 1.490538573508007 26.670340323031425 7.762775065504378 33.450137581340485 0.0 7.318188880955937 36.0 28.44444444444444 0.5838169046359056 0.9975105003651454 4.7394594107427555 0.0 29.48142376938234 701.0 1.4607703281027096 
175.0005150327869 1.6619920206465317 1.2470066041222598 4.6261065484396156 0.0 25.805519173152252 105.0 9.75238095238094 3.056263059684581 4.12259513383657 13.834661177334347 0.0 15.970947686880438 51.0 20.078431372549026 1.3246991553798906 0.9281394053322238 3.4836138576524758 0.0 26.000875782667034 126.0 8.126984126984144 1.6715115248725467 1.2624258094200482 4.6261065484396156 0.0 26.713902194683 112.0 9.142857142857132 3.215174161356519 4.115440220494991 13.241912419968985 0.0 16.309553926498698 49.0 20.89795918367347 1.3908781844308542 0.8738109125704658 3.332808309342373 0.0 26.04511531680806 132.0 7.757575757575764 1.6768659318225114 1.354414582917517 5.6352774948562505 0.0 27.758267068957743 112.0 9.14285714285713 3.8649473481133176 6.466106547867601 24.628416408678792 0.0 21.257994108536618 46.0 22.260869565217398 1.410342496680556 0.9965322428027106 3.6016230121356916 0.0 26.215785468000025 126.0 8.126984126984144 0.0 0.0 0.0 0.0 0.0 1.0 1024.0 0.0 0.0 0.0 0.0 0.0 37.0 27.675675675675677 0.0 0.0 0.0 0.0 0.0 1.0 1024.0 0.0 0.0 0.0 0.0 0.0 1.0 1024.0 0.0 0.0 0.0 0.0 0.0 37.0 27.675675675675677 0.0 0.0 0.0 0.0 0.0 1.0 1024.0 0.0 0.0 0.0 0.0 0.0 1.0 1024.0 0.0 0.0 0.0 0.0 0.0 37.0 27.675675675675677 0.0 0.0 0.0 0.0 0.0 1.0 1024.0 1.7821205418749824 1.2020590923866818 4.805157531375327 0.0 25.52944761033426 152.0 6.736842105263156 4.58106600659779 4.752829121290701 15.074033345448699 0.0 19.31325074437748 51.0 20.078431372549023 1.3834532845382594 0.9662471048660553 3.4864782878754865 0.0 25.306913250458557 179.0 5.720670391061458 1.6695485424576422 1.2232607438599252 4.805157531375327 0.0 26.401686497882544 165.0 6.206060606060609 4.623389552209654 4.626418050729 15.166946884958433 0.0 19.60975946760939 50.0 20.48 1.356921262536659 0.923569108788385 3.355582661291501 0.0 25.88017605851094 197.0 5.197969543147214 1.8416629130543483 1.3652785298102081 5.869339320126588 0.0 26.37732314425725 145.0 7.06206896551723 6.599812247510329 8.555497930014969 28.568402560419546 0.0 23.60727266036167 44.0 23.272727272727266 1.4685772678168236 1.0158776072768176 3.9592310638267834 0.0 25.16905258271956 175.0 5.851428571428562 1.4821718997126845 3.7743625924153417 41.78745222094094 0.0 29.348448643212514 638.0 1.6050156739811945 24.07319097332853 10.878977035411614 36.9901087825193 0.0 13.537096399266316 42.0 24.380952380952376 0.67316311656262 1.058939836325291 4.365364986724842 0.0 29.23826360004977 667.0 1.535232383808098 1.4169618569110516 3.4117222292526472 32.874741622928155 0.0 29.45164062088824 644.0 1.5900621118012397 26.413959054522664 9.991545507772553 41.631810312897706 0.0 9.48347659176922 38.0 26.947368421052634 0.6580914509313256 1.0264785295261905 3.5217069291965686 0.0 29.384316693613304 680.0 1.505882352941178 1.3946511866458113 3.502690858301952 45.01462284090048 0.0 29.345482224521774 641.0 1.5975039001560107 28.13662262744742 5.58675950686399 35.76295777937128 0.0 7.64368178375316 36.0 28.44444444444444 0.6977944404766012 1.0905571814145025 4.365364986724842 0.0 29.32950224089589 666.0 1.5375375375375404 1.129313757143165 2.767948492328883 23.652094789886817 0.0 29.413658038499978 684.0 1.4970760233918128 27.421530094777072 9.831648393942721 53.64297022869914 0.0 11.059622266921881 41.0 24.975609756097565 0.5891210616489316 0.9930814517694064 3.704693846379042 0.0 29.498874700218323 697.0 1.469153515064563 1.135585781639158 2.8927772083987895 23.652094789886817 0.0 29.40883712010666 689.0 1.4862119013062436 24.978338260222753 9.959891527054445 38.65636486938852 0.0 10.371450920221939 40.0 25.6 0.5821309246481473 0.9692956957162615 3.51553738477806 0.0 29.45685901599688 709.0 1.4442877291960523 1.0341915817312846 2.54123759643848 23.652094789886817 0.0 29.42436973424261 687.0 1.490538573508007 26.670340323031425 7.762775065504378 33.450137581340485 0.0 7.318188880955937 36.0 28.44444444444444 0.5838169046359056 0.9975105003651454 4.7394594107427555 0.0 29.48142376938234 701.0 1.4607703281027096 
176.0005150327869 1.6613722415487209 1.247816794838479 4.6261065484396156 0.0 25.805186505174017 105.0 9.75238095238094 3.056263059684581 4.12259513383657 13.834661177334347 0.0 15.970947686880438 51.0 20.078431372549026 1.3246991553798906 0.9281394053322238 3.4836138576524758 0.0 26.000875782667034 126.0 8.126984126984144 1.6626389210554517 1.2689834547580066 4.6261065484396156 0.0 26.73111040846713 112.0 9.142857142857132 3.215174161356519 4.115440220494991 13.241912419968985 0.0 16.309553926498698 49.0 20.89795918367347 1.3908781844308542 0.8738109125704658 3.332808309342373 0.0 26.04511531680806 132.0 7.757575757575764 1.6768659318225114 1.354414582917517 5.6352774948562505 0.0 27.758267068957743 112.0 9.14285714285713 3.8649473481133176 6.466106547867601 24.628416408678792 0.0 21.257994108536618 46.0 22.260869565217398 1.410342496680556 0.9965322428027106 3.6016230121356916 0.0 26.215785468000025 126.0 8.126984126984144 0.0 0.0 0.0 0.0 0.0 1.0 1024.0 0.0 0.0 0.0 0.0 0.0 37.0 27.675675675675677 0.0 0.0 0.0 0.0 0.0 1.0 1024.0 0.0 0.0 0.0 0.0 0.0 1.0 1024.0 0.0 0.0 0.0 0.0 0.0 37.0 27.675675675675677 0.0 0.0 0.0 0.0 0.0 1.0 1024.0 0.0 0.0 0.0 0.0 0.0 1.0 1024.0 0.0 0.0 0.0 0.0 0.0 37.0 27.675675675675677 0.0 0.0 0.0 0.0 0.0 1.0 1024.0 1.7819855434792222 1.2022199273340808 4.805157531375327 0.0 25.52969991209085 152.0 6.736842105263156 4.58106600659779 4.752829121290701 15.074033345448699 0.0 19.31325074437748 51.0 20.078431372549023 1.3834532845382594 0.9662471048660553 3.4864782878754865 0.0 25.306913250458557 179.0 5.720670391061458 1.6801236189049957 1.219942492852537 4.805157531375327 0.0 26.33204505872407 164.0 6.243902439024386 4.623389552209654 4.626418050729 15.166946884958433 0.0 19.60975946760939 50.0 20.48 1.3499724301017983 0.9263434774605609 3.355582661291501 0.0 25.922469836112334 198.0 5.17171717171717 1.8416629130543483 1.3652785298102081 5.869339320126588 0.0 26.37732314425725 145.0 7.06206896551723 6.599812247510329 8.555497930014969 28.568402560419546 0.0 23.60727266036167 44.0 23.272727272727266 1.4685772678168236 1.0158776072768176 3.9592310638267834 0.0 25.16905258271956 175.0 5.851428571428562 1.4821718997126845 3.7743625924153417 41.78745222094094 0.0 29.348448643212514 638.0 1.6050156739811945 24.07319097332853 10.878977035411614 36.9901087825193 0.0 13.537096399266316 42.0 24.380952380952376 0.67316311656262 1.058939836325291 4.365364986724842 0.0 29.23826360004977 667.0 1.535232383808098 1.4169618569110516 3.4117222292526472 32.874741622928155 0.0 29.45164062088824 644.0 1.5900621118012397 26.413959054522664 9.991545507772553 41.631810312897706 0.0 9.48347659176922 38.0 26.947368421052634 0.6580914509313256 1.0264785295261905 3.5217069291965686 0.0 29.384316693613304 680.0 1.505882352941178 1.3946511866458113 3.502690858301952 45.01462284090048 0.0 29.345482224521774 641.0 1.5975039001560107 28.13662262744742 5.58675950686399 35.76295777937128 0.0 7.64368178375316 36.0 28.44444444444444 0.6977944404766012 1.0905571814145025 4.365364986724842 0.0 29.32950224089589 666.0 1.5375375375375404 1.129313757143165 2.767948492328883 23.652094789886817 0.0 29.413658038499978 684.0 1.4970760233918128 27.421530094777072 9.831648393942721 53.64297022869914 0.0 11.059622266921881 41.0 24.975609756097565 0.5891210616489316 0.9930814517694064 3.704693846379042 0.0 29.498874700218323 697.0 1.469153515064563 1.135585781639158 2.8927772083987895 23.652094789886817 0.0 29.40883712010666 689.0 1.4862119013062436 24.978338260222753 9.959891527054445 38.65636486938852 0.0 10.371450920221939 40.0 25.6 0.5821309246481473 0.9692956957162615 3.51553738477806 0.0 29.45685901599688 709.0 1.4442877291960523 1.0341915817312846 2.54123759643848 23.652094789886817 0.0 29.42436973424261 687.0 1.490538573508007 26.670340323031425 7.762775065504378 33.450137581340485 0.0 7.318188880955937 36.0 28.44444444444444 0.5838169046359056 0.9975105003651454 4.7394594107427555 0.0 29.48142376938234 701.0 1.4607703281027096 
177.0005150327869 1.67731744633212 1.2430425053823067 4.6261065484396156 0.0 25.728496822580222 104.0 9.846153846153836 3.056263059684581 4.12259513383657 13.834661177334347 0.0 15.970947686880438 51.0 20.078431372549026 1.3246991553798906 0.9281394053322238 3.4836138576524758 0.0 26.000875782667034 126.0 8.126984126984144 1.6631743074437408 1.2689777694019402 4.6261065484396156 0.0 26.73385166029911 112.0 9.142857142857132 3.215174161356519 4.115440220494991 13.241912419968985 0.0 16.309553926498698 49.0 20.89795918367347 1.3908781844308542 0.8738109125704658 3.332808309342373 0.0 26.04511531680806 132.0 7.757575757575764 1.6768659318225114 1.354414582917517 5.6352774948562505 0.0 27.758267068957743 112.0 9.14285714285713 3.8649473481133176 6.466106547867601 24.628416408678792 0.0 21.257994108536618 46.0 22.260869565217398 1.410342496680556 0.9965322428027106 3.6016230121356916 0.0 26.215785468000025 126.0 8.126984126984144 0.0 0.0 0.0 0.0 0.0 1.0 1024.0 0.0 0.0 0.0 0.0 0.0 37.0 27.675675675675677 0.0 0.0 0.0 0.0 0.0 1.0 1024.0 0.0 0.0 0.0 0.0 0.0 1.0 1024.0 0.0 0.0 0.0 0.0 0.0 37.0 27.675675675675677 0.0 0.0 0.0 0.0 0.0 1.0 1024.0 0.0 0.0 0.0 0.0 0.0 1.0 1024.0 0.0 0.0 0.0 0.0 0.0 37.0 27.675675675675677 0.0 0.0 0.0 0.0 0.0 1.0 1024.0 1.7819855434792222 1.2022199273340808 4.805157531375327 0.0 25.52969991209085 152.0 6.736842105263156 4.58106600659779 4.752829121290701 15.074033345448699 0.0 19.31325074437748 51.0 20.078431372549023 1.3834532845382594 0.9662471048660553 3.4864782878754865 0.0 25.306913250458557 179.0 5.720670391061458 1.6801236189049957 1.219942492852537 4.805157531375327 0.0 26.33204505872407 164.0 6.243902439024386 4.623389552209654 4.626418050729 15.166946884958433 0.0 19.60975946760939 50.0 20.48 1.3499724301017983 0.9263434774605609 3.355582661291501 0.0 25.922469836112334 198.0 5.17171717171717 1.8416629130543483 1.3652785298102081 5.869339320126588 0.0 26.37732314425725 145.0 7.06206896551723 6.599812247510329 8.555497930014969 28.568402560419546 0.0 23.60727266036167 44.0 23.272727272727266 1.4685772678168236 1.0158776072768176 3.9592310638267834 0.0 25.16905258271956 175.0 5.851428571428562 1.4821718997126845 3.7743625924153417 41.78745222094094 0.0 29.348448643212514 638.0 1.6050156739811945 24.07319097332853 10.878977035411614 36.9901087825193 0.0 13.537096399266316 42.0 24.380952380952376 0.67316311656262 1.058939836325291 4.365364986724842 0.0 29.23826360004977 667.0 1.535232383808098 1.4169618569110516 3.4117222292526472 32.874741622928155 0.0 29.45164062088824 644.0 1.5900621118012397 26.413959054522664 9.991545507772553 41.631810312897706 0.0 9.48347659176922 38.0 26.947368421052634 0.6580914509313256 1.0264785295261905 3.5217069291965686 0.0 29.384316693613304 680.0 1.505882352941178 1.3946511866458113 3.502690858301952 45.01462284090048 0.0 29.345482224521774 641.0 1.5975039001560107 28.13662262744742 5.58675950686399 35.76295777937128 0.0 7.64368178375316 36.0 28.44444444444444 0.6977944404766012 1.0905571814145025 4.365364986724842 0.0 29.32950224089589 666.0 1.5375375375375404 1.129313757143165 2.767948492328883 23.652094789886817 0.0 29.413658038499978 684.0 1.4970760233918128 27.421530094777072 9.831648393942721 53.64297022869914 0.0 11.059622266921881 41.0 24.975609756097565 0.5891210616489316 0.9930814517694064 3.704693846379042 0.0 29.498874700218323 697.0 1.469153515064563 1.135585781639158 2.8927772083987895 23.652094789886817 0.0 29.40883712010666 689.0 1.4862119013062436 24.978338260222753 9.959891527054445 38.65636486938852 0.0 10.371450920221939 40.0 25.6 0.5821309246481473 0.9692956957162615 3.51553738477806 0.0 29.45685901599688 709.0 1.4442877291960523 1.0341915817312846 2.54123759643848 23.652094789886817 0.0 29.42436973424261 687.0 1.490538573508007 26.670340323031425 7.762775065504378 33.450137581340485 0.0 7.318188880955937 36.0 28.44444444444444 0.5838169046359056 0.9975105003651454 4.7394594107427555 0.0 29.48142376938234 701.0 1.4607703281027096 
178.0005150327869 1.67731744633212 1.2430425053823067 4.6261065484396156 0.0 25.728496822580222 104.0 9.846153846153836 3.056263059684581 4.12259513383657 13.834661177334347 0.0 15.970947686880438 51.0 20.078431372549026 1.3246991553798906 0.9281394053322238 3.4836138576524758 0.0 26.000875782667034 126.0 8.126984126984144 1.6620281464841609 1.2699147740312364 4.6261065484396156 0.0 26.733655278875414 112.0 9.142857142857132 3.215174161356519 4.115440220494991 13.241912419968985 0.0 16.309553926498698 49.0 20.89795918367347 1.3908781844308542 0.8738109125704658 3.332808309342373 0.0 26.04511531680806 132.0 7.757575757575764 1.6768659318225114 1.354414582917517 5.6352774948562505 0.0 27.758267068957743 112.0 9.14285714285713 3.8649473481133176 6.466106547867601 24.628416408678792 0.0 21.257994108536618 46.0 22.260869565217398 1.410342496680556 0.9965322428027106 3.6016230121356916 0.0 26.215785468000025 126.0 8.126984126984144 0.0 0.0 0.0 0.0 0.0 1.0 1024.0 0.0 0.0 0.0 0.0 0.0 37.0 27.675675675675677 0.0 0.0 0.0 0.0 0.0 1.0 1024.0 0.0 0.0 0.0 0.0 0.0 1.0 1024.0 0.0 0.0 0.0 0.0 0.0 37.0 27.675675675675677 0.0 0.0 0.0 0.0 0.0 1.0 1024.0 0.0 0.0 0.0 0.0 0.0 1.0 1024.0 0.0 0.0 0.0 0.0 0.0 37.0 27.675675675675677 0.0 0.0 0.0 0.0 0.0 1.0 1024.0 1.7819855434792222 1.2022199273340808 4.805157531375327 0.0 25.52969991209085 152.0 6.736842105263156 4.58106600659779 4.752829121290701 15.074033345448699 0.0 19.31325074437748 51.0 20.078431372549023 1.3834532845382594 0.9662471048660553 3.4864782878754865 0.0 25.306913250458557 179.0 5.720670391061458 1.6801236189049957 1.219942492852537 4.805157531375327 0.0 26.33204505872407 164.0 6.243902439024386 4.623389552209654 4.626418050729 15.166946884958433 0.0 19.60975946760939 50.0 20.48 1.3571983129082297 0.9215184288246911 3.355582661291501 0.0 25.916004580392304 198.0 5.1717171717171695 1.8416629130543483 1.3652785298102081 5.869339320126588 0.0 26.37732314425725 145.0 7.06206896551723 6.599812247510329 8.555497930014969 28.568402560419546 0.0 23.60727266036167 44.0 23.272727272727266 1.4685772678168236 1.0158776072768176 3.9592310638267834 0.0 25.16905258271956 175.0 5.851428571428562 1.4821718997126845 3.7743625924153417 41.78745222094094 0.0 29.348448643212514 638.0 1.6050156739811945 24.07319097332853 10.878977035411614 36.9901087825193 0.0 13.537096399266316 42.0 24.380952380952376 0.67316311656262 1.058939836325291 4.365364986724842 0.0 29.23826360004977 667.0 1.535232383808098 1.4169618569110516 3.4117222292526472 32.874741622928155 0.0 29.45164062088824 644.0 1.5900621118012397 26.413959054522664 9.991545507772553 41.631810312897706 0.0 9.48347659176922 38.0 26.947368421052634 0.6580914509313256 1.0264785295261905 3.5217069291965686 0.0 29.384316693613304 680.0 1.505882352941178 1.3946511866458113 3.502690858301952 45.01462284090048 0.0 29.345482224521774 641.0 1.5975039001560107 28.13662262744742 5.58675950686399 35.76295777937128 0.0 7.64368178375316 36.0 28.44444444444444 0.6977944404766012 1.0905571814145025 4.365364986724842 0.0 29.32950224089589 666.0 1.5375375375375404 1.129313757143165 2.767948492328883 23.652094789886817 0.0 29.413658038499978 684.0 1.4970760233918128 27.421530094777072 9.831648393942721 53.64297022869914 0.0 11.059622266921881 41.0 24.975609756097565 0.5891210616489316 0.9930814517694064 3.704693846379042 0.0 29.498874700218323 697.0 1.469153515064563 1.135585781639158 2.8927772083987895 23.652094789886817 0.0 29.40883712010666 689.0 1.4862119013062436 24.978338260222753 9.959891527054445 38.65636486938852 0.0 10.371450920221939 40.0 25.6 0.5821309246481473 0.9692956957162615 3.51553738477806 0.0 29.45685901599688 709.0 1.4442877291960523 1.0341915817312846 2.54123759643848 23.652094789886817 0.0 29.42436973424261 687.0 1.490538573508007 26.670340323031425 7.762775065504378 33.450137581340485 0.0 7.318188880955937 36.0 28.44444444444444 0.5838169046359056 0.9975105003651454 4.7394594107427555 0.0 29.48142376938234 701.0 1.4607703281027096 
179.0005150327869 1.67731744633212 1.2430425053823067 4.6261065484396156 0.0 25.728496822580222 104.0 9.846153846153836 3.056263059684581 4.12259513383657 13.834661177334347 0.0 15.970947686880438 51.0 20.078431372549026 1.3246991553798906 0.9281394053322238 3.4836138576524758 0.0 26.000875782667034 126.0 8.126984126984144 1.6615614485284196 1.2699216474843813 4.6261065484396156 0.0 26.733714425802397 112.0 9.142857142857132 3.215174161356519 4.115440220494991 13.241912419968985 0.0 16.309553926498698 49.0 20.89795918367347 1.3908781844308542 0.8738109125704658 3.332808309342373 0.0 26.04511531680806 132.0 7.757575757575764 1.676507259202723 1.3547367458822714 5.6352774948562505 0.0 27.759959814057083 112.0 9.14285714285713 3.8649473481133176 6.466106547867601 24.628416408678792 0.0 21.257994108536618 46.0 22.260869565217398 1.410342496680556 0.9965322428027106 3.6016230121356916 0.0 26.215785468000025 126.0 8.126984126984144 0.0 0.0 0.0 0.0 0.0 1.0 1024.0 0.0 0.0 0.0 0.0 0.0 37.0 27.675675675675677 0.0 0.0 0.0 0.0 0.0 1.0 1024.0 0.0 0.0 0.0 0.0 0.0 1.0 1024.0 0.0 0.0 0.0 0.0 0.0 37.0 27.675675675675677 0.0 0.0 0.0 0.0 0.0 1.0 1024.0 0.0 0.0 0.0 0.0 0.0 1.0 1024.0 0.0 0.0 0.0 0.0 0.0 37.0 27.675675675675677 0.0 0.0 0.0 0.0 0.0 1.0 1024.0 1.7836646980198527 1.201440378318645 4.805157531375327 0.0 25.532854034723986 152.0 6.736842105263156 4.58106600659779 4.752829121290701 15.074033345448699 0.0 19.31325074437748 51.0 20.078431372549023 1.3834532845382594 0.9662471048660553 3.4864782878754865 0.0 25.306913250458557 179.0 5.720670391061458 1.6798227108697563 1.2202203246047283 4.805157531375327 0.0 26.333322541968446 164.0 6.243902439024386 4.623389552209654 4.626418050729 15.166946884958433 0.0 19.60975946760939 50.0 20.48 1.3522667008331286 0.9237311064809305 3.355582661291501 0.0 25.926084660505442 198.0 5.1717171717171695 1.8416629130543483 1.3652785298102081 5.869339320126588 0.0 26.37732314425725 145.0 7.06206896551723 6.599812247510329 8.555497930014969 28.568402560419546 0.0 23.60727266036167 44.0 23.272727272727266 1.4685772678168236 1.0158776072768176 3.9592310638267834 0.0 25.16905258271956 175.0 5.851428571428562 1.4821718997126845 3.7743625924153417 41.78745222094094 0.0 29.348448643212514 638.0 1.6050156739811945 24.07319097332853 10.878977035411614 36.9901087825193 0.0 13.537096399266316 42.0 24.380952380952376 0.67316311656262 1.058939836325291 4.365364986724842 0.0 29.23826360004977 667.0 1.535232383808098 1.4169618569110516 3.4117222292526472 32.874741622928155 0.0 29.45164062088824 644.0 1.5900621118012397 26.413959054522664 9.991545507772553 41.631810312897706 0.0 9.48347659176922 38.0 26.947368421052634 0.6580914509313256 1.0264785295261905 3.5217069291965686 0.0 29.384316693613304 680.0 1.505882352941178 1.3946511866458113 3.502690858301952 45.01462284090048 0.0 29.345482224521774 641.0 1.5975039001560107 28.13662262744742 5.58675950686399 35.76295777937128 0.0 7.64368178375316 36.0 28.44444444444444 0.6977944404766012 1.0905571814145025 4.365364986724842 0.0 29.32950224089589 666.0 1.5375375375375404 1.129313757143165 2.767948492328883 23.652094789886817 0.0 29.413658038499978 684.0 1.4970760233918128 27.421530094777072 9.831648393942721 53.64297022869914 0.0 11.059622266921881 41.0 24.975609756097565 0.5891210616489316 0.9930814517694064 3.704693846379042 0.0 29.498874700218323 697.0 1.469153515064563 1.135585781639158 2.8927772083987895 23.652094789886817 0.0 29.40883712010666 689.0 1.4862119013062436 24.978338260222753 9.959891527054445 38.65636486938852 0.0 10.371450920221939 40.0 25.6 0.5821309246481473 0.9692956957162615 3.51553738477806 0.0 29.45685901599688 709.0 1.4442877291960523 1.0341915817312846 2.54123759643848 23.652094789886817 0.0 29.42436973424261 687.0 1.490538573508007 26.670340323031425 7.762775065504378 33.450137581340485 0.0 7.318188880955937 36.0 28.44444444444444 0.5838169046359056 0.9975105003651454 4.7394594107427555 0.0 29.48142376938234 701.0 1.4607703281027096 
180.0005150327869 1.6612169002420465 1.2479475397425326 4.6261065484396156 0.0 25.78292022867118 105.0 9.752380952380943 3.056263059684581 4.12259513383657 13.834661177334347 0.0 15.970947686880438 51.0 20.078431372549026 1.3246991553798906 0.9281394053322238 3.4836138576524758 0.0 26.000875782667034 126.0 8.126984126984144 1.6615855684101355 1.2696514579187679 4.6261065484396156 0.0 26.733766898259915 112.0 9.142857142857132 3.215174161356519 4.115440220494991 13.241912419968985 0.0 16.309553926498698 49.0 20.89795918367347 1.3908781844308542 0.8738109125704658 3.332808309342373 0.0 26.04511531680806 132.0 7.757575757575764 1.6897196122903255 1.3533077222760679 5.6352774948562505 0.0 27.712715564291404 111.0 9.225225225225216 3.8649473481133176 6.466106547867601 24.628416408678792 0.0 21.257994108536618 46.0 22.260869565217398 1.410342496680556 0.9965322428027106 3.6016230121356916 0.0 26.215785468000025 126.0 8.126984126984144 0.0 0.0 0.0 0.0 0.0 1.0 1024.0 0.0 0.0 0.0 0.0 0.0 37.0 27.675675675675677 0.0 0.0 0.0 0.0 0.0 1.0 1024.0 0.0 0.0 0.0 0.0 0.0 1.0 1024.0 0.0 0.0 0.0 0.0 0.0 37.0 27.675675675675677 0.0 0.0 0.0 0.0 0.0 1.0 1024.0 0.0 0.0 0.0 0.0 0.0 1.0 1024.0 0.0 0.0 0.0 0.0 0.0 37.0 27.675675675675677 0.0 0.0 0.0 0.0 0.0 1.0 1024.0 1.7836646980198527 1.201440378318645 4.805157531375327 0.0 25.532854034723986 152.0 6.736842105263156 4.58106600659779 4.752829121290701 15.074033345448699 0.0 19.31325074437748 51.0 20.078431372549023 1.3834532845382594 0.9662471048660553 3.4864782878754865 0.0 25.306913250458557 179.0 5.720670391061458 1.6798227108697563 1.2202203246047283 4.805157531375327 0.0 26.333322541968446 164.0 6.243902439024386 4.623389552209654 4.626418050729 15.166946884958433 0.0 19.60975946760939 50.0 20.48 1.348034037438346 0.927507444802926 3.355582661291501 0.0 25.92544470088599 198.0 5.171717171717169 1.8416629130543483 1.3652785298102081 5.869339320126588 0.0 26.37732314425725 145.0 7.06206896551723 6.599812247510329 8.555497930014969 28.568402560419546 0.0 23.60727266036167 44.0 23.272727272727266 1.4685772678168236 1.0158776072768176 3.9592310638267834 0.0 25.16905258271956 175.0 5.851428571428562 1.4821718997126845 3.7743625924153417 41.78745222094094 0.0 29.348448643212514 638.0 1.6050156739811945 24.07319097332853 10.878977035411614 36.9901087825193 0.0 13.537096399266316 42.0 24.380952380952376 0.67316311656262 1.058939836325291 4.365364986724842 0.0 29.23826360004977 667.0 1.535232383808098 1.4169618569110516 3.4117222292526472 32.874741622928155 0.0 29.45164062088824 644.0 1.5900621118012397 26.413959054522664 9.991545507772553 41.631810312897706 0.0 9.48347659176922 38.0 26.947368421052634 0.6580914509313256 1.0264785295261905 3.5217069291965686 0.0 29.384316693613304 680.0 1.505882352941178 1.3946511866458113 3.502690858301952 45.01462284090048 0.0 29.345482224521774 641.0 1.5975039001560107 28.13662262744742 5.58675950686399 35.76295777937128 0.0 7.64368178375316 36.0 28.44444444444444 0.6977944404766012 1.0905571814145025 4.365364986724842 0.0 29.32950224089589 666.0 1.5375375375375404 1.129313757143165 2.767948492328883 23.652094789886817 0.0 29.413658038499978 684.0 1.4970760233918128 27.421530094777072 9.831648393942721 53.64297022869914 0.0 11.059622266921881 41.0 24.975609756097565 0.5891210616489316 0.9930814517694064 3.704693846379042 0.0 29.498874700218323 697.0 1.469153515064563 1.135585781639158 2.8927772083987895 23.652094789886817 0.0 29.40883712010666 689.0 1.4862119013062436 24.978338260222753 9.959891527054445 38.65636486938852 0.0 10.371450920221939 40.0 25.6 0.5821309246481473 0.9692956957162615 3.51553738477806 0.0 29.45685901599688 709.0 1.4442877291960523 1.0341915817312846 2.54123759643848 23.652094789886817 0.0 29.42436973424261 687.0 1.490538573508007 26.670340323031425 7.762775065504378 33.450137581340485 0.0 7.318188880955937 36.0 28.44444444444444 0.5838169046359056 0.9975105003651454 4.7394594107427555 0.0 29.48142376938234 701.0 1.4607703281027096 
181.0005150327869 1.6612169002420465 1.2479475397425326 4.6261065484396156 0.0 25.78292022867118 105.0 9.752380952380943 3.056263059684581 4.12259513383657 13.834661177334347 0.0 15.970947686880438 51.0 20.078431372549026 1.3246991553798906 0.9281394053322238 3.4836138576524758 0.0 26.000875782667034 126.0 8.126984126984144 1.661654544015341 1.269600678906692 4.6261065484396156 0.0 26.73390442434997 112.0 9.142857142857132 3.215174161356519 4.115440220494991 13.241912419968985 0.0 16.309553926498698 49.0 20.89795918367347 1.3908781844308542 0.8738109125704658 3.332808309342373 0.0 26.04511531680806 132.0 7.757575757575764 1.6891558570987564 1.3538514351102247 5.6352774948562505 0.0 27.713652948505832 111.0 9.225225225225216 3.8649473481133176 6.466106547867601 24.628416408678792 0.0 21.257994108536618 46.0 22.260869565217398 1.410342496680556 0.9965322428027106 3.6016230121356916 0.0 26.215785468000025 126.0 8.126984126984144 0.0 0.0 0.0 0.0 0.0 1.0 1024.0 0.0 0.0 0.0 0.0 0.0 37.0 27.675675675675677 0.0 0.0 0.0 0.0 0.0 1.0 1024.0 0.0 0.0 0.0 0.0 0.0 1.0 1024.0 0.0 0.0 0.0 0.0 0.0 37.0 27.675675675675677 0.0 0.0 0.0 0.0 0.0 1.0 1024.0 0.0 0.0 0.0 0.0 0.0 1.0 1024.0 0.0 0.0 0.0 0.0 0.0 37.0 27.675675675675677 0.0 0.0 0.0 0.0 0.0 1.0 1024.0 1.7836646980198527 1.201440378318645 4.805157531375327 0.0 25.532854034723986 152.0 6.736842105263156 4.58106600659779 4.752829121290701 15.074033345448699 0.0 19.31325074437748 51.0 20.078431372549023 1.3834532845382594 0.9662471048660553 3.4864782878754865 0.0 25.306913250458557 179.0 5.720670391061458 1.6798227108697563 1.2202203246047283 4.805157531375327 0.0 26.333322541968446 164.0 6.243902439024386 4.623389552209654 4.626418050729 15.166946884958433 0.0 19.60975946760939 50.0 20.48 1.3548968676175384 0.9248168910866738 3.355582661291501 0.0 25.875077716808743 197.0 5.197969543147216 1.8416629130543483 1.3652785298102081 5.869339320126588 0.0 26.37732314425725 145.0 7.06206896551723 6.599812247510329 8.555497930014969 28.568402560419546 0.0 23.60727266036167 44.0 23.272727272727266 1.4685772678168236 1.0158776072768176 3.9592310638267834 0.0 25.16905258271956 175.0 5.851428571428562 1.4821718997126845 3.7743625924153417 41.78745222094094 0.0 29.348448643212514 638.0 1.6050156739811945 24.07319097332853 10.878977035411614 36.9901087825193 0.0 13.537096399266316 42.0 24.380952380952376 0.67316311656262 1.058939836325291 4.365364986724842 0.0 29.23826360004977 667.0 1.535232383808098 1.4169618569110516 3.4117222292526472 32.874741622928155 0.0 29.45164062088824 644.0 1.5900621118012397 26.413959054522664 9.991545507772553 41.631810312897706 0.0 9.48347659176922 38.0 26.947368421052634 0.6580914509313256 1.0264785295261905 3.5217069291965686 0.0 29.384316693613304 680.0 1.505882352941178 1.3946511866458113 3.502690858301952 45.01462284090048 0.0 29.345482224521774 641.0 1.5975039001560107 28.13662262744742 5.58675950686399 35.76295777937128 0.0 7.64368178375316 36.0 28.44444444444444 0.6977944404766012 1.0905571814145025 4.365364986724842 0.0 29.32950224089589 666.0 1.5375375375375404 1.129313757143165 2.767948492328883 23.652094789886817 0.0 29.413658038499978 684.0 1.4970760233918128 27.421530094777072 9.831648393942721 53.64297022869914 0.0 11.059622266921881 41.0 24.975609756097565 0.5891210616489316 0.9930814517694064 3.704693846379042 0.0 29.498874700218323 697.0 1.469153515064563 1.135585781639158 2.8927772083987895 23.652094789886817 0.0 29.40883712010666 689.0 1.4862119013062436 24.978338260222753 9.959891527054445 38.65636486938852 0.0 10.371450920221939 40.0 25.6 0.5821309246481473 0.9692956957162615 3.51553738477806 0.0 29.45685901599688 709.0 1.4442877291960523 1.0341915817312846 2.54123759643848 23.652094789886817 0.0 29.42436973424261 687.0 1.490538573508007 26.670340323031425 7.762775065504378 33.450137581340485 0.0 7.318188880955937 36.0 28.44444444444444 0.5838169046359056 0.9975105003651454 4.7394594107427555 0.0 29.48142376938234 701.0 1.4607703281027096 
182.0005150327869 1.6612169002420465 1.2479475397425326 4.6261065484396156 0.0 25.78292022867118 105.0 9.752380952380943 3.056263059684581 4.12259513383657 13.834661177334347 0.0 15.970947686880438 51.0 20.078431372549026 1.3246991553798906 0.9281394053322238 3.4836138576524758 0.0 26.000875782667034 126.0 8.126984126984144 1.661654544015341 1.269600678906692 4.6261065484396156 0.0 26.73390442434997 112.0 9.142857142857132 3.215174161356519 4.115440220494991 13.241912419968985 0.0 16.309553926498698 49.0 20.89795918367347 1.3908781844308542 0.8738109125704658 3.332808309342373 0.0 26.04511531680806 132.0 7.757575757575764 1.7044593595952315 1.350312576467862 5.6352774948562505 0.0 27.64964940254658 110.0 9.309090909090905 3.8649473481133176 6.466106547867601 24.628416408678792 0.0 21.257994108536618 46.0 22.260869565217398 1.410342496680556 0.9965322428027106 3.6016230121356916 0.0 26.215785468000025 126.0 8.126984126984144 0.0 0.0 0.0 0.0 0.0 1.0 1024.0 0.0 0.0 0.0 0.0 0.0 37.0 27.675675675675677 0.0 0.0 0.0 0.0 0.0 1.0 1024.0 0.0 0.0 0.0 0.0 0.0 1.0 1024.0 0.0 0.0 0.0 0.0 0.0 37.0 27.675675675675677 0.0 0.0 0.0 0.0 0.0 1.0 1024.0 0.0 0.0 0.0 0.0 0.0 1.0 1024.0 0.0 0.0 0.0 0.0 0.0 37.0 27.675675675675677 0.0 0.0 0.0 0.0 0.0 1.0 1024.0 1.7836646980198527 1.201440378318645 4.805157531375327 0.0 25.532854034723986 152.0 6.736842105263156 4.58106600659779 4.752829121290701 15.074033345448699 0.0 19.31325074437748 51.0 20.078431372549023 1.3834532845382594 0.9662471048660553 3.4864782878754865 0.0 25.306913250458557 179.0 5.720670391061458 1.6793483980102062 1.2207038009412696 4.805157531375327 0.0 26.3327442768969 164.0 6.243902439024386 4.623389552209654 4.626418050729 15.166946884958433 0.0 19.60975946760939 50.0 20.48 1.3548968676175384 0.9248168910866738 3.355582661291501 0.0 25.875077716808743 197.0 5.197969543147216 1.8416629130543483 1.3652785298102081 5.869339320126588 0.0 26.37732314425725 145.0 7.06206896551723 6.599812247510329 8.555497930014969 28.568402560419546 0.0 23.60727266036167 44.0 23.272727272727266 1.4685772678168236 1.0158776072768176 3.9592310638267834 0.0 25.16905258271956 175.0 5.851428571428562 1.4821718997126845 3.7743625924153417 41.78745222094094 0.0 29.348448643212514 638.0 1.6050156739811945 24.07319097332853 10.878977035411614 36.9901087825193 0.0 13.537096399266316 42.0 24.380952380952376 0.67316311656262 1.058939836325291 4.365364986724842 0.0 29.23826360004977 667.0 1.535232383808098 1.4169618569110516 3.4117222292526472 32.874741622928155 0.0 29.45164062088824 644.0 1.5900621118012397 26.413959054522664 9.991545507772553 41.631810312897706 0.0 9.48347659176922 38.0 26.947368421052634 0.6580914509313256 1.0264785295261905 3.5217069291965686 0.0 29.384316693613304 680.0 1.505882352941178 1.3946511866458113 3.502690858301952 45.01462284090048 0.0 29.345482224521774 641.0 1.5975039001560107 28.13662262744742 5.58675950686399 35.76295777937128 0.0 7.64368178375316 36.0 28.44444444444444 0.6977944404766012 1.0905571814145025 4.365364986724842 0.0 29.32950224089589 666.0 1.5375375375375404 1.129313757143165 2.767948492328883 23.652094789886817 0.0 29.413658038499978 684.0 1.4970760233918128 27.421530094777072 9.831648393942721 53.64297022869914 0.0 11.059622266921881 41.0 24.975609756097565 0.5891210616489316 0.9930814517694064 3.704693846379042 0.0 29.498874700218323 697.0 1.469153515064563 1.135585781639158 2.8927772083987895 23.652094789886817 0.0 29.40883712010666 689.0 1.4862119013062436 24.978338260222753 9.959891527054445 38.65636486938852 0.0 10.371450920221939 40.0 25.6 0.5821309246481473 0.9692956957162615 3.51553738477806 0.0 29.45685901599688 709.0 1.4442877291960523 1.0341915817312846 2.54123759643848 23.652094789886817 0.0 29.42436973424261 687.0 1.490538573508007 26.670340323031425 7.762775065504378 33.450137581340485 0.0 7.318188880955937 36.0 28.44444444444444 0.5838169046359056 0.9975105003651454 4.7394594107427555 0.0 29.48142376938234 701.0 1.4607703281027096 
183.0005150327869 1.6612169002420465 1.2479475397425326 4.6261065484396156 0.0 25.78292022867118 105.0 9.752380952380943 3.056263059684581 4.12259513383657 13.834661177334347 0.0 15.970947686880438 51.0 20.078431372549026 1.3246991553798906 0.9281394053322238 3.4836138576524758 0.0 26.000875782667034 126.0 8.126984126984144 1.6615540188028124 1.2697106096044557 4.6261065484396156 0.0 26.73407406792756 112.0 9.142857142857132 3.215174161356519 4.115440220494991 13.241912419968985 0.0 16.309553926498698 49.0 20.89795918367347 1.3908781844308542 0.8738109125704658 3.332808309342373 0.0 26.04511531680806 132.0 7.757575757575764 1.7044593595952315 1.350312576467862 5.6352774948562505 0.0 27.64964940254658 110.0 9.309090909090905 3.8649473481133176 6.466106547867601 24.628416408678792 0.0 21.257994108536618 46.0 22.260869565217398 1.410342496680556 0.9965322428027106 3.6016230121356916 0.0 26.215785468000025 126.0 8.126984126984144 0.0 0.0 0.0 0.0 0.0 1.0 1024.0 0.0 0.0 0.0 0.0 0.0 37.0 27.675675675675677 0.0 0.0 0.0 0.0 0.0 1.0 1024.0 0.0 0.0 0.0 0.0 0.0 1.0 1024.0 0.0 0.0 0.0 0.0 0.0 37.0 27.675675675675677 0.0 0.0 0.0 0.0 0.0 1.0 1024.0 0.0 0.0 0.0 0.0 0.0 1.0 1024.0 0.0 0.0 0.0 0.0 0.0 37.0 27.675675675675677 0.0 0.0 0.0 0.0 0.0 1.0 1024.0 1.7836646980198527 1.201440378318645 4.805157531375327 0.0 25.532854034723986 152.0 6.736842105263156 4.58106600659779 4.752829121290701 15.074033345448699 0.0 19.31325074437748 51.0 20.078431372549023 1.3834532845382594 0.9662471048660553 3.4864782878754865 0.0 25.306913250458557 179.0 5.720670391061458 1.6793483980102062 1.2207038009412696 4.805157531375327 0.0 26.3327442768969 164.0 6.243902439024386 4.623389552209654 4.626418050729 15.166946884958433 0.0 19.60975946760939 50.0 20.48 1.3548968676175384 0.9248168910866738 3.355582661291501 0.0 25.875077716808743 197.0 5.197969543147216 1.8416629130543483 1.3652785298102081 5.869339320126588 0.0 26.37732314425725 145.0 7.06206896551723 6.599812247510329 8.555497930014969 28.568402560419546 0.0 23.60727266036167 44.0 23.272727272727266 1.4685772678168236 1.0158776072768176 3.9592310638267834 0.0 25.16905258271956 175.0 5.851428571428562 1.4821718997126845 3.7743625924153417 41.78745222094094 0.0 29.348448643212514 638.0 1.6050156739811945 24.07319097332853 10.878977035411614 36.9901087825193 0.0 13.537096399266316 42.0 24.380952380952376 0.67316311656262 1.058939836325291 4.365364986724842 0.0 29.23826360004977 667.0 1.535232383808098 1.4169618569110516 3.4117222292526472 32.874741622928155 0.0 29.45164062088824 644.0 1.5900621118012397 26.413959054522664 9.991545507772553 41.631810312897706 0.0 9.48347659176922 38.0 26.947368421052634 0.6580914509313256 1.0264785295261905 3.5217069291965686 0.0 29.384316693613304 680.0 1.505882352941178 1.3946511866458113 3.502690858301952 45.01462284090048 0.0 29.345482224521774 641.0 1.5975039001560107 28.13662262744742 5.58675950686399 35.76295777937128 0.0 7.64368178375316 36.0 28.44444444444444 0.6977944404766012 1.0905571814145025 4.365364986724842 0.0 29.32950224089589 666.0 1.5375375375375404 1.129313757143165 2.767948492328883 23.652094789886817 0.0 29.413658038499978 684.0 1.4970760233918128 27.421530094777072 9.831648393942721 53.64297022869914 0.0 11.059622266921881 41.0 24.975609756097565 0.5891210616489316 0.9930814517694064 3.704693846379042 0.0 29.498874700218323 697.0 1.469153515064563 1.135585781639158 2.8927772083987895 23.652094789886817 0.0 29.40883712010666 689.0 1.4862119013062436 24.978338260222753 9.959891527054445 38.65636486938852 0.0 10.371450920221939 40.0 25.6 0.5821309246481473 0.9692956957162615 3.51553738477806 0.0 29.45685901599688 709.0 1.4442877291960523 1.0341915817312846 2.54123759643848 23.652094789886817 0.0 29.42436973424261 687.0 1.490538573508007 26.670340323031425 7.762775065504378 33.450137581340485 0.0 7.318188880955937 36.0 28.44444444444444 0.5838169046359056 0.9975105003651454 4.7394594107427555 0.0 29.48142376938234 701.0 1.4607703281027096 
184.0005150327869 1.6612169002420465 1.2479475397425326 4.6261065484396156 0.0 25.78292022867118 105.0 9.752380952380943 3.056263059684581 4.12259513383657 13.834661177334347 0.0 15.970947686880438 51.0 20.078431372549026 1.3246991553798906 0.9281394053322238 3.4836138576524758 0.0 26.000875782667034 126.0 8.126984126984144 1.6764632167163738 1.2655523662337185 4.6261065484396156 0.0 26.66681461872335 111.0 9.225225225225216 3.215174161356519 4.115440220494991 13.241912419968985 0.0 16.309553926498698 49.0 20.89795918367347 1.3908781844308542 0.8738109125704658 3.332808309342373 0.0 26.04511531680806 132.0 7.757575757575764 1.7044593595952315 1.350312576467862 5.6352774948562505 0.0 27.64964940254658 110.0 9.309090909090905 3.8649473481133176 6.466106547867601 24.628416408678792 0.0 21.257994108536618 46.0 22.260869565217398 1.410342496680556 0.9965322428027106 3.6016230121356916 0.0 26.215785468000025 126.0 8.126984126984144 0.0 0.0 0.0 0.0 0.0 1.0 1024.0 0.0 0.0 0.0 0.0 0.0 37.0 27.675675675675677 0.0 0.0 0.0 0.0 0.0 1.0 1024.0 0.0 0.0 0.0 0.0 0.0 1.0 1024.0 0.0 0.0 0.0 0.0 0.0 37.0 27.675675675675677 0.0 0.0 0.0 0.0 0.0 1.0 1024.0 0.0 0.0 0.0 0.0 0.0 1.0 1024.0 0.0 0.0 0.0 0.0 0.0 37.0 27.675675675675677 0.0 0.0 0.0 0.0 0.0 1.0 1024.0 1.7836646980198527 1.201440378318645 4.805157531375327 0.0 25.532854034723986 152.0 6.736842105263156 4.58106600659779 4.752829121290701 15.074033345448699 0.0 19.31325074437748 51.0 20.078431372549023 1.3834532845382594 0.9662471048660553 3.4864782878754865 0.0 25.306913250458557 179.0 5.720670391061458 1.6792824938718822 1.220781385911862 4.805157531375327 0.0 26.33301561478973 164.0 6.243902439024386 4.623389552209654 4.626418050729 15.166946884958433 0.0 19.60975946760939 50.0 20.48 1.3547406760497955 0.924982801475172 3.355582661291501 0.0 25.874629430389394 197.0 5.197969543147216 1.8416629130543483 1.3652785298102081 5.869339320126588 0.0 26.37732314425725 145.0 7.06206896551723 6.599812247510329 8.555497930014969 28.568402560419546 0.0 23.60727266036167 44.0 23.272727272727266 1.4685772678168236 1.0158776072768176 3.9592310638267834 0.0 25.16905258271956 175.0 5.851428571428562 1.4821718997126845 3.7743625924153417 41.78745222094094 0.0 29.348448643212514 638.0 1.6050156739811945 24.07319097332853 10.878977035411614 36.9901087825193 0.0 13.537096399266316 42.0 24.380952380952376 0.67316311656262 1.058939836325291 4.365364986724842 0.0 29.23826360004977 667.0 1.535232383808098 1.4169618569110516 3.4117222292526472 32.874741622928155 0.0 29.45164062088824 644.0 1.5900621118012397 26.413959054522664 9.991545507772553 41.631810312897706 0.0 9.48347659176922 38.0 26.947368421052634 0.6580914509313256 1.0264785295261905 3.5217069291965686 0.0 29.384316693613304 680.0 1.505882352941178 1.3946511866458113 3.502690858301952 45.01462284090048 0.0 29.345482224521774 641.0 1.5975039001560107 28.13662262744742 5.58675950686399 35.76295777937128 0.0 7.64368178375316 36.0 28.44444444444444 0.6977944404766012 1.0905571814145025 4.365364986724842 0.0 29.32950224089589 666.0 1.5375375375375404 1.129313757143165 2.767948492328883 23.652094789886817 0.0 29.413658038499978 684.0 1.4970760233918128 27.421530094777072 9.831648393942721 53.64297022869914 0.0 11.059622266921881 41.0 24.975609756097565 0.5891210616489316 0.9930814517694064 3.704693846379042 0.0 29.498874700218323 697.0 1.469153515064563 1.135585781639158 2.8927772083987895 23.652094789886817 0.0 29.40883712010666 689.0 1.4862119013062436 24.978338260222753 9.959891527054445 38.65636486938852 0.0 10.371450920221939 40.0 25.6 0.5821309246481473 0.9692956957162615 3.51553738477806 0.0 29.45685901599688 709.0 1.4442877291960523 1.0341915817312846 2.54123759643848 23.652094789886817 0.0 29.42436973424261 687.0 1.490538573508007 26.670340323031425 7.762775065504378 33.450137581340485 0.0 7.318188880955937 36.0 28.44444444444444 0.5838169046359056 0.9975105003651454 4.7394594107427555 0.0 29.48142376938234 701.0 1.4607703281027096 
185.0005150327869 1.6611951061135815 1.2479672174956973 4.6261065484396156 0.0 25.783151247790148 105.0 9.752380952380943 3.056263059684581 4.12259513383657 13.834661177334347 0.0 15.970947686880438 51.0 20.078431372549026 1.3246991553798906 0.9281394053322238 3.4836138576524758 0.0 26.000875782667034 126.0 8.126984126984144 1.6763419890886886 1.2656960905296806 4.6261065484396156 0.0 26.667194812438453 111.0 9.225225225225216 3.215174161356519 4.115440220494991 13.241912419968985 0.0 16.309553926498698 49.0 20.89795918367347 1.3908781844308542 0.8738109125704658 3.332808309342373 0.0 26.04511531680806 132.0 7.757575757575764 1.7044593595952315 1.350312576467862 5.6352774948562505 0.0 27.64964940254658 110.0 9.309090909090905 3.8649473481133176 6.466106547867601 24.628416408678792 0.0 21.257994108536618 46.0 22.260869565217398 1.410342496680556 0.9965322428027106 3.6016230121356916 0.0 26.215785468000025 126.0 8.126984126984144 0.0 0.0 0.0 0.0 0.0 1.0 1024.0 0.0 0.0 0.0 0.0 0.0 37.0 27.675675675675677 0.0 0.0 0.0 0.0 0.0 1.0 1024.0 0.0 0.0 0.0 0.0 0.0 1.0 1024.0 0.0 0.0 0.0 0.0 0.0 37.0 27.675675675675677 0.0 0.0 0.0 0.0 0.0 1.0 1024.0 0.0 0.0 0.0 0.0 0.0 1.0 1024.0 0.0 0.0 0.0 0.0 0.0 37.0 27.675675675675677 0.0 0.0 0.0 0.0 0.0 1.0 1024.0 1.7836646980198527 1.201440378318645 4.805157531375327 0.0 25.532854034723986 152.0 6.736842105263156 4.58106600659779 4.752829121290701 15.074033345448699 0.0 19.31325074437748 51.0 20.078431372549023 1.3834532845382594 0.9662471048660553 3.4864782878754865 0.0 25.306913250458557 179.0 5.720670391061458 1.6895694405738668 1.2173781179196552 4.805157531375327 0.0 26.24192248841543 163.0 6.28220858895705 4.623389552209654 4.626418050729 15.166946884958433 0.0 19.60975946760939 50.0 20.48 1.3547406760497955 0.924982801475172 3.355582661291501 0.0 25.874629430389394 197.0 5.197969543147216 1.8416629130543483 1.3652785298102081 5.869339320126588 0.0 26.37732314425725 145.0 7.06206896551723 6.599812247510329 8.555497930014969 28.568402560419546 0.0 23.60727266036167 44.0 23.272727272727266 1.4685772678168236 1.0158776072768176 3.9592310638267834 0.0 25.16905258271956 175.0 5.851428571428562 1.4821718997126845 3.7743625924153417 41.78745222094094 0.0 29.348448643212514 638.0 1.6050156739811945 24.07319097332853 10.878977035411614 36.9901087825193 0.0 13.537096399266316 42.0 24.380952380952376 0.67316311656262 1.058939836325291 4.365364986724842 0.0 29.23826360004977 667.0 1.535232383808098 1.4169618569110516 3.4117222292526472 32.874741622928155 0.0 29.45164062088824 644.0 1.5900621118012397 26.413959054522664 9.991545507772553 41.631810312897706 0.0 9.48347659176922 38.0 26.947368421052634 0.6580914509313256 1.0264785295261905 3.5217069291965686 0.0 29.384316693613304 680.0 1.505882352941178 1.3946511866458113 3.502690858301952 45.01462284090048 0.0 29.345482224521774 641.0 1.5975039001560107 28.13662262744742 5.58675950686399 35.76295777937128 0.0 7.64368178375316 36.0 28.44444444444444 0.6977944404766012 1.0905571814145025 4.365364986724842 0.0 29.32950224089589 666.0 1.5375375375375404 1.129313757143165 2.767948492328883 23.652094789886817 0.0 29.413658038499978 684.0 1.4970760233918128 27.421530094777072 9.831648393942721 53.64297022869914 0.0 11.059622266921881 41.0 24.975609756097565 0.5891210616489316 0.9930814517694064 3.704693846379042 0.0 29.498874700218323 697.0 1.469153515064563 1.135585781639158 2.8927772083987895 23.652094789886817 0.0 29.40883712010666 689.0 1.4862119013062436 24.978338260222753 9.959891527054445 38.65636486938852 0.0 10.371450920221939 40.0 25.6 0.5821309246481473 0.9692956957162615 3.51553738477806 0.0 29.45685901599688 709.0 1.4442877291960523 1.0341915817312846 2.54123759643848 23.652094789886817 0.0 29.42436973424261 687.0 1.490538573508007 26.670340323031425 7.762775065504378 33.450137581340485 0.0 7.318188880955937 36.0 28.44444444444444 0.5838169046359056 0.9975105003651454 4.7394594107427555 0.0 29.48142376938234 701.0 1.4607703281027096 
186.0005150327869 1.6611951061135815 1.2479672174956973 4.6261065484396156 0.0 25.783151247790148 105.0 9.752380952380943 3.056263059684581 4.12259513383657 13.834661177334347 0.0 15.970947686880438 51.0 20.078431372549026 1.3246991553798906 0.9281394053322238 3.4836138576524758 0.0 26.000875782667034 126.0 8.126984126984144 1.6763419890886886 1.2656960905296806 4.6261065484396156 0.0 26.667194812438453 111.0 9.225225225225216 3.215174161356519 4.115440220494991 13.241912419968985 0.0 16.309553926498698 49.0 20.89795918367347 1.3908781844308542 0.8738109125704658 3.332808309342373 0.0 26.04511531680806 132.0 7.757575757575764 1.7044593595952315 1.350312576467862 5.6352774948562505 0.0 27.64964940254658 110.0 9.309090909090905 3.8649473481133176 6.466106547867601 24.628416408678792 0.0 21.257994108536618 46.0 22.260869565217398 1.410342496680556 0.9965322428027106 3.6016230121356916 0.0 26.215785468000025 126.0 8.126984126984144 0.0 0.0 0.0 0.0 0.0 1.0 1024.0 0.0 0.0 0.0 0.0 0.0 37.0 27.675675675675677 0.0 0.0 0.0 0.0 0.0 1.0 1024.0 0.0 0.0 0.0 0.0 0.0 1.0 1024.0 0.0 0.0 0.0 0.0 0.0 37.0 27.675675675675677 0.0 0.0 0.0 0.0 0.0 1.0 1024.0 0.0 0.0 0.0 0.0 0.0 1.0 1024.0 0.0 0.0 0.0 0.0 0.0 37.0 27.675675675675677 0.0 0.0 0.0 0.0 0.0 1.0 1024.0 1.7836646980198527 1.201440378318645 4.805157531375327 0.0 25.532854034723986 152.0 6.736842105263156 4.58106600659779 4.752829121290701 15.074033345448699 0.0 19.31325074437748 51.0 20.078431372549023 1.3834532845382594 0.9662471048660553 3.4864782878754865 0.0 25.306913250458557 179.0 5.720670391061458 1.6895921683773931 1.2173706700769444 4.805157531375327 0.0 26.242025050693982 163.0 6.28220858895705 4.623389552209654 4.626418050729 15.166946884958433 0.0 19.60975946760939 50.0 20.48 1.3547406760497955 0.924982801475172 3.355582661291501 0.0 25.874629430389394 197.0 5.197969543147216 1.8416629130543483 1.3652785298102081 5.869339320126588 0.0 26.37732314425725 145.0 7.06206896551723 6.599812247510329 8.555497930014969 28.568402560419546 0.0 23.60727266036167 44.0 23.272727272727266 1.4685772678168236 1.0158776072768176 3.9592310638267834 0.0 25.16905258271956 175.0 5.851428571428562 1.4821718997126845 3.7743625924153417 41.78745222094094 0.0 29.348448643212514 638.0 1.6050156739811945 24.07319097332853 10.878977035411614 36.9901087825193 0.0 13.537096399266316 42.0 24.380952380952376 0.67316311656262 1.058939836325291 4.365364986724842 0.0 29.23826360004977 667.0 1.535232383808098 1.4169618569110516 3.4117222292526472 32.874741622928155 0.0 29.45164062088824 644.0 1.5900621118012397 26.413959054522664 9.991545507772553 41.631810312897706 0.0 9.48347659176922 38.0 26.947368421052634 0.6580914509313256 1.0264785295261905 3.5217069291965686 0.0 29.384316693613304 680.0 1.505882352941178 1.3946511866458113 3.502690858301952 45.01462284090048 0.0 29.345482224521774 641.0 1.5975039001560107 28.13662262744742 5.58675950686399 35.76295777937128 0.0 7.64368178375316 36.0 28.44444444444444 0.6977944404766012 1.0905571814145025 4.365364986724842 0.0 29.32950224089589 666.0 1.5375375375375404 1.129313757143165 2.767948492328883 23.652094789886817 0.0 29.413658038499978 684.0 1.4970760233918128 27.421530094777072 9.831648393942721 53.64297022869914 0.0 11.059622266921881 41.0 24.975609756097565 0.5891210616489316 0.9930814517694064 3.704693846379042 0.0 29.498874700218323 697.0 1.469153515064563 1.135585781639158 2.8927772083987895 23.652094789886817 0.0 29.40883712010666 689.0 1.4862119013062436 24.978338260222753 9.959891527054445 38.65636486938852 0.0 10.371450920221939 40.0 25.6 0.5821309246481473 0.9692956957162615 3.51553738477806 0.0 29.45685901599688 709.0 1.4442877291960523 1.0341915817312846 2.54123759643848 23.652094789886817 0.0 29.42436973424261 687.0 1.490538573508007 26.670340323031425 7.762775065504378 33.450137581340485 0.0 7.318188880955937 36.0 28.44444444444444 0.5838169046359056 0.9975105003651454 4.7394594107427555 0.0 29.48142376938234 701.0 1.4607703281027096 
187.0005150327869 1.6611951061135815 1.2479672174956973 4.6261065484396156 0.0 25.783151247790148 105.0 9.752380952380943 3.056263059684581 4.12259513383657 13.834661177334347 0.0 15.970947686880438 51.0 20.078431372549026 1.3246991553798906 0.9281394053322238 3.4836138576524758 0.0 26.000875782667034 126.0 8.126984126984144 1.676270308074797 1.265789986516576 4.6261065484396156 0.0 26.667710816860417 111.0 9.225225225225216 3.215174161356519 4.115440220494991 13.241912419968985 0.0 16.309553926498698 49.0 20.89795918367347 1.3908781844308542 0.8738109125704658 3.332808309342373 0.0 26.04511531680806 132.0 7.757575757575764 1.7044593595952315 1.350312576467862 5.6352774948562505 0.0 27.64964940254658 110.0 9.309090909090905 3.8649473481133176 6.466106547867601 24.628416408678792 0.0 21.257994108536618 46.0 22.260869565217398 1.410342496680556 0.9965322428027106 3.6016230121356916 0.0 26.215785468000025 126.0 8.126984126984144 0.0 0.0 0.0 0.0 0.0 1.0 1024.0 0.0 0.0 0.0 0.0 0.0 37.0 27.675675675675677 0.0 0.0 0.0 0.0 0.0 1.0 1024.0 0.0 0.0 0.0 0.0 0.0 1.0 1024.0 0.0 0.0 0.0 0.0 0.0 37.0 27.675675675675677 0.0 0.0 0.0 0.0 0.0 1.0 1024.0 0.0 0.0 0.0 0.0 0.0 1.0 1024.0 0.0 0.0 0.0 0.0 0.0 37.0 27.675675675675677 0.0 0.0 0.0 0.0 0.0 1.0 1024.0 1.7840570052452034 1.2013764233704272 4.805157531375327 0.0 25.532545178816445 152.0 6.736842105263156 4.58106600659779 4.752829121290701 15.074033345448699 0.0 19.31325074437748 51.0 20.078431372549023 1.3834532845382594 0.9662471048660553 3.4864782878754865 0.0 25.306913250458557 179.0 5.720670391061458 1.6896120867619198 1.2173644964244845 4.805157531375327 0.0 26.24211470761494 163.0 6.28220858895705 4.623389552209654 4.626418050729 15.166946884958433 0.0 19.60975946760939 50.0 20.48 1.354337814453892 0.9253519665195029 3.355582661291501 0.0 25.874575158875857 197.0 5.197969543147216 1.8416629130543483 1.3652785298102081 5.869339320126588 0.0 26.37732314425725 145.0 7.06206896551723 6.599812247510329 8.555497930014969 28.568402560419546 0.0 23.60727266036167 44.0 23.272727272727266 1.4685772678168236 1.0158776072768176 3.9592310638267834 0.0 25.16905258271956 175.0 5.851428571428562 1.4821718997126845 3.7743625924153417 41.78745222094094 0.0 29.348448643212514 638.0 1.6050156739811945 24.07319097332853 10.878977035411614 36.9901087825193 0.0 13.537096399266316 42.0 24.380952380952376 0.67316311656262 1.058939836325291 4.365364986724842 0.0 29.23826360004977 667.0 1.535232383808098 1.4169618569110516 3.4117222292526472 32.874741622928155 0.0 29.45164062088824 644.0 1.5900621118012397 26.413959054522664 9.991545507772553 41.631810312897706 0.0 9.48347659176922 38.0 26.947368421052634 0.6580914509313256 1.0264785295261905 3.5217069291965686 0.0 29.384316693613304 680.0 1.505882352941178 1.3946511866458113 3.502690858301952 45.01462284090048 0.0 29.345482224521774 641.0 1.5975039001560107 28.13662262744742 5.58675950686399 35.76295777937128 0.0 7.64368178375316 36.0 28.44444444444444 0.6977944404766012 1.0905571814145025 4.365364986724842 0.0 29.32950224089589 666.0 1.5375375375375404 1.129313757143165 2.767948492328883 23.652094789886817 0.0 29.413658038499978 684.0 1.4970760233918128 27.421530094777072 9.831648393942721 53.64297022869914 0.0 11.059622266921881 41.0 24.975609756097565 0.5891210616489316 0.9930814517694064 3.704693846379042 0.0 29.498874700218323 697.0 1.469153515064563 1.135585781639158 2.8927772083987895 23.652094789886817 0.0 29.40883712010666 689.0 1.4862119013062436 24.978338260222753 9.959891527054445 38.65636486938852 0.0 10.371450920221939 40.0 25.6 0.5821309246481473 0.9692956957162615 3.51553738477806 0.0 29.45685901599688 709.0 1.4442877291960523 1.0341915817312846 2.54123759643848 23.652094789886817 0.0 29.42436973424261 687.0 1.490538573508007 26.670340323031425 7.762775065504378 33.450137581340485 0.0 7.318188880955937 36.0 28.44444444444444 0.5838169046359056 0.9975105003651454 4.7394594107427555 0.0 29.48142376938234 701.0 1.4607703281027096 
188.0005150327869 1.6611951061135815 1.2479672174956973 4.6261065484396156 0.0 25.783151247790148 105.0 9.752380952380943 3.056263059684581 4.12259513383657 13.834661177334347 0.0 15.970947686880438 51.0 20.078431372549026 1.3246991553798906 0.9281394053322238 3.4836138576524758 0.0 26.000875782667034 126.0 8.126984126984144 1.676235649132004 1.2658299433903106 4.6261065484396156 0.0 26.66786998069779 111.0 9.225225225225216 3.215174161356519 4.115440220494991 13.241912419968985 0.0 16.309553926498698 49.0 20.89795918367347 1.3908781844308542 0.8738109125704658 3.332808309342373 0.0 26.04511531680806 132.0 7.757575757575764 1.7044593595952315 1.350312576467862 5.6352774948562505 0.0 27.64964940254658 110.0 9.309090909090905 3.8649473481133176 6.466106547867601 24.628416408678792 0.0 21.257994108536618 46.0 22.260869565217398 1.410342496680556 0.9965322428027106 3.6016230121356916 0.0 26.215785468000025 126.0 8.126984126984144 0.0 0.0 0.0 0.0 0.0 1.0 1024.0 0.0 0.0 0.0 0.0 0.0 37.0 27.675675675675677 0.0 0.0 0.0 0.0 0.0 1.0 1024.0 0.0 0.0 0.0 0.0 0.0 1.0 1024.0 0.0 0.0 0.0 0.0 0.0 37.0 27.675675675675677 0.0 0.0 0.0 0.0 0.0 1.0 1024.0 0.0 0.0 0.0 0.0 0.0 1.0 1024.0 0.0 0.0 0.0 0.0 0.0 37.0 27.675675675675677 0.0 0.0 0.0 0.0 0.0 1.0 1024.0 1.7844773696641762 1.2013250192042761 4.805157531375327 0.0 25.532121198527864 152.0 6.736842105263156 4.58106600659779 4.752829121290701 15.074033345448699 0.0 19.31325074437748 51.0 20.078431372549023 1.3834532845382594 0.9662471048660553 3.4864782878754865 0.0 25.306913250458557 179.0 5.720670391061458 1.6894665124963986 1.217500543900836 4.805157531375327 0.0 26.243476206821555 163.0 6.28220858895705 4.623389552209654 4.626418050729 15.166946884958433 0.0 19.60975946760939 50.0 20.48 1.354337814453892 0.9253519665195029 3.355582661291501 0.0 25.874575158875857 197.0 5.197969543147216 1.8416629130543483 1.3652785298102081 5.869339320126588 0.0 26.37732314425725 145.0 7.06206896551723 6.599812247510329 8.555497930014969 28.568402560419546 0.0 23.60727266036167 44.0 23.272727272727266 1.4685772678168236 1.0158776072768176 3.9592310638267834 0.0 25.16905258271956 175.0 5.851428571428562 1.4821718997126845 3.7743625924153417 41.78745222094094 0.0 29.348448643212514 638.0 1.6050156739811945 24.07319097332853 10.878977035411614 36.9901087825193 0.0 13.537096399266316 42.0 24.380952380952376 0.67316311656262 1.058939836325291 4.365364986724842 0.0 29.23826360004977 667.0 1.535232383808098 1.4169618569110516 3.4117222292526472 32.874741622928155 0.0 29.45164062088824 644.0 1.5900621118012397 26.413959054522664 9.991545507772553 41.631810312897706 0.0 9.48347659176922 38.0 26.947368421052634 0.6580914509313256 1.0264785295261905 3.5217069291965686 0.0 29.384316693613304 680.0 1.505882352941178 1.3946511866458113 3.502690858301952 45.01462284090048 0.0 29.345482224521774 641.0 1.5975039001560107 28.13662262744742 5.58675950686399 35.76295777937128 0.0 7.64368178375316 36.0 28.44444444444444 0.6977944404766012 1.0905571814145025 4.365364986724842 0.0 29.32950224089589 666.0 1.5375375375375404 1.129313757143165 2.767948492328883 23.652094789886817 0.0 29.413658038499978 684.0 1.4970760233918128 27.421530094777072 9.831648393942721 53.64297022869914 0.0 11.059622266921881 41.0 24.975609756097565 0.5891210616489316 0.9930814517694064 3.704693846379042 0.0 29.498874700218323 697.0 1.469153515064563 1.135585781639158 2.8927772083987895 23.652094789886817 0.0 29.40883712010666 689.0 1.4862119013062436 24.978338260222753 9.959891527054445 38.65636486938852 0.0 10.371450920221939 40.0 25.6 0.5821309246481473 0.9692956957162615 3.51553738477806 0.0 29.45685901599688 709.0 1.4442877291960523 1.0341915817312846 2.54123759643848 23.652094789886817 0.0 29.42436973424261 687.0 1.490538573508007 26.670340323031425 7.762775065504378 33.450137581340485 0.0 7.318188880955937 36.0 28.44444444444444 0.5838169046359056 0.9975105003651454 4.7394594107427555 0.0 29.48142376938234 701.0 1.4607703281027096 
189.0005150327869 1.6612660294559531 1.2478644046836458 4.6261065484396156 0.0 25.78207658763745 105.0 9.752380952380943 3.056263059684581 4.12259513383657 13.834661177334347 0.0 15.970947686880438 51.0 20.078431372549026 1.3246991553798906 0.9281394053322238 3.4836138576524758 0.0 26.000875782667034 126.0 8.126984126984144 1.676235649132004 1.2658299433903106 4.6261065484396156 0.0 26.66786998069779 111.0 9.225225225225216 3.215174161356519 4.115440220494991 13.241912419968985 0.0 16.309553926498698 49.0 20.89795918367347 1.3908781844308542 0.8738109125704658 3.332808309342373 0.0 26.04511531680806 132.0 7.757575757575764 1.7041079334157527 1.3506825590125637 5.6352774948562505 0.0 27.650269233330405 110.0 9.309090909090905 3.8649473481133176 6.466106547867601 24.628416408678792 0.0 21.257994108536618 46.0 22.260869565217398 1.410342496680556 0.9965322428027106 3.6016230121356916 0.0 26.215785468000025 126.0 8.126984126984144 0.0 0.0 0.0 0.0 0.0 1.0 1024.0 0.0 0.0 0.0 0.0 0.0 37.0 27.675675675675677 0.0 0.0 0.0 0.0 0.0 1.0 1024.0 0.0 0.0 0.0 0.0 0.0 1.0 1024.0 0.0 0.0 0.0 0.0 0.0 37.0 27.675675675675677 0.0 0.0 0.0 0.0 0.0 1.0 1024.0 0.0 0.0 0.0 0.0 0.0 1.0 1024.0 0.0 0.0 0.0 0.0 0.0 37.0 27.675675675675677 0.0 0.0 0.0 0.0 0.0 1.0 1024.0 1.7844773696641762 1.2013250192042761 4.805157531375327 0.0 25.532121198527864 152.0 6.736842105263156 4.58106600659779 4.752829121290701 15.074033345448699 0.0 19.31325074437748 51.0 20.078431372549023 1.3834532845382594 0.9662471048660553 3.4864782878754865 0.0 25.306913250458557 179.0 5.720670391061458 1.6894665124963986 1.217500543900836 4.805157531375327 0.0 26.243476206821555 163.0 6.28220858895705 4.623389552209654 4.626418050729 15.166946884958433 0.0 19.60975946760939 50.0 20.48 1.354337814453892 0.9253519665195029 3.355582661291501 0.0 25.874575158875857 197.0 5.197969543147216 1.8416629130543483 1.3652785298102081 5.869339320126588 0.0 26.37732314425725 145.0 7.06206896551723 6.599812247510329 8.555497930014969 28.568402560419546 0.0 23.60727266036167 44.0 23.272727272727266 1.4685772678168236 1.0158776072768176 3.9592310638267834 0.0 25.16905258271956 175.0 5.851428571428562 1.4821718997126845 3.7743625924153417 41.78745222094094 0.0 29.348448643212514 638.0 1.6050156739811945 24.07319097332853 10.878977035411614 36.9901087825193 0.0 13.537096399266316 42.0 24.380952380952376 0.67316311656262 1.058939836325291 4.365364986724842 0.0 29.23826360004977 667.0 1.535232383808098 1.4169618569110516 3.4117222292526472 32.874741622928155 0.0 29.45164062088824 644.0 1.5900621118012397 26.413959054522664 9.991545507772553 41.631810312897706 0.0 9.48347659176922 38.0 26.947368421052634 0.6580914509313256 1.0264785295261905 3.5217069291965686 0.0 29.384316693613304 680.0 1.505882352941178 1.3946511866458113 3.502690858301952 45.01462284090048 0.0 29.345482224521774 641.0 1.5975039001560107 28.13662262744742 5.58675950686399 35.76295777937128 0.0 7.64368178375316 36.0 28.44444444444444 0.6977944404766012 1.0905571814145025 4.365364986724842 0.0 29.32950224089589 666.0 1.5375375375375404 1.129313757143165 2.767948492328883 23.652094789886817 0.0 29.413658038499978 684.0 1.4970760233918128 27.421530094777072 9.831648393942721 53.64297022869914 0.0 11.059622266921881 41.0 24.975609756097565 0.5891210616489316 0.9930814517694064 3.704693846379042 0.0 29.498874700218323 697.0 1.469153515064563 1.135585781639158 2.8927772083987895 23.652094789886817 0.0 29.40883712010666 689.0 1.4862119013062436 24.978338260222753 9.959891527054445 38.65636486938852 0.0 10.371450920221939 40.0 25.6 0.5821309246481473 0.9692956957162615 3.51553738477806 0.0 29.45685901599688 709.0 1.4442877291960523 1.0341915817312846 2.54123759643848 23.652094789886817 0.0 29.42436973424261 687.0 1.490538573508007 26.670340323031425 7.762775065504378 33.450137581340485 0.0 7.318188880955937 36.0 28.44444444444444 0.5838169046359056 0.9975105003651454 4.7394594107427555 0.0 29.48142376938234 701.0 1.4607703281027096 
190.0005150327869 1.6671869641298707 1.2412150268876672 4.6261065484396156 0.0 25.787941076556656 105.0 9.752380952380943 3.056263059684581 4.12259513383657 13.834661177334347 0.0 15.970947686880438 51.0 20.078431372549026 1.3246991553798906 0.9281394053322238 3.4836138576524758 0.0 26.000875782667034 126.0 8.126984126984144 1.6762519405509029 1.265816864962108 4.6261065484396156 0.0 26.668041430303024 111.0 9.225225225225216 3.215174161356519 4.115440220494991 13.241912419968985 0.0 16.309553926498698 49.0 20.89795918367347 1.3908781844308542 0.8738109125704658 3.332808309342373 0.0 26.04511531680806 132.0 7.757575757575764 1.7041079334157527 1.3506825590125637 5.6352774948562505 0.0 27.650269233330405 110.0 9.309090909090905 3.8649473481133176 6.466106547867601 24.628416408678792 0.0 21.257994108536618 46.0 22.260869565217398 1.410342496680556 0.9965322428027106 3.6016230121356916 0.0 26.215785468000025 126.0 8.126984126984144 0.0 0.0 0.0 0.0 0.0 1.0 1024.0 0.0 0.0 0.0 0.0 0.0 37.0 27.675675675675677 0.0 0.0 0.0 0.0 0.0 1.0 1024.0 0.0 0.0 0.0 0.0 0.0 1.0 1024.0 0.0 0.0 0.0 0.0 0.0 37.0 27.675675675675677 0.0 0.0 0.0 0.0 0.0 1.0 1024.0 0.0 0.0 0.0 0.0 0.0 1.0 1024.0 0.0 0.0 0.0 0.0 0.0 37.0 27.675675675675677 0.0 0.0 0.0 0.0 0.0 1.0 1024.0 1.7844773696641762 1.2013250192042761 4.805157531375327 0.0 25.532121198527864 152.0 6.736842105263156 4.58106600659779 4.752829121290701 15.074033345448699 0.0 19.31325074437748 51.0 20.078431372549023 1.3834532845382594 0.9662471048660553 3.4864782878754865 0.0 25.306913250458557 179.0 5.720670391061458 1.6894665124963986 1.217500543900836 4.805157531375327 0.0 26.243476206821555 163.0 6.28220858895705 4.623389552209654 4.626418050729 15.166946884958433 0.0 19.60975946760939 50.0 20.48 1.354337814453892 0.9253519665195029 3.355582661291501 0.0 25.874575158875857 197.0 5.197969543147216 1.8416629130543483 1.3652785298102081 5.869339320126588 0.0 26.37732314425725 145.0 7.06206896551723 6.599812247510329 8.555497930014969 28.568402560419546 0.0 23.60727266036167 44.0 23.272727272727266 1.4685772678168236 1.0158776072768176 3.9592310638267834 0.0 25.16905258271956 175.0 5.851428571428562 1.4821718997126845 3.7743625924153417 41.78745222094094 0.0 29.348448643212514 638.0 1.6050156739811945 24.07319097332853 10.878977035411614 36.9901087825193 0.0 13.537096399266316 42.0 24.380952380952376 0.67316311656262 1.058939836325291 4.365364986724842 0.0 29.23826360004977 667.0 1.535232383808098 1.4169618569110516 3.4117222292526472 32.874741622928155 0.0 29.45164062088824 644.0 1.5900621118012397 26.413959054522664 9.991545507772553 41.631810312897706 0.0 9.48347659176922 38.0 26.947368421052634 0.6580914509313256 1.0264785295261905 3.5217069291965686 0.0 29.384316693613304 680.0 1.505882352941178 1.3946511866458113 3.502690858301952 45.01462284090048 0.0 29.345482224521774 641.0 1.5975039001560107 28.13662262744742 5.58675950686399 35.76295777937128 0.0 7.64368178375316 36.0 28.44444444444444 0.6977944404766012 1.0905571814145025 4.365364986724842 0.0 29.32950224089589 666.0 1.5375375375375404 1.129313757143165 2.767948492328883 23.652094789886817 0.0 29.413658038499978 684.0 1.4970760233918128 27.421530094777072 9.831648393942721 53.64297022869914 0.0 11.059622266921881 41.0 24.975609756097565 0.5891210616489316 0.9930814517694064 3.704693846379042 0.0 29.498874700218323 697.0 1.469153515064563 1.135585781639158 2.8927772083987895 23.652094789886817 0.0 29.40883712010666 689.0 1.4862119013062436 24.978338260222753 9.959891527054445 38.65636486938852 0.0 10.371450920221939 40.0 25.6 0.5821309246481473 0.9692956957162615 3.51553738477806 0.0 29.45685901599688 709.0 1.4442877291960523 1.0341915817312846 2.54123759643848 23.652094789886817 0.0 29.42436973424261 687.0 1.490538573508007 26.670340323031425 7.762775065504378 33.450137581340485 0.0 7.318188880955937 36.0 28.44444444444444 0.5838169046359056 0.9975105003651454 4.7394594107427555 0.0 29.48142376938234 701.0 1.4607703281027096 
191.0005150327869 1.6671869641298707 1.2412150268876672 4.6261065484396156 0.0 25.787941076556656 105.0 9.752380952380943 3.056263059684581 4.12259513383657 13.834661177334347 0.0 15.970947686880438 51.0 20.078431372549026 1.3246991553798906 0.9281394053322238 3.4836138576524758 0.0 26.000875782667034 126.0 8.126984126984144 1.6763179053769046 1.2657667016321683 4.6261065484396156 0.0 26.66817047364048 111.0 9.225225225225216 3.215174161356519 4.115440220494991 13.241912419968985 0.0 16.309553926498698 49.0 20.89795918367347 1.3908781844308542 0.8738109125704658 3.332808309342373 0.0 26.04511531680806 132.0 7.757575757575764 1.7041079334157527 1.3506825590125637 5.6352774948562505 0.0 27.650269233330405 110.0 9.309090909090905 3.8649473481133176 6.466106547867601 24.628416408678792 0.0 21.257994108536618 46.0 22.260869565217398 1.410342496680556 0.9965322428027106 3.6016230121356916 0.0 26.215785468000025 126.0 8.126984126984144 0.0 0.0 0.0 0.0 0.0 1.0 1024.0 0.0 0.0 0.0 0.0 0.0 37.0 27.675675675675677 0.0 0.0 0.0 0.0 0.0 1.0 1024.0 0.0 0.0 0.0 0.0 0.0 1.0 1024.0 0.0 0.0 0.0 0.0 0.0 37.0 27.675675675675677 0.0 0.0 0.0 0.0 0.0 1.0 1024.0 0.0 0.0 0.0 0.0 0.0 1.0 1024.0 0.0 0.0 0.0 0.0 0.0 37.0 27.675675675675677 0.0 0.0 0.0 0.0 0.0 1.0 1024.0 1.784934970725439 1.2012969021958035 4.805157531375327 0.0 25.5315884507092 152.0 6.736842105263156 4.58106600659779 4.752829121290701 15.074033345448699 0.0 19.31325074437748 51.0 20.078431372549023 1.3834532845382594 0.9662471048660553 3.4864782878754865 0.0 25.306913250458557 179.0 5.720670391061458 1.6894665124963986 1.217500543900836 4.805157531375327 0.0 26.243476206821555 163.0 6.28220858895705 4.623389552209654 4.626418050729 15.166946884958433 0.0 19.60975946760939 50.0 20.48 1.354337814453892 0.9253519665195029 3.355582661291501 0.0 25.874575158875857 197.0 5.197969543147216 1.8416629130543483 1.3652785298102081 5.869339320126588 0.0 26.37732314425725 145.0 7.06206896551723 6.599812247510329 8.555497930014969 28.568402560419546 0.0 23.60727266036167 44.0 23.272727272727266 1.4685772678168236 1.0158776072768176 3.9592310638267834 0.0 25.16905258271956 175.0 5.851428571428562 1.4821718997126845 3.7743625924153417 41.78745222094094 0.0 29.348448643212514 638.0 1.6050156739811945 24.07319097332853 10.878977035411614 36.9901087825193 0.0 13.537096399266316 42.0 24.380952380952376 0.67316311656262 1.058939836325291 4.365364986724842 0.0 29.23826360004977 667.0 1.535232383808098 1.4169618569110516 3.4117222292526472 32.874741622928155 0.0 29.45164062088824 644.0 1.5900621118012397 26.413959054522664 9.991545507772553 41.631810312897706 0.0 9.48347659176922 38.0 26.947368421052634 0.6580914509313256 1.0264785295261905 3.5217069291965686 0.0 29.384316693613304 680.0 1.505882352941178 1.3946511866458113 3.502690858301952 45.01462284090048 0.0 29.345482224521774 641.0 1.5975039001560107 28.13662262744742 5.58675950686399 35.76295777937128 0.0 7.64368178375316 36.0 28.44444444444444 0.6977944404766012 1.0905571814145025 4.365364986724842 0.0 29.32950224089589 666.0 1.5375375375375404 1.129313757143165 2.767948492328883 23.652094789886817 0.0 29.413658038499978 684.0 1.4970760233918128 27.421530094777072 9.831648393942721 53.64297022869914 0.0 11.059622266921881 41.0 24.975609756097565 0.5891210616489316 0.9930814517694064 3.704693846379042 0.0 29.498874700218323 697.0 1.469153515064563 1.135585781639158 2.8927772083987895 23.652094789886817 0.0 29.40883712010666 689.0 1.4862119013062436 24.978338260222753 9.959891527054445 38.65636486938852 0.0 10.371450920221939 40.0 25.6 0.5821309246481473 0.9692956957162615 3.51553738477806 0.0 29.45685901599688 709.0 1.4442877291960523 1.0341915817312846 2.54123759643848 23.652094789886817 0.0 29.42436973424261 687.0 1.490538573508007 26.670340323031425 7.762775065504378 33.450137581340485 0.0 7.318188880955937 36.0 28.44444444444444 0.5838169046359056 0.9975105003651454 4.7394594107427555 0.0 29.48142376938234 701.0 1.4607703281027096 
192.0005150327869 1.6671869641298707 1.2412150268876672 4.6261065484396156 0.0 25.787941076556656 105.0 9.752380952380943 3.056263059684581 4.12259513383657 13.834661177334347 0.0 15.970947686880438 51.0 20.078431372549026 1.3246991553798906 0.9281394053322238 3.4836138576524758 0.0 26.000875782667034 126.0 8.126984126984144 1.676282301901864 1.265803072241162 4.6261065484396156 0.0 26.66833821524041 111.0 9.225225225225216 3.215174161356519 4.115440220494991 13.241912419968985 0.0 16.309553926498698 49.0 20.89795918367347 1.3908781844308542 0.8738109125704658 3.332808309342373 0.0 26.04511531680806 132.0 7.757575757575764 1.7041079334157527 1.3506825590125637 5.6352774948562505 0.0 27.650269233330405 110.0 9.309090909090905 3.8649473481133176 6.466106547867601 24.628416408678792 0.0 21.257994108536618 46.0 22.260869565217398 1.410342496680556 0.9965322428027106 3.6016230121356916 0.0 26.215785468000025 126.0 8.126984126984144 0.0 0.0 0.0 0.0 0.0 1.0 1024.0 0.0 0.0 0.0 0.0 0.0 37.0 27.675675675675677 0.0 0.0 0.0 0.0 0.0 1.0 1024.0 0.0 0.0 0.0 0.0 0.0 1.0 1024.0 0.0 0.0 0.0 0.0 0.0 37.0 27.675675675675677 0.0 0.0 0.0 0.0 0.0 1.0 1024.0 0.0 0.0 0.0 0.0 0.0 1.0 1024.0 0.0 0.0 0.0 0.0 0.0 37.0 27.675675675675677 0.0 0.0 0.0 0.0 0.0 1.0 1024.0 1.784934970725439 1.2012969021958035 4.805157531375327 0.0 25.5315884507092 152.0 6.736842105263156 4.58106600659779 4.752829121290701 15.074033345448699 0.0 19.31325074437748 51.0 20.078431372549023 1.3834532845382594 0.9662471048660553 3.4864782878754865 0.0 25.306913250458557 179.0 5.720670391061458 1.6894665124963986 1.217500543900836 4.805157531375327 0.0 26.243476206821555 163.0 6.28220858895705 4.623389552209654 4.626418050729 15.166946884958433 0.0 19.60975946760939 50.0 20.48 1.3530364212353099 0.9263569232886898 3.355582661291501 0.0 25.873726862473895 197.0 5.197969543147216 1.8416629130543483 1.3652785298102081 5.869339320126588 0.0 26.37732314425725 145.0 7.06206896551723 6.599812247510329 8.555497930014969 28.568402560419546 0.0 23.60727266036167 44.0 23.272727272727266 1.4685772678168236 1.0158776072768176 3.9592310638267834 0.0 25.16905258271956 175.0 5.851428571428562 1.4821718997126845 3.7743625924153417 41.78745222094094 0.0 29.348448643212514 638.0 1.6050156739811945 24.07319097332853 10.878977035411614 36.9901087825193 0.0 13.537096399266316 42.0 24.380952380952376 0.67316311656262 1.058939836325291 4.365364986724842 0.0 29.23826360004977 667.0 1.535232383808098 1.4169618569110516 3.4117222292526472 32.874741622928155 0.0 29.45164062088824 644.0 1.5900621118012397 26.413959054522664 9.991545507772553 41.631810312897706 0.0 9.48347659176922 38.0 26.947368421052634 0.6580914509313256 1.0264785295261905 3.5217069291965686 0.0 29.384316693613304 680.0 1.505882352941178 1.3946511866458113 3.502690858301952 45.01462284090048 0.0 29.345482224521774 641.0 1.5975039001560107 28.13662262744742 5.58675950686399 35.76295777937128 0.0 7.64368178375316 36.0 28.44444444444444 0.6977944404766012 1.0905571814145025 4.365364986724842 0.0 29.32950224089589 666.0 1.5375375375375404 1.129313757143165 2.767948492328883 23.652094789886817 0.0 29.413658038499978 684.0 1.4970760233918128 27.421530094777072 9.831648393942721 53.64297022869914 0.0 11.059622266921881 41.0 24.975609756097565 0.5891210616489316 0.9930814517694064 3.704693846379042 0.0 29.498874700218323 697.0 1.469153515064563 1.135585781639158 2.8927772083987895 23.652094789886817 0.0 29.40883712010666 689.0 1.4862119013062436 24.978338260222753 9.959891527054445 38.65636486938852 0.0 10.371450920221939 40.0 25.6 0.5821309246481473 0.9692956957162615 3.51553738477806 0.0 29.45685901599688 709.0 1.4442877291960523 1.0341915817312846 2.54123759643848 23.652094789886817 0.0 29.42436973424261 687.0 1.490538573508007 26.670340323031425 7.762775065504378 33.450137581340485 0.0 7.318188880955937 36.0 28.44444444444444 0.5838169046359056 0.9975105003651454 4.7394594107427555 0.0 29.48142376938234 701.0 1.4607703281027096 
193.0005150327869 1.6671869641298707 1.2412150268876672 4.6261065484396156 0.0 25.787941076556656 105.0 9.752380952380943 3.056263059684581 4.12259513383657 13.834661177334347 0.0 15.970947686880438 51.0 20.078431372549026 1.3246991553798906 0.9281394053322238 3.4836138576524758 0.0 26.000875782667034 126.0 8.126984126984144 1.676282301901864 1.265803072241162 4.6261065484396156 0.0 26.66833821524041 111.0 9.225225225225216 3.215174161356519 4.115440220494991 13.241912419968985 0.0 16.309553926498698 49.0 20.89795918367347 1.3908781844308542 0.8738109125704658 3.332808309342373 0.0 26.04511531680806 132.0 7.757575757575764 1.7041079334157527 1.3506825590125637 5.6352774948562505 0.0 27.650269233330405 110.0 9.309090909090905 3.8649473481133176 6.466106547867601 24.628416408678792 0.0 21.257994108536618 46.0 22.260869565217398 1.410342496680556 0.9965322428027106 3.6016230121356916 0.0 26.215785468000025 126.0 8.126984126984144 0.0 0.0 0.0 0.0 0.0 1.0 1024.0 0.0 0.0 0.0 0.0 0.0 37.0 27.675675675675677 0.0 0.0 0.0 0.0 0.0 1.0 1024.0 0.0 0.0 0.0 0.0 0.0 1.0 1024.0 0.0 0.0 0.0 0.0 0.0 37.0 27.675675675675677 0.0 0.0 0.0 0.0 0.0 1.0 1024.0 0.0 0.0 0.0 0.0 0.0 1.0 1024.0 0.0 0.0 0.0 0.0 0.0 37.0 27.675675675675677 0.0 0.0 0.0 0.0 0.0 1.0 1024.0 1.784934970725439 1.2012969021958035 4.805157531375327 0.0 25.5315884507092 152.0 6.736842105263156 4.58106600659779 4.752829121290701 15.074033345448699 0.0 19.31325074437748 51.0 20.078431372549023 1.3834532845382594 0.9662471048660553 3.4864782878754865 0.0 25.306913250458557 179.0 5.720670391061458 1.6894665124963986 1.217500543900836 4.805157531375327 0.0 26.243476206821555 163.0 6.28220858895705 4.623389552209654 4.626418050729 15.166946884958433 0.0 19.60975946760939 50.0 20.48 1.353264257934705 0.9261800582487867 3.355582661291501 0.0 25.87242997050218 197.0 5.197969543147215 1.8416629130543483 1.3652785298102081 5.869339320126588 0.0 26.37732314425725 145.0 7.06206896551723 6.599812247510329 8.555497930014969 28.568402560419546 0.0 23.60727266036167 44.0 23.272727272727266 1.4685772678168236 1.0158776072768176 3.9592310638267834 0.0 25.16905258271956 175.0 5.851428571428562 1.4821718997126845 3.7743625924153417 41.78745222094094 0.0 29.348448643212514 638.0 1.6050156739811945 24.07319097332853 10.878977035411614 36.9901087825193 0.0 13.537096399266316 42.0 24.380952380952376 0.67316311656262 1.058939836325291 4.365364986724842 0.0 29.23826360004977 667.0 1.535232383808098 1.4169618569110516 3.4117222292526472 32.874741622928155 0.0 29.45164062088824 644.0 1.5900621118012397 26.413959054522664 9.991545507772553 41.631810312897706 0.0 9.48347659176922 38.0 26.947368421052634 0.6580914509313256 1.0264785295261905 3.5217069291965686 0.0 29.384316693613304 680.0 1.505882352941178 1.3946511866458113 3.502690858301952 45.01462284090048 0.0 29.345482224521774 641.0 1.5975039001560107 28.13662262744742 5.58675950686399 35.76295777937128 0.0 7.64368178375316 36.0 28.44444444444444 0.6977944404766012 1.0905571814145025 4.365364986724842 0.0 29.32950224089589 666.0 1.5375375375375404 1.129313757143165 2.767948492328883 23.652094789886817 0.0 29.413658038499978 684.0 1.4970760233918128 27.421530094777072 9.831648393942721 53.64297022869914 0.0 11.059622266921881 41.0 24.975609756097565 0.5891210616489316 0.9930814517694064 3.704693846379042 0.0 29.498874700218323 697.0 1.469153515064563 1.135585781639158 2.8927772083987895 23.652094789886817 0.0 29.40883712010666 689.0 1.4862119013062436 24.978338260222753 9.959891527054445 38.65636486938852 0.0 10.371450920221939 40.0 25.6 0.5821309246481473 0.9692956957162615 3.51553738477806 0.0 29.45685901599688 709.0 1.4442877291960523 1.0341915817312846 2.54123759643848 23.652094789886817 0.0 29.42436973424261 687.0 1.490538573508007 26.670340323031425 7.762775065504378 33.450137581340485 0.0 7.318188880955937 36.0 28.44444444444444 0.5838169046359056 0.9975105003651454 4.7394594107427555 0.0 29.48142376938234 701.0 1.4607703281027096 
194.0005150327869 1.6678016929745791 1.2407069890337898 4.6261065484396156 0.0 25.79023001620564 105.0 9.752380952380943 3.056263059684581 4.12259513383657 13.834661177334347 0.0 15.970947686880438 51.0 20.078431372549026 1.3246991553798906 0.9281394053322238 3.4836138576524758 0.0 26.000875782667034 126.0 8.126984126984144 1.676308284047255 1.2657797154511887 4.6261065484396156 0.0 26.668497894578245 111.0 9.225225225225216 3.215174161356519 4.115440220494991 13.241912419968985 0.0 16.309553926498698 49.0 20.89795918367347 1.3908781844308542 0.8738109125704658 3.332808309342373 0.0 26.04511531680806 132.0 7.757575757575764 1.7041079334157527 1.3506825590125637 5.6352774948562505 0.0 27.650269233330405 110.0 9.309090909090905 3.8649473481133176 6.466106547867601 24.628416408678792 0.0 21.257994108536618 46.0 22.260869565217398 1.410342496680556 0.9965322428027106 3.6016230121356916 0.0 26.215785468000025 126.0 8.126984126984144 0.0 0.0 0.0 0.0 0.0 1.0 1024.0 0.0 0.0 0.0 0.0 0.0 37.0 27.675675675675677 0.0 0.0 0.0 0.0 0.0 1.0 1024.0 0.0 0.0 0.0 0.0 0.0 1.0 1024.0 0.0 0.0 0.0 0.0 0.0 37.0 27.675675675675677 0.0 0.0 0.0 0.0 0.0 1.0 1024.0 0.0 0.0 0.0 0.0 0.0 1.0 1024.0 0.0 0.0 0.0 0.0 0.0 37.0 27.675675675675677 0.0 0.0 0.0 0.0 0.0 1.0 1024.0 1.784934970725439 1.2012969021958035 4.805157531375327 0.0 25.5315884507092 152.0 6.736842105263156 4.58106600659779 4.752829121290701 15.074033345448699 0.0 19.31325074437748 51.0 20.078431372549023 1.3834532845382594 0.9662471048660553 3.4864782878754865 0.0 25.306913250458557 179.0 5.720670391061458 1.6894665124963986 1.217500543900836 4.805157531375327 0.0 26.243476206821555 163.0 6.28220858895705 4.623389552209654 4.626418050729 15.166946884958433 0.0 19.60975946760939 50.0 20.48 1.3555882204917735 0.9279309193108799 3.355582661291501 0.0 25.823251120891033 196.0 5.224489795918362 1.8416629130543483 1.3652785298102081 5.869339320126588 0.0 26.37732314425725 145.0 7.06206896551723 6.599812247510329 8.555497930014969 28.568402560419546 0.0 23.60727266036167 44.0 23.272727272727266 1.4685772678168236 1.0158776072768176 3.9592310638267834 0.0 25.16905258271956 175.0 5.851428571428562 1.4821718997126845 3.7743625924153417 41.78745222094094 0.0 29.348448643212514 638.0 1.6050156739811945 24.07319097332853 10.878977035411614 36.9901087825193 0.0 13.537096399266316 42.0 24.380952380952376 0.67316311656262 1.058939836325291 4.365364986724842 0.0 29.23826360004977 667.0 1.535232383808098 1.4169618569110516 3.4117222292526472 32.874741622928155 0.0 29.45164062088824 644.0 1.5900621118012397 26.413959054522664 9.991545507772553 41.631810312897706 0.0 9.48347659176922 38.0 26.947368421052634 0.6580914509313256 1.0264785295261905 3.5217069291965686 0.0 29.384316693613304 680.0 1.505882352941178 1.3946511866458113 3.502690858301952 45.01462284090048 0.0 29.345482224521774 641.0 1.5975039001560107 28.13662262744742 5.58675950686399 35.76295777937128 0.0 7.64368178375316 36.0 28.44444444444444 0.6977944404766012 1.0905571814145025 4.365364986724842 0.0 29.32950224089589 666.0 1.5375375375375404 1.129313757143165 2.767948492328883 23.652094789886817 0.0 29.413658038499978 684.0 1.4970760233918128 27.421530094777072 9.831648393942721 53.64297022869914 0.0 11.059622266921881 41.0 24.975609756097565 0.5891210616489316 0.9930814517694064 3.704693846379042 0.0 29.498874700218323 697.0 1.469153515064563 1.135585781639158 2.8927772083987895 23.652094789886817 0.0 29.40883712010666 689.0 1.4862119013062436 24.978338260222753 9.959891527054445 38.65636486938852 0.0 10.371450920221939 40.0 25.6 0.5821309246481473 0.9692956957162615 3.51553738477806 0.0 29.45685901599688 709.0 1.4442877291960523 1.0341915817312846 2.54123759643848 23.652094789886817 0.0 29.42436973424261 687.0 1.490538573508007 26.670340323031425 7.762775065504378 33.450137581340485 0.0 7.318188880955937 36.0 28.44444444444444 0.5838169046359056 0.9975105003651454 4.7394594107427555 0.0 29.48142376938234 701.0 1.4607703281027096 
195.0005150327869 1.6678016929745791 1.2407069890337898 4.6261065484396156 0.0 25.79023001620564 105.0 9.752380952380943 3.056263059684581 4.12259513383657 13.834661177334347 0.0 15.970947686880438 51.0 20.078431372549026 1.3246991553798906 0.9281394053322238 3.4836138576524758 0.0 26.000875782667034 126.0 8.126984126984144 1.676308284047255 1.2657797154511887 4.6261065484396156 0.0 26.668497894578245 111.0 9.225225225225216 3.215174161356519 4.115440220494991 13.241912419968985 0.0 16.309553926498698 49.0 20.89795918367347 1.3908781844308542 0.8738109125704658 3.332808309342373 0.0 26.04511531680806 132.0 7.757575757575764 1.7041079334157527 1.3506825590125637 5.6352774948562505 0.0 27.650269233330405 110.0 9.309090909090905 3.8649473481133176 6.466106547867601 24.628416408678792 0.0 21.257994108536618 46.0 22.260869565217398 1.410342496680556 0.9965322428027106 3.6016230121356916 0.0 26.215785468000025 126.0 8.126984126984144 0.0 0.0 0.0 0.0 0.0 1.0 1024.0 0.0 0.0 0.0 0.0 0.0 37.0 27.675675675675677 0.0 0.0 0.0 0.0 0.0 1.0 1024.0 0.0 0.0 0.0 0.0 0.0 1.0 1024.0 0.0 0.0 0.0 0.0 0.0 37.0 27.675675675675677 0.0 0.0 0.0 0.0 0.0 1.0 1024.0 0.0 0.0 0.0 0.0 0.0 1.0 1024.0 0.0 0.0 0.0 0.0 0.0 37.0 27.675675675675677 0.0 0.0 0.0 0.0 0.0 1.0 1024.0 1.784934970725439 1.2012969021958035 4.805157531375327 0.0 25.5315884507092 152.0 6.736842105263156 4.58106600659779 4.752829121290701 15.074033345448699 0.0 19.31325074437748 51.0 20.078431372549023 1.3834532845382594 0.9662471048660553 3.4864782878754865 0.0 25.306913250458557 179.0 5.720670391061458 1.6894665124963986 1.217500543900836 4.805157531375327 0.0 26.243476206821555 163.0 6.28220858895705 4.623389552209654 4.626418050729 15.166946884958433 0.0 19.60975946760939 50.0 20.48 1.3555882204917735 0.9279309193108799 3.355582661291501 0.0 25.823251120891033 196.0 5.224489795918362 1.8416629130543483 1.3652785298102081 5.869339320126588 0.0 26.37732314425725 145.0 7.06206896551723 6.599812247510329 8.555497930014969 28.568402560419546 0.0 23.60727266036167 44.0 23.272727272727266 1.4685772678168236 1.0158776072768176 3.9592310638267834 0.0 25.16905258271956 175.0 5.851428571428562 1.4821718997126845 3.7743625924153417 41.78745222094094 0.0 29.348448643212514 638.0 1.6050156739811945 24.07319097332853 10.878977035411614 36.9901087825193 0.0 13.537096399266316 42.0 24.380952380952376 0.67316311656262 1.058939836325291 4.365364986724842 0.0 29.23826360004977 667.0 1.535232383808098 1.4169618569110516 3.4117222292526472 32.874741622928155 0.0 29.45164062088824 644.0 1.5900621118012397 26.413959054522664 9.991545507772553 41.631810312897706 0.0 9.48347659176922 38.0 26.947368421052634 0.6580914509313256 1.0264785295261905 3.5217069291965686 0.0 29.384316693613304 680.0 1.505882352941178 1.3946511866458113 3.502690858301952 45.01462284090048 0.0 29.345482224521774 641.0 1.5975039001560107 28.13662262744742 5.58675950686399 35.76295777937128 0.0 7.64368178375316 36.0 28.44444444444444 0.6977944404766012 1.0905571814145025 4.365364986724842 0.0 29.32950224089589 666.0 1.5375375375375404 1.129313757143165 2.767948492328883 23.652094789886817 0.0 29.413658038499978 684.0 1.4970760233918128 27.421530094777072 9.831648393942721 53.64297022869914 0.0 11.059622266921881 41.0 24.975609756097565 0.5891210616489316 0.9930814517694064 3.704693846379042 0.0 29.498874700218323 697.0 1.469153515064563 1.135585781639158 2.8927772083987895 23.652094789886817 0.0 29.40883712010666 689.0 1.4862119013062436 24.978338260222753 9.959891527054445 38.65636486938852 0.0 10.371450920221939 40.0 25.6 0.5821309246481473 0.9692956957162615 3.51553738477806 0.0 29.45685901599688 709.0 1.4442877291960523 1.0341915817312846 2.54123759643848 23.652094789886817 0.0 29.42436973424261 687.0 1.490538573508007 26.670340323031425 7.762775065504378 33.450137581340485 0.0 7.318188880955937 36.0 28.44444444444444 0.5838169046359056 0.9975105003651454 4.7394594107427555 0.0 29.48142376938234 701.0 1.4607703281027096 
196.0005150327869 1.6678016929745791 1.2407069890337898 4.6261065484396156 0.0 25.79023001620564 105.0 9.752380952380943 3.056263059684581 4.12259513383657 13.834661177334347 0.0 15.970947686880438 51.0 20.078431372549026 1.3246991553798906 0.9281394053322238 3.4836138576524758 0.0 26.000875782667034 126.0 8.126984126984144 1.676308284047255 1.2657797154511887 4.6261065484396156 0.0 26.668497894578245 111.0 9.225225225225216 3.215174161356519 4.115440220494991 13.241912419968985 0.0 16.309553926498698 49.0 20.89795918367347 1.3908781844308542 0.8738109125704658 3.332808309342373 0.0 26.04511531680806 132.0 7.757575757575764 1.7041079334157527 1.3506825590125637 5.6352774948562505 0.0 27.650269233330405 110.0 9.309090909090905 3.8649473481133176 6.466106547867601 24.628416408678792 0.0 21.257994108536618 46.0 22.260869565217398 1.410342496680556 0.9965322428027106 3.6016230121356916 0.0 26.215785468000025 126.0 8.126984126984144 0.0 0.0 0.0 0.0 0.0 1.0 1024.0 0.0 0.0 0.0 0.0 0.0 37.0 27.675675675675677 0.0 0.0 0.0 0.0 0.0 1.0 1024.0 0.0 0.0 0.0 0.0 0.0 1.0 1024.0 0.0 0.0 0.0 0.0 0.0 37.0 27.675675675675677 0.0 0.0 0.0 0.0 0.0 1.0 1024.0 0.0 0.0 0.0 0.0 0.0 1.0 1024.0 0.0 0.0 0.0 0.0 0.0 37.0 27.675675675675677 0.0 0.0 0.0 0.0 0.0 1.0 1024.0 1.784934970725439 1.2012969021958035 4.805157531375327 0.0 25.5315884507092 152.0 6.736842105263156 4.58106600659779 4.752829121290701 15.074033345448699 0.0 19.31325074437748 51.0 20.078431372549023 1.3834532845382594 0.9662471048660553 3.4864782878754865 0.0 25.306913250458557 179.0 5.720670391061458 1.6894665124963986 1.217500543900836 4.805157531375327 0.0 26.243476206821555 163.0 6.28220858895705 4.623389552209654 4.626418050729 15.166946884958433 0.0 19.60975946760939 50.0 20.48 1.3545594763352389 0.929241400963484 3.355582661291501 0.0 25.822435484948496 196.0 5.224489795918362 1.8416629130543483 1.3652785298102081 5.869339320126588 0.0 26.37732314425725 145.0 7.06206896551723 6.599812247510329 8.555497930014969 28.568402560419546 0.0 23.60727266036167 44.0 23.272727272727266 1.4685772678168236 1.0158776072768176 3.9592310638267834 0.0 25.16905258271956 175.0 5.851428571428562 1.4821718997126845 3.7743625924153417 41.78745222094094 0.0 29.348448643212514 638.0 1.6050156739811945 24.07319097332853 10.878977035411614 36.9901087825193 0.0 13.537096399266316 42.0 24.380952380952376 0.67316311656262 1.058939836325291 4.365364986724842 0.0 29.23826360004977 667.0 1.535232383808098 1.4169618569110516 3.4117222292526472 32.874741622928155 0.0 29.45164062088824 644.0 1.5900621118012397 26.413959054522664 9.991545507772553 41.631810312897706 0.0 9.48347659176922 38.0 26.947368421052634 0.6580914509313256 1.0264785295261905 3.5217069291965686 0.0 29.384316693613304 680.0 1.505882352941178 1.3946511866458113 3.502690858301952 45.01462284090048 0.0 29.345482224521774 641.0 1.5975039001560107 28.13662262744742 5.58675950686399 35.76295777937128 0.0 7.64368178375316 36.0 28.44444444444444 0.6977944404766012 1.0905571814145025 4.365364986724842 0.0 29.32950224089589 666.0 1.5375375375375404 1.129313757143165 2.767948492328883 23.652094789886817 0.0 29.413658038499978 684.0 1.4970760233918128 27.421530094777072 9.831648393942721 53.64297022869914 0.0 11.059622266921881 41.0 24.975609756097565 0.5891210616489316 0.9930814517694064 3.704693846379042 0.0 29.498874700218323 697.0 1.469153515064563 1.135585781639158 2.8927772083987895 23.652094789886817 0.0 29.40883712010666 689.0 1.4862119013062436 24.978338260222753 9.959891527054445 38.65636486938852 0.0 10.371450920221939 40.0 25.6 0.5821309246481473 0.9692956957162615 3.51553738477806 0.0 29.45685901599688 709.0 1.4442877291960523 1.0341915817312846 2.54123759643848 23.652094789886817 0.0 29.42436973424261 687.0 1.490538573508007 26.670340323031425 7.762775065504378 33.450137581340485 0.0 7.318188880955937 36.0 28.44444444444444 0.5838169046359056 0.9975105003651454 4.7394594107427555 0.0 29.48142376938234 701.0 1.4607703281027096 
197.0005150327869 1.6678016929745791 1.2407069890337898 4.6261065484396156 0.0 25.79023001620564 105.0 9.752380952380943 3.056263059684581 4.12259513383657 13.834661177334347 0.0 15.970947686880438 51.0 20.078431372549026 1.3246991553798906 0.9281394053322238 3.4836138576524758 0.0 26.000875782667034 126.0 8.126984126984144 1.6765460699999486 1.2656002534664175 4.6261065484396156 0.0 26.668926120228914 111.0 9.225225225225216 3.215174161356519 4.115440220494991 13.241912419968985 0.0 16.309553926498698 49.0 20.89795918367347 1.3908781844308542 0.8738109125704658 3.332808309342373 0.0 26.04511531680806 132.0 7.757575757575764 1.7041079334157527 1.3506825590125637 5.6352774948562505 0.0 27.650269233330405 110.0 9.309090909090905 3.8649473481133176 6.466106547867601 24.628416408678792 0.0 21.257994108536618 46.0 22.260869565217398 1.410342496680556 0.9965322428027106 3.6016230121356916 0.0 26.215785468000025 126.0 8.126984126984144 0.0 0.0 0.0 0.0 0.0 1.0 1024.0 0.0 0.0 0.0 0.0 0.0 37.0 27.675675675675677 0.0 0.0 0.0 0.0 0.0 1.0 1024.0 0.0 0.0 0.0 0.0 0.0 1.0 1024.0 0.0 0.0 0.0 0.0 0.0 37.0 27.675675675675677 0.0 0.0 0.0 0.0 0.0 1.0 1024.0 0.0 0.0 0.0 0.0 0.0 1.0 1024.0 0.0 0.0 0.0 0.0 0.0 37.0 27.675675675675677 0.0 0.0 0.0 0.0 0.0 1.0 1024.0 1.784934970725439 1.2012969021958035 4.805157531375327 0.0 25.5315884507092 152.0 6.736842105263156 4.58106600659779 4.752829121290701 15.074033345448699 0.0 19.31325074437748 51.0 20.078431372549023 1.3834532845382594 0.9662471048660553 3.4864782878754865 0.0 25.306913250458557 179.0 5.720670391061458 1.6894665124963986 1.217500543900836 4.805157531375327 0.0 26.243476206821555 163.0 6.28220858895705 4.623389552209654 4.626418050729 15.166946884958433 0.0 19.60975946760939 50.0 20.48 1.3545594763352389 0.929241400963484 3.355582661291501 0.0 25.822435484948496 196.0 5.224489795918362 1.8416629130543483 1.3652785298102081 5.869339320126588 0.0 26.37732314425725 145.0 7.06206896551723 6.599812247510329 8.555497930014969 28.568402560419546 0.0 23.60727266036167 44.0 23.272727272727266 1.4685772678168236 1.0158776072768176 3.9592310638267834 0.0 25.16905258271956 175.0 5.851428571428562 1.4821718997126845 3.7743625924153417 41.78745222094094 0.0 29.348448643212514 638.0 1.6050156739811945 24.07319097332853 10.878977035411614 36.9901087825193 0.0 13.537096399266316 42.0 24.380952380952376 0.67316311656262 1.058939836325291 4.365364986724842 0.0 29.23826360004977 667.0 1.535232383808098 1.4169618569110516 3.4117222292526472 32.874741622928155 0.0 29.45164062088824 644.0 1.5900621118012397 26.413959054522664 9.991545507772553 41.631810312897706 0.0 9.48347659176922 38.0 26.947368421052634 0.6580914509313256 1.0264785295261905 3.5217069291965686 0.0 29.384316693613304 680.0 1.505882352941178 1.3946511866458113 3.502690858301952 45.01462284090048 0.0 29.345482224521774 641.0 1.5975039001560107 28.13662262744742 5.58675950686399 35.76295777937128 0.0 7.64368178375316 36.0 28.44444444444444 0.6977944404766012 1.0905571814145025 4.365364986724842 0.0 29.32950224089589 666.0 1.5375375375375404 1.129313757143165 2.767948492328883 23.652094789886817 0.0 29.413658038499978 684.0 1.4970760233918128 27.421530094777072 9.831648393942721 53.64297022869914 0.0 11.059622266921881 41.0 24.975609756097565 0.5891210616489316 0.9930814517694064 3.704693846379042 0.0 29.498874700218323 697.0 1.469153515064563 1.135585781639158 2.8927772083987895 23.652094789886817 0.0 29.40883712010666 689.0 1.4862119013062436 24.978338260222753 9.959891527054445 38.65636486938852 0.0 10.371450920221939 40.0 25.6 0.5821309246481473 0.9692956957162615 3.51553738477806 0.0 29.45685901599688 709.0 1.4442877291960523 1.0341915817312846 2.54123759643848 23.652094789886817 0.0 29.42436973424261 687.0 1.490538573508007 26.670340323031425 7.762775065504378 33.450137581340485 0.0 7.318188880955937 36.0 28.44444444444444 0.5838169046359056 0.9975105003651454 4.7394594107427555 0.0 29.48142376938234 701.0 1.4607703281027096 
198.0005150327869 1.6678016929745791 1.2407069890337898 4.6261065484396156 0.0 25.79023001620564 105.0 9.752380952380943 3.056263059684581 4.12259513383657 13.834661177334347 0.0 15.970947686880438 51.0 20.078431372549026 1.3246991553798906 0.9281394053322238 3.4836138576524758 0.0 26.000875782667034 126.0 8.126984126984144 1.6765798192237538 1.2655666570349418 4.6261065484396156 0.0 26.669066467143228 111.0 9.225225225225216 3.215174161356519 4.115440220494991 13.241912419968985 0.0 16.309553926498698 49.0 20.89795918367347 1.3908781844308542 0.8738109125704658 3.332808309342373 0.0 26.04511531680806 132.0 7.757575757575764 1.7041079334157527 1.3506825590125637 5.6352774948562505 0.0 27.650269233330405 110.0 9.309090909090905 3.8649473481133176 6.466106547867601 24.628416408678792 0.0 21.257994108536618 46.0 22.260869565217398 1.410342496680556 0.9965322428027106 3.6016230121356916 0.0 26.215785468000025 126.0 8.126984126984144 0.0 0.0 0.0 0.0 0.0 1.0 1024.0 0.0 0.0 0.0 0.0 0.0 37.0 27.675675675675677 0.0 0.0 0.0 0.0 0.0 1.0 1024.0 0.0 0.0 0.0 0.0 0.0 1.0 1024.0 0.0 0.0 0.0 0.0 0.0 37.0 27.675675675675677 0.0 0.0 0.0 0.0 0.0 1.0 1024.0 0.0 0.0 0.0 0.0 0.0 1.0 1024.0 0.0 0.0 0.0 0.0 0.0 37.0 27.675675675675677 0.0 0.0 0.0 0.0 0.0 1.0 1024.0 1.7849261680556487 1.20131069577362 4.805157531375327 0.0 25.531801500426123 152.0 6.736842105263156 4.58106600659779 4.752829121290701 15.074033345448699 0.0 19.31325074437748 51.0 20.078431372549023 1.3834532845382594 0.9662471048660553 3.4864782878754865 0.0 25.306913250458557 179.0 5.720670391061458 1.6894665124963986 1.217500543900836 4.805157531375327 0.0 26.243476206821555 163.0 6.28220858895705 4.623389552209654 4.626418050729 15.166946884958433 0.0 19.60975946760939 50.0 20.48 1.3545594763352389 0.929241400963484 3.355582661291501 0.0 25.822435484948496 196.0 5.224489795918362 1.8416953106316925 1.3652741779278526 5.869339320126588 0.0 26.37770289650805 145.0 7.06206896551723 6.599812247510329 8.555497930014969 28.568402560419546 0.0 23.60727266036167 44.0 23.272727272727266 1.4685772678168236 1.0158776072768176 3.9592310638267834 0.0 25.16905258271956 175.0 5.851428571428562 1.4821718997126845 3.7743625924153417 41.78745222094094 0.0 29.348448643212514 638.0 1.6050156739811945 24.07319097332853 10.878977035411614 36.9901087825193 0.0 13.537096399266316 42.0 24.380952380952376 0.67316311656262 1.058939836325291 4.365364986724842 0.0 29.23826360004977 667.0 1.535232383808098 1.4169618569110516 3.4117222292526472 32.874741622928155 0.0 29.45164062088824 644.0 1.5900621118012397 26.413959054522664 9.991545507772553 41.631810312897706 0.0 9.48347659176922 38.0 26.947368421052634 0.6580914509313256 1.0264785295261905 3.5217069291965686 0.0 29.384316693613304 680.0 1.505882352941178 1.3946511866458113 3.502690858301952 45.01462284090048 0.0 29.345482224521774 641.0 1.5975039001560107 28.13662262744742 5.58675950686399 35.76295777937128 0.0 7.64368178375316 36.0 28.44444444444444 0.6977944404766012 1.0905571814145025 4.365364986724842 0.0 29.32950224089589 666.0 1.5375375375375404 1.129313757143165 2.767948492328883 23.652094789886817 0.0 29.413658038499978 684.0 1.4970760233918128 27.421530094777072 9.831648393942721 53.64297022869914 0.0 11.059622266921881 41.0 24.975609756097565 0.5891210616489316 0.9930814517694064 3.704693846379042 0.0 29.498874700218323 697.0 1.469153515064563 1.135585781639158 2.8927772083987895 23.652094789886817 0.0 29.40883712010666 689.0 1.4862119013062436 24.978338260222753 9.959891527054445 38.65636486938852 0.0 10.371450920221939 40.0 25.6 0.5821309246481473 0.9692956957162615 3.51553738477806 0.0 29.45685901599688 709.0 1.4442877291960523 1.0341915817312846 2.54123759643848 23.652094789886817 0.0 29.42436973424261 687.0 1.490538573508007 26.670340323031425 7.762775065504378 33.450137581340485 0.0 7.318188880955937 36.0 28.44444444444444 0.5838169046359056 0.9975105003651454 4.7394594107427555 0.0 29.48142376938234 701.0 1.4607703281027096 
199.0005150327869 1.636445913729459 1.2498953490381535 4.6261065484396156 0.0 25.897321627916003 107.0 9.570093457943923 3.056263059684581 4.12259513383657 13.834661177334347 0.0 15.970947686880438 51.0 20.078431372549026 1.3246991553798906 0.9281394053322238 3.4836138576524758 0.0 26.000875782667034 126.0 8.126984126984144 1.6765798192237538 1.2655666570349418 4.6261065484396156 0.0 26.669066467143228 111.0 9.225225225225216 3.215174161356519 4.115440220494991 13.241912419968985 0.0 16.309553926498698 49.0 20.89795918367347 1.3908781844308542 0.8738109125704658 3.332808309342373 0.0 26.04511531680806 132.0 7.757575757575764 1.7041079334157527 1.3506825590125637 5.6352774948562505 0.0 27.650269233330405 110.0 9.309090909090905 3.8649473481133176 6.466106547867601 24.628416408678792 0.0 21.257994108536618 46.0 22.260869565217398 1.410342496680556 0.9965322428027106 3.6016230121356916 0.0 26.215785468000025 126.0 8.126984126984144 0.0 0.0 0.0 0.0 0.0 1.0 1024.0 0.0 0.0 0.0 0.0 0.0 37.0 27.675675675675677 0.0 0.0 0.0 0.0 0.0 1.0 1024.0 0.0 0.0 0.0 0.0 0.0 1.0 1024.0 0.0 0.0 0.0 0.0 0.0 37.0 27.675675675675677 0.0 0.0 0.0 0.0 0.0 1.0 1024.0 0.0 0.0 0.0 0.0 0.0 1.0 1024.0 0.0 0.0 0.0 0.0 0.0 37.0 27.675675675675677 0.0 0.0 0.0 0.0 0.0 1.0 1024.0 1.7849261680556487 1.20131069577362 4.805157531375327 0.0 25.531801500426123 152.0 6.736842105263156 4.58106600659779 4.752829121290701 15.074033345448699 0.0 19.31325074437748 51.0 20.078431372549023 1.3834532845382594 0.9662471048660553 3.4864782878754865 0.0 25.306913250458557 179.0 5.720670391061458 1.6894665124963986 1.217500543900836 4.805157531375327 0.0 26.243476206821555 163.0 6.28220858895705 4.623389552209654 4.626418050729 15.166946884958433 0.0 19.60975946760939 50.0 20.48 1.3545594763352389 0.929241400963484 3.355582661291501 0.0 25.822435484948496 196.0 5.224489795918362 1.8416953106316925 1.3652741779278526 5.869339320126588 0.0 26.37770289650805 145.0 7.06206896551723 6.599812247510329 8.555497930014969 28.568402560419546 0.0 23.60727266036167 44.0 23.272727272727266 1.4685772678168236 1.0158776072768176 3.9592310638267834 0.0 25.16905258271956 175.0 5.851428571428562 1.4821718997126845 3.7743625924153417 41.78745222094094 0.0 29.348448643212514 638.0 1.6050156739811945 24.07319097332853 10.878977035411614 36.9901087825193 0.0 13.537096399266316 42.0 24.380952380952376 0.67316311656262 1.058939836325291 4.365364986724842 0.0 29.23826360004977 667.0 1.535232383808098 1.4169618569110516 3.4117222292526472 32.874741622928155 0.0 29.45164062088824 644.0 1.5900621118012397 26.413959054522664 9.991545507772553 41.631810312897706 0.0 9.48347659176922 38.0 26.947368421052634 0.6580914509313256 1.0264785295261905 3.5217069291965686 0.0 29.384316693613304 680.0 1.505882352941178 1.3946511866458113 3.502690858301952 45.01462284090048 0.0 29.345482224521774 641.0 1.5975039001560107 28.13662262744742 5.58675950686399 35.76295777937128 0.0 7.64368178375316 36.0 28.44444444444444 0.6977944404766012 1.0905571814145025 4.365364986724842 0.0 29.32950224089589 666.0 1.5375375375375404 1.129313757143165 2.767948492328883 23.652094789886817 0.0 29.413658038499978 684.0 1.4970760233918128 27.421530094777072 9.831648393942721 53.64297022869914 0.0 11.059622266921881 41.0 24.975609756097565 0.5891210616489316 0.9930814517694064 3.704693846379042 0.0 29.498874700218323 697.0 1.469153515064563 1.135585781639158 2.8927772083987895 23.652094789886817 0.0 29.40883712010666 689.0 1.4862119013062436 24.978338260222753 9.959891527054445 38.65636486938852 0.0 10.371450920221939 40.0 25.6 0.5821309246481473 0.9692956957162615 3.51553738477806 0.0 29.45685901599688 709.0 1.4442877291960523 1.0341915817312846 2.54123759643848 23.652094789886817 0.0 29.42436973424261 687.0 1.490538573508007 26.670340323031425 7.762775065504378 33.450137581340485 0.0 7.318188880955937 36.0 28.44444444444444 0.5838169046359056 0.9975105003651454 4.7394594107427555 0.0 29.48142376938234 701.0 1.4607703281027096 
200.0005150327869 1.6367626392280339 1.2496710820950083 4.6261065484396156 0.0 25.899156297514747 107.0 9.570093457943923 3.056263059684581 4.12259513383657 13.834661177334347 0.0 15.970947686880438 51.0 20.078431372549026 1.3246991553798906 0.9281394053322238 3.4836138576524758 0.0 26.000875782667034 126.0 8.126984126984144 1.6766328550426315 1.2655273839955257 4.6261065484396156 0.0 26.669152896882487 111.0 9.225225225225216 3.215174161356519 4.115440220494991 13.241912419968985 0.0 16.309553926498698 49.0 20.89795918367347 1.3908781844308542 0.8738109125704658 3.332808309342373 0.0 26.04511531680806 132.0 7.757575757575764 1.7041079334157527 1.3506825590125637 5.6352774948562505 0.0 27.650269233330405 110.0 9.309090909090905 3.8649473481133176 6.466106547867601 24.628416408678792 0.0 21.257994108536618 46.0 22.260869565217398 1.410342496680556 0.9965322428027106 3.6016230121356916 0.0 26.215785468000025 126.0 8.126984126984144 0.0 0.0 0.0 0.0 0.0 1.0 1024.0 0.0 0.0 0.0 0.0 0.0 37.0 27.675675675675677 0.0 0.0 0.0 0.0 0.0 1.0 1024.0 0.0 0.0 0.0 0.0 0.0 1.0 1024.0 0.0 0.0 0.0 0.0 0.0 37.0 27.675675675675677 0.0 0.0 0.0 0.0 0.0 1.0 1024.0 0.0 0.0 0.0 0.0 0.0 1.0 1024.0 0.0 0.0 0.0 0.0 0.0 37.0 27.675675675675677 0.0 0.0 0.0 0.0 0.0 1.0 1024.0 1.7849261680556487 1.20131069577362 4.805157531375327 0.0 25.531801500426123 152.0 6.736842105263156 4.58106600659779 4.752829121290701 15.074033345448699 0.0 19.31325074437748 51.0 20.078431372549023 1.3834532845382594 0.9662471048660553 3.4864782878754865 0.0 25.306913250458557 179.0 5.720670391061458 1.6894665124963986 1.217500543900836 4.805157531375327 0.0 26.243476206821555 163.0 6.28220858895705 4.623389552209654 4.626418050729 15.166946884958433 0.0 19.60975946760939 50.0 20.48 1.3545594763352389 0.929241400963484 3.355582661291501 0.0 25.822435484948496 196.0 5.224489795918362 1.8416953106316925 1.3652741779278526 5.869339320126588 0.0 26.37770289650805 145.0 7.06206896551723 6.599812247510329 8.555497930014969 28.568402560419546 0.0 23.60727266036167 44.0 23.272727272727266 1.4685772678168236 1.0158776072768176 3.9592310638267834 0.0 25.16905258271956 175.0 5.851428571428562 1.4821718997126845 3.7743625924153417 41.78745222094094 0.0 29.348448643212514 638.0 1.6050156739811945 24.07319097332853 10.878977035411614 36.9901087825193 0.0 13.537096399266316 42.0 24.380952380952376 0.67316311656262 1.058939836325291 4.365364986724842 0.0 29.23826360004977 667.0 1.535232383808098 1.4169618569110516 3.4117222292526472 32.874741622928155 0.0 29.45164062088824 644.0 1.5900621118012397 26.413959054522664 9.991545507772553 41.631810312897706 0.0 9.48347659176922 38.0 26.947368421052634 0.6580914509313256 1.0264785295261905 3.5217069291965686 0.0 29.384316693613304 680.0 1.505882352941178 1.3946511866458113 3.502690858301952 45.01462284090048 0.0 29.345482224521774 641.0 1.5975039001560107 28.13662262744742 5.58675950686399 35.76295777937128 0.0 7.64368178375316 36.0 28.44444444444444 0.6977944404766012 1.0905571814145025 4.365364986724842 0.0 29.32950224089589 666.0 1.5375375375375404 1.129313757143165 2.767948492328883 23.652094789886817 0.0 29.421812215971322 684.0 1.4970760233918128 27.4258024569369 9.832997235976494 53.64297022869914 0.0 11.06116699467062 41.0 24.975609756097565 0.5891210616489316 0.9930814517694064 3.704693846379042 0.0 29.506801736106652 697.0 1.469153515064563 1.135585781639158 2.8927772083987895 23.652094789886817 0.0 29.41691633240908 689.0 1.4862119013062436 24.980503155207064 9.960989614301422 38.65636486938852 0.0 10.371127567923898 40.0 25.6 0.5821309246481473 0.9692956957162615 3.51553738477806 0.0 29.46460928593601 709.0 1.4442877291960523 1.0341915817312846 2.54123759643848 23.652094789886817 0.0 29.43254636381583 687.0 1.490538573508007 26.671954374028427 7.763712310540512 33.450137581340485 0.0 7.319309037964554 36.0 28.44444444444444 0.5838169046359056 0.9975105003651454 4.7394594107427555 0.0 29.489327577526495 701.0 1.4607703281027096 
201.0005150327869 1.6405851483367198 1.2462054245053986 4.6261065484396156 0.0 25.903564706659903 107.0 9.570093457943923 3.056263059684581 4.12259513383657 13.834661177334347 0.0 15.970947686880438 51.0 20.078431372549026 1.3246991553798906 0.9281394053322238 3.4836138576524758 0.0 26.000875782667034 126.0 8.126984126984144 1.6766328550426315 1.2655273839955257 4.6261065484396156 0.0 26.669152896882487 111.0 9.225225225225216 3.215174161356519 4.115440220494991 13.241912419968985 0.0 16.309553926498698 49.0 20.89795918367347 1.3908781844308542 0.8738109125704658 3.332808309342373 0.0 26.04511531680806 132.0 7.757575757575764 1.7041079334157527 1.3506825590125637 5.6352774948562505 0.0 27.650269233330405 110.0 9.309090909090905 3.8649473481133176 6.466106547867601 24.628416408678792 0.0 21.257994108536618 46.0 22.260869565217398 1.410342496680556 0.9965322428027106 3.6016230121356916 0.0 26.215785468000025 126.0 8.126984126984144 0.0 0.0 0.0 0.0 0.0 1.0 1024.0 0.0 0.0 0.0 0.0 0.0 37.0 27.675675675675677 0.0 0.0 0.0 0.0 0.0 1.0 1024.0 0.0 0.0 0.0 0.0 0.0 1.0 1024.0 0.0 0.0 0.0 0.0 0.0 37.0 27.675675675675677 0.0 0.0 0.0 0.0 0.0 1.0 1024.0 0.0 0.0 0.0 0.0 0.0 1.0 1024.0 0.0 0.0 0.0 0.0 0.0 37.0 27.675675675675677 0.0 0.0 0.0 0.0 0.0 1.0 1024.0 1.7849261680556487 1.20131069577362 4.805157531375327 0.0 25.531801500426123 152.0 6.736842105263156 4.58106600659779 4.752829121290701 15.074033345448699 0.0 19.31325074437748 51.0 20.078431372549023 1.3834532845382594 0.9662471048660553 3.4864782878754865 0.0 25.306913250458557 179.0 5.720670391061458 1.6894665124963986 1.217500543900836 4.805157531375327 0.0 26.243476206821555 163.0 6.28220858895705 4.623389552209654 4.626418050729 15.166946884958433 0.0 19.60975946760939 50.0 20.48 1.3545594763352389 0.929241400963484 3.355582661291501 0.0 25.822435484948496 196.0 5.224489795918362 1.8416953106316925 1.3652741779278526 5.869339320126588 0.0 26.37770289650805 145.0 7.06206896551723 6.599812247510329 8.555497930014969 28.568402560419546 0.0 23.60727266036167 44.0 23.272727272727266 1.4685772678168236 1.0158776072768176 3.9592310638267834 0.0 25.16905258271956 175.0 5.851428571428562 1.4821718997126845 3.7743625924153417 41.78745222094094 0.0 29.348448643212514 638.0 1.6050156739811945 24.07319097332853 10.878977035411614 36.9901087825193 0.0 13.537096399266316 42.0 24.380952380952376 0.67316311656262 1.058939836325291 4.365364986724842 0.0 29.23826360004977 667.0 1.535232383808098 1.4169618569110516 3.4117222292526472 32.874741622928155 0.0 29.45164062088824 644.0 1.5900621118012397 26.413959054522664 9.991545507772553 41.631810312897706 0.0 9.48347659176922 38.0 26.947368421052634 0.6580914509313256 1.0264785295261905 3.5217069291965686 0.0 29.384316693613304 680.0 1.505882352941178 1.3946511866458113 3.502690858301952 45.01462284090048 0.0 29.345482224521774 641.0 1.5975039001560107 28.13662262744742 5.58675950686399 35.76295777937128 0.0 7.64368178375316 36.0 28.44444444444444 0.6977944404766012 1.0905571814145025 4.365364986724842 0.0 29.32950224089589 666.0 1.5375375375375404 0.8782911913754141 1.470213206794445 12.458241741742155 0.0 31.17830853474165 275.0 3.7236363636363574 2.418644246589918 4.980330562290405 20.234801091819282 0.0 38.54661355481302 81.0 12.641975308641975 0.8973750215419896 1.508856315478887 11.509633982689886 0.0 30.63469232937766 272.0 3.764705882352951 0.7597201022922563 1.4094860672911644 15.284214105873211 0.0 26.603835626206358 345.0 2.9681159420289838 1.7296082028128406 4.640013638445868 22.74710265652235 0.0 26.157071477899557 115.0 8.904347826086958 0.9813142692520751 1.9785536161586406 19.657688313430928 0.0 27.503224364842833 333.0 3.0750750750750835 0.7957065958904972 1.3643607929807495 12.53867891848276 0.0 25.12001999194133 323.0 3.1702786377708994 1.1850663198187066 3.664984729882352 17.83097228316839 0.0 14.765874228290269 147.0 6.9659863945578175 0.8192961626350213 1.5080115469150137 14.220096548461248 0.0 26.21459839345709 332.0 3.08433734939759 
202.0005150327869 1.6405851483367198 1.2462054245053986 4.6261065484396156 0.0 25.903564706659903 107.0 9.570093457943923 3.056263059684581 4.12259513383657 13.834661177334347 0.0 15.970947686880438 51.0 20.078431372549026 1.3246991553798906 0.9281394053322238 3.4836138576524758 0.0 26.000875782667034 126.0 8.126984126984144 1.6766328550426315 1.2655273839955257 4.6261065484396156 0.0 26.669152896882487 111.0 9.225225225225216 3.215174161356519 4.115440220494991 13.241912419968985 0.0 16.309553926498698 49.0 20.89795918367347 1.3908781844308542 0.8738109125704658 3.332808309342373 0.0 26.04511531680806 132.0 7.757575757575764 1.7041079334157527 1.3506825590125637 5.6352774948562505 0.0 27.650269233330405 110.0 9.309090909090905 3.8649473481133176 6.466106547867601 24.628416408678792 0.0 21.257994108536618 46.0 22.260869565217398 1.410342496680556 0.9965322428027106 3.6016230121356916 0.0 26.215785468000025 126.0 8.126984126984144 0.0 0.0 0.0 0.0 0.0 1.0 1024.0 0.0 0.0 0.0 0.0 0.0 37.0 27.675675675675677 0.0 0.0 0.0 0.0 0.0 1.0 1024.0 0.0 0.0 0.0 0.0 0.0 1.0 1024.0 0.0 0.0 0.0 0.0 0.0 37.0 27.675675675675677 0.0 0.0 0.0 0.0 0.0 1.0 1024.0 0.0 0.0 0.0 0.0 0.0 1.0 1024.0 0.0 0.0 0.0 0.0 0.0 37.0 27.675675675675677 0.0 0.0 0.0 0.0 0.0 1.0 1024.0 1.7606115225054126 1.2125858822133904 4.805157531375327 0.0 25.7185515865098 154.0 6.649350649350648 4.58106600659779 4.752829121290701 15.074033345448699 0.0 19.31325074437748 51.0 20.078431372549023 1.3834532845382594 0.9662471048660553 3.4864782878754865 0.0 25.306913250458557 179.0 5.720670391061458 1.6894665124963986 1.217500543900836 4.805157531375327 0.0 26.243476206821555 163.0 6.28220858895705 4.623389552209654 4.626418050729 15.166946884958433 0.0 19.60975946760939 50.0 20.48 1.3545594763352389 0.929241400963484 3.355582661291501 0.0 25.822435484948496 196.0 5.224489795918362 1.8416953106316925 1.3652741779278526 5.869339320126588 0.0 26.37770289650805 145.0 7.06206896551723 6.599812247510329 8.555497930014969 28.568402560419546 0.0 23.60727266036167 44.0 23.272727272727266 1.4685772678168236 1.0158776072768176 3.9592310638267834 0.0 25.16905258271956 175.0 5.851428571428562 1.4821718997126845 3.7743625924153417 41.78745222094094 0.0 29.348448643212514 638.0 1.6050156739811945 24.07319097332853 10.878977035411614 36.9901087825193 0.0 13.537096399266316 42.0 24.380952380952376 0.67316311656262 1.058939836325291 4.365364986724842 0.0 29.23826360004977 667.0 1.535232383808098 1.4169618569110516 3.4117222292526472 32.874741622928155 0.0 29.45164062088824 644.0 1.5900621118012397 26.413959054522664 9.991545507772553 41.631810312897706 0.0 9.48347659176922 38.0 26.947368421052634 0.6580914509313256 1.0264785295261905 3.5217069291965686 0.0 29.384316693613304 680.0 1.505882352941178 1.3946511866458113 3.502690858301952 45.01462284090048 0.0 29.345482224521774 641.0 1.5975039001560107 28.13662262744742 5.58675950686399 35.76295777937128 0.0 7.64368178375316 36.0 28.44444444444444 0.6977944404766012 1.0905571814145025 4.365364986724842 0.0 29.32950224089589 666.0 1.5375375375375404 1.0442301060144004 1.6484561999482201 11.995180463034698 0.0 27.986470678235115 224.0 4.571428571428578 1.6811374875979128 3.935714750751555 17.777878303723234 0.0 32.046198103755614 150.0 6.826666666666666 0.9536099871524732 1.482184775474568 13.497248948670554 0.0 27.215596503897764 224.0 4.571428571428579 0.8695711290547606 1.1537736534528644 6.745610517939514 0.0 25.926597680682896 227.0 4.5110132158590375 1.8930331314034081 4.518248580124147 24.06983538316967 0.0 22.640986950335087 172.0 5.953488372093016 0.9225069710182128 1.1558836609359573 8.077234797882204 0.0 26.35296863359922 224.0 4.571428571428572 1.052199671514357 1.514918906307314 7.767630474842616 0.0 26.28258252492049 218.0 4.6972477064220355 1.9185826975337599 4.536985819976054 18.046017378442624 0.0 19.32392898036726 96.0 10.666666666666663 0.8726191869139771 1.3136373840151634 6.563098325080326 0.0 27.022195740219168 231.0 4.432900432900422 
203.0005150327869 1.6405851483367198 1.2462054245053986 4.6261065484396156 0.0 25.903564706659903 107.0 9.570093457943923 3.056263059684581 4.12259513383657 13.834661177334347 0.0 15.970947686880438 51.0 20.078431372549026 1.3246991553798906 0.9281394053322238 3.4836138576524758 0.0 26.000875782667034 126.0 8.126984126984144 1.676672681152413 1.2654876713779823 4.6261065484396156 0.0 26.669281870705746 111.0 9.225225225225216 3.215174161356519 4.115440220494991 13.241912419968985 0.0 16.309553926498698 49.0 20.89795918367347 1.380308251006885 0.8789142526892001 3.332808309342373 0.0 26.118551276244574 133.0 7.6992481203007515 1.7041079334157527 1.3506825590125637 5.6352774948562505 0.0 27.650269233330405 110.0 9.309090909090905 3.8649473481133176 6.466106547867601 24.628416408678792 0.0 21.257994108536618 46.0 22.260869565217398 1.410342496680556 0.9965322428027106 3.6016230121356916 0.0 26.215785468000025 126.0 8.126984126984144 0.0 0.0 0.0 0.0 0.0 1.0 1024.0 0.0 0.0 0.0 0.0 0.0 37.0 27.675675675675677 0.0 0.0 0.0 0.0 0.0 1.0 1024.0 0.0 0.0 0.0 0.0 0.0 1.0 1024.0 0.0 0.0 0.0 0.0 0.0 37.0 27.675675675675677 0.0 0.0 0.0 0.0 0.0 1.0 1024.0 0.0 0.0 0.0 0.0 0.0 1.0 1024.0 0.0 0.0 0.0 0.0 0.0 37.0 27.675675675675677 0.0 0.0 0.0 0.0 0.0 1.0 1024.0 1.7726790257921277 1.2080887410737873 4.805157531375327 0.0 25.646771509665374 153.0 6.692810457516346 4.58106600659779 4.752829121290701 15.074033345448699 0.0 19.31325074437748 51.0 20.078431372549023 1.3834532845382594 0.9662471048660553 3.4864782878754865 0.0 25.306913250458557 179.0 5.720670391061458 1.6894665124963986 1.217500543900836 4.805157531375327 0.0 26.243476206821555 163.0 6.28220858895705 4.623389552209654 4.626418050729 15.166946884958433 0.0 19.60975946760939 50.0 20.48 1.3545594763352389 0.929241400963484 3.355582661291501 0.0 25.822435484948496 196.0 5.224489795918362 1.8416953106316925 1.3652741779278526 5.869339320126588 0.0 26.37770289650805 145.0 7.06206896551723 6.599812247510329 8.555497930014969 28.568402560419546 0.0 23.60727266036167 44.0 23.272727272727266 1.4685772678168236 1.0158776072768176 3.9592310638267834 0.0 25.16905258271956 175.0 5.851428571428562 1.4821718997126845 3.7743625924153417 41.78745222094094 0.0 29.348448643212514 638.0 1.6050156739811945 24.07319097332853 10.878977035411614 36.9901087825193 0.0 13.537096399266316 42.0 24.380952380952376 0.67316311656262 1.058939836325291 4.365364986724842 0.0 29.23826360004977 667.0 1.535232383808098 1.4169618569110516 3.4117222292526472 32.874741622928155 0.0 29.45164062088824 644.0 1.5900621118012397 26.413959054522664 9.991545507772553 41.631810312897706 0.0 9.48347659176922 38.0 26.947368421052634 0.6580914509313256 1.0264785295261905 3.5217069291965686 0.0 29.384316693613304 680.0 1.505882352941178 1.3946511866458113 3.502690858301952 45.01462284090048 0.0 29.345482224521774 641.0 1.5975039001560107 28.13662262744742 5.58675950686399 35.76295777937128 0.0 7.64368178375316 36.0 28.44444444444444 0.6977944404766012 1.0905571814145025 4.365364986724842 0.0 29.32950224089589 666.0 1.5375375375375404 1.0944798093411072 1.5604493705263718 11.638548118768925 0.0 24.615063488715492 189.0 5.417989417989418 1.733150692895384 3.384902875592201 15.719016324122455 0.0 15.575188036030092 153.0 6.6928104575163525 0.915906798861859 1.3155957830705527 9.4736844513539 0.0 24.615234522037976 211.0 4.853080568720386 1.0832387508325276 1.1903017689415372 6.02407016750996 0.0 26.633156797767864 175.0 5.851428571428562 2.545882158250151 4.240435245722405 20.895653146985072 0.0 21.42488527828688 125.0 8.191999999999993 0.9660679167192939 1.087733456809231 7.0369228799256724 0.0 24.993967799171987 205.0 4.995121951219509 0.8648043321295067 1.301309311785895 5.8717492807200875 0.0 26.622040512295403 231.0 4.432900432900421 1.5736405242551808 4.163430766874352 19.90465034168175 0.0 24.99548467005143 144.0 7.111111111111123 0.7895167234378252 1.1716506280574273 6.565182082721817 0.0 26.33961404305386 252.0 4.063492063492075 
204.0005150327869 1.6405851483367198 1.2462054245053986 4.6261065484396156 0.0 25.903564706659903 107.0 9.570093457943923 3.056263059684581 4.12259513383657 13.834661177334347 0.0 15.970947686880438 51.0 20.078431372549026 1.3246991553798906 0.9281394053322238 3.4836138576524758 0.0 26.000875782667034 126.0 8.126984126984144 1.676672681152413 1.2654876713779823 4.6261065484396156 0.0 26.669281870705746 111.0 9.225225225225216 3.215174161356519 4.115440220494991 13.241912419968985 0.0 16.309553926498698 49.0 20.89795918367347 1.380308251006885 0.8789142526892001 3.332808309342373 0.0 26.118551276244574 133.0 7.6992481203007515 1.7041079334157527 1.3506825590125637 5.6352774948562505 0.0 27.650269233330405 110.0 9.309090909090905 3.8649473481133176 6.466106547867601 24.628416408678792 0.0 21.257994108536618 46.0 22.260869565217398 1.410342496680556 0.9965322428027106 3.6016230121356916 0.0 26.215785468000025 126.0 8.126984126984144 0.0 0.0 0.0 0.0 0.0 1.0 1024.0 0.0 0.0 0.0 0.0 0.0 37.0 27.675675675675677 0.0 0.0 0.0 0.0 0.0 1.0 1024.0 0.0 0.0 0.0 0.0 0.0 1.0 1024.0 0.0 0.0 0.0 0.0 0.0 37.0 27.675675675675677 0.0 0.0 0.0 0.0 0.0 1.0 1024.0 0.0 0.0 0.0 0.0 0.0 1.0 1024.0 0.0 0.0 0.0 0.0 0.0 37.0 27.675675675675677 0.0 0.0 0.0 0.0 0.0 1.0 1024.0 1.7964508108437447 1.198307363278903 4.805157531375327 0.0 25.456653491049437 151.0 6.7814569536423885 4.58106600659779 4.752829121290701 15.074033345448699 0.0 19.31325074437748 51.0 20.078431372549023 1.3834532845382594 0.9662471048660553 3.4864782878754865 0.0 25.306913250458557 179.0 5.720670391061458 1.6894665124963986 1.217500543900836 4.805157531375327 0.0 26.243476206821555 163.0 6.28220858895705 4.623389552209654 4.626418050729 15.166946884958433 0.0 19.60975946760939 50.0 20.48 1.3545594763352389 0.929241400963484 3.355582661291501 0.0 25.822435484948496 196.0 5.224489795918362 1.8416953106316925 1.3652741779278526 5.869339320126588 0.0 26.37770289650805 145.0 7.06206896551723 6.599812247510329 8.555497930014969 28.568402560419546 0.0 23.60727266036167 44.0 23.272727272727266 1.4685772678168236 1.0158776072768176 3.9592310638267834 0.0 25.16905258271956 175.0 5.851428571428562 1.4821718997126845 3.7743625924153417 41.78745222094094 0.0 29.348448643212514 638.0 1.6050156739811945 24.07319097332853 10.878977035411614 36.9901087825193 0.0 13.537096399266316 42.0 24.380952380952376 0.67316311656262 1.058939836325291 4.365364986724842 0.0 29.23826360004977 667.0 1.535232383808098 1.4169618569110516 3.4117222292526472 32.874741622928155 0.0 29.45164062088824 644.0 1.5900621118012397 26.413959054522664 9.991545507772553 41.631810312897706 0.0 9.48347659176922 38.0 26.947368421052634 0.6580914509313256 1.0264785295261905 3.5217069291965686 0.0 29.384316693613304 680.0 1.505882352941178 1.3946511866458113 3.502690858301952 45.01462284090048 0.0 29.345482224521774 641.0 1.5975039001560107 28.13662262744742 5.58675950686399 35.76295777937128 0.0 7.64368178375316 36.0 28.44444444444444 0.6977944404766012 1.0905571814145025 4.365364986724842 0.0 29.32950224089589 666.0 1.5375375375375404 1.2400848121378605 1.3933875325515177 6.6430627478780435 0.0 24.970638700743184 165.0 6.206060606060616 1.5945625148586133 3.0526414608755412 19.678460380691707 0.0 16.82926573688524 143.0 7.160839160839164 0.9793961709765305 1.1860521522961047 8.489092729538784 0.0 24.663245473977057 188.0 5.446808510638309 1.2003369361477936 1.3336743839006775 6.171536752526812 0.0 26.321240076333616 172.0 5.953488372093015 1.8192918937902331 3.7766151494980646 24.643209835453234 0.0 17.3513886708958 149.0 6.872483221476517 1.0039410695758124 1.1506559117581612 9.576676440976085 0.0 24.437669652825548 203.0 5.0443349753694635 1.2583309083152696 1.4722199526433253 7.732013983724604 0.0 26.08460719354423 161.0 6.360248447204959 2.1576094842442592 4.511233704641337 20.667504883609688 0.0 20.364953405830153 134.0 7.641791044776111 1.1011017472260927 1.2451959387156122 7.683499149159974 0.0 26.02821353124228 184.0 5.5652173913043335 
205.0005150327869 1.6405851483367198 1.2462054245053986 4.6261065484396156 0.0 25.903564706659903 107.0 9.570093457943923 3.056263059684581 4.12259513383657 13.834661177334347 0.0 15.970947686880438 51.0 20.078431372549026 1.3246991553798906 0.9281394053322238 3.4836138576524758 0.0 26.000875782667034 126.0 8.126984126984144 1.676672681152413 1.2654876713779823 4.6261065484396156 0.0 26.669281870705746 111.0 9.225225225225216 3.215174161356519 4.115440220494991 13.241912419968985 0.0 16.309553926498698 49.0 20.89795918367347 1.380308251006885 0.8789142526892001 3.332808309342373 0.0 26.118551276244574 133.0 7.6992481203007515 1.7041079334157527 1.3506825590125637 5.6352774948562505 0.0 27.650269233330405 110.0 9.309090909090905 3.8649473481133176 6.466106547867601 24.628416408678792 0.0 21.257994108536618 46.0 22.260869565217398 1.410342496680556 0.9965322428027106 3.6016230121356916 0.0 26.215785468000025 126.0 8.126984126984144 0.0 0.0 0.0 0.0 0.0 1.0 1024.0 0.0 0.0 0.0 0.0 0.0 37.0 27.675675675675677 0.0 0.0 0.0 0.0 0.0 1.0 1024.0 0.0 0.0 0.0 0.0 0.0 1.0 1024.0 0.0 0.0 0.0 0.0 0.0 37.0 27.675675675675677 0.0 0.0 0.0 0.0 0.0 1.0 1024.0 0.0 0.0 0.0 0.0 0.0 1.0 1024.0 0.0 0.0 0.0 0.0 0.0 37.0 27.675675675675677 0.0 0.0 0.0 0.0 0.0 1.0 1024.0 1.7969562535903776 1.1983461601142575 4.805157531375327 0.0 25.455402165733567 151.0 6.7814569536423885 4.58106600659779 4.752829121290701 15.074033345448699 0.0 19.31325074437748 51.0 20.078431372549023 1.3834532845382594 0.9662471048660553 3.4864782878754865 0.0 25.306913250458557 179.0 5.720670391061458 1.6894665124963986 1.217500543900836 4.805157531375327 0.0 26.243476206821555 163.0 6.28220858895705 4.623389552209654 4.626418050729 15.166946884958433 0.0 19.60975946760939 50.0 20.48 1.3545594763352389 0.929241400963484 3.355582661291501 0.0 25.822435484948496 196.0 5.224489795918362 1.8416953106316925 1.3652741779278526 5.869339320126588 0.0 26.37770289650805 145.0 7.06206896551723 6.599812247510329 8.555497930014969 28.568402560419546 0.0 23.60727266036167 44.0 23.272727272727266 1.4685772678168236 1.0158776072768176 3.9592310638267834 0.0 25.16905258271956 175.0 5.851428571428562 1.4821718997126845 3.7743625924153417 41.78745222094094 0.0 29.348448643212514 638.0 1.6050156739811945 24.07319097332853 10.878977035411614 36.9901087825193 0.0 13.537096399266316 42.0 24.380952380952376 0.67316311656262 1.058939836325291 4.365364986724842 0.0 29.23826360004977 667.0 1.535232383808098 1.4169618569110516 3.4117222292526472 32.874741622928155 0.0 29.45164062088824 644.0 1.5900621118012397 26.413959054522664 9.991545507772553 41.631810312897706 0.0 9.48347659176922 38.0 26.947368421052634 0.6580914509313256 1.0264785295261905 3.5217069291965686 0.0 29.384316693613304 680.0 1.505882352941178 1.3946511866458113 3.502690858301952 45.01462284090048 0.0 29.345482224521774 641.0 1.5975039001560107 28.13662262744742 5.58675950686399 35.76295777937128 0.0 7.64368178375316 36.0 28.44444444444444 0.6977944404766012 1.0905571814145025 4.365364986724842 0.0 29.32950224089589 666.0 1.5375375375375404 1.238773343180237 1.351490883028464 6.396831422232635 0.0 23.83256893574352 155.0 6.606451612903216 1.4661103052470539 3.089759516506032 19.053119865512507 0.0 19.437278798975896 160.0 6.400000000000009 1.0179852459752359 1.0270497471506939 3.594255704799455 0.0 24.567739778879066 164.0 6.243902439024386 1.336629587308011 1.307372335309787 4.8769819839755195 0.0 26.772724567430302 154.0 6.649350649350648 1.6363224864651844 3.5304430611057707 24.7831942075859 0.0 15.73306480341595 180.0 5.688888888888898 1.0864899138431554 0.9657567979409829 3.4807338060554636 0.0 25.648174749956453 191.0 5.361256544502614 1.3525376592847755 1.4361573760268695 5.925791461666644 0.0 27.753686505927313 136.0 7.529411764705898 2.0226793869586217 4.493763787042194 20.503003607865594 0.0 18.41651349056513 156.0 6.564102564102574 1.1883798429902024 1.219640711888525 7.920911776093866 0.0 26.6826582240484 155.0 6.606451612903217 
206.0005150327869 1.6405851483367198 1.2462054245053986 4.6261065484396156 0.0 25.903564706659903 107.0 9.570093457943923 3.056263059684581 4.12259513383657 13.834661177334347 0.0 15.970947686880438 51.0 20.078431372549026 1.3246991553798906 0.9281394053322238 3.4836138576524758 0.0 26.000875782667034 126.0 8.126984126984144 1.676672681152413 1.2654876713779823 4.6261065484396156 0.0 26.669281870705746 111.0 9.225225225225216 3.215174161356519 4.115440220494991 13.241912419968985 0.0 16.309553926498698 49.0 20.89795918367347 1.380308251006885 0.8789142526892001 3.332808309342373 0.0 26.118551276244574 133.0 7.6992481203007515 1.7041079334157527 1.3506825590125637 5.6352774948562505 0.0 27.650269233330405 110.0 9.309090909090905 3.8649473481133176 6.466106547867601 24.628416408678792 0.0 21.257994108536618 46.0 22.260869565217398 1.410342496680556 0.9965322428027106 3.6016230121356916 0.0 26.215785468000025 126.0 8.126984126984144 0.0 0.0 0.0 0.0 0.0 1.0 1024.0 0.0 0.0 0.0 0.0 0.0 37.0 27.675675675675677 0.0 0.0 0.0 0.0 0.0 1.0 1024.0 0.0 0.0 0.0 0.0 0.0 1.0 1024.0 0.0 0.0 0.0 0.0 0.0 37.0 27.675675675675677 0.0 0.0 0.0 0.0 0.0 1.0 1024.0 0.0 0.0 0.0 0.0 0.0 1.0 1024.0 0.0 0.0 0.0 0.0 0.0 37.0 27.675675675675677 0.0 0.0 0.0 0.0 0.0 1.0 1024.0 1.7969789511186225 1.198340669526053 4.805157531375327 0.0 25.455461347941892 151.0 6.7814569536423885 4.58106600659779 4.752829121290701 15.074033345448699 0.0 19.31325074437748 51.0 20.078431372549023 1.3834532845382594 0.9662471048660553 3.4864782878754865 0.0 25.306913250458557 179.0 5.720670391061458 1.6894665124963986 1.217500543900836 4.805157531375327 0.0 26.243476206821555 163.0 6.28220858895705 4.623389552209654 4.626418050729 15.166946884958433 0.0 19.60975946760939 50.0 20.48 1.3545594763352389 0.929241400963484 3.355582661291501 0.0 25.822435484948496 196.0 5.224489795918362 1.8416953106316925 1.3652741779278526 5.869339320126588 0.0 26.37770289650805 145.0 7.06206896551723 6.599812247510329 8.555497930014969 28.568402560419546 0.0 23.60727266036167 44.0 23.272727272727266 1.4685772678168236 1.0158776072768176 3.9592310638267834 0.0 25.16905258271956 175.0 5.851428571428562 1.4821718997126845 3.7743625924153417 41.78745222094094 0.0 29.348448643212514 638.0 1.6050156739811945 24.07319097332853 10.878977035411614 36.9901087825193 0.0 13.537096399266316 42.0 24.380952380952376 0.67316311656262 1.058939836325291 4.365364986724842 0.0 29.23826360004977 667.0 1.535232383808098 1.4169618569110516 3.4117222292526472 32.874741622928155 0.0 29.45164062088824 644.0 1.5900621118012397 26.413959054522664 9.991545507772553 41.631810312897706 0.0 9.48347659176922 38.0 26.947368421052634 0.6580914509313256 1.0264785295261905 3.5217069291965686 0.0 29.384316693613304 680.0 1.505882352941178 1.3946511866458113 3.502690858301952 45.01462284090048 0.0 29.345482224521774 641.0 1.5975039001560107 28.13662262744742 5.58675950686399 35.76295777937128 0.0 7.64368178375316 36.0 28.44444444444444 0.6977944404766012 1.0905571814145025 4.365364986724842 0.0 29.32950224089589 666.0 1.5375375375375404 1.140581140760334 1.2508161665608208 4.6261065484396156 0.0 24.73269441545309 158.0 6.481012658227861 1.657793830974524 3.414889015366817 19.930563573576386 0.0 17.812057853016633 163.0 6.282208588957047 1.0820060890911398 1.0166147088046846 3.594255704799455 0.0 24.95696597615551 154.0 6.649350649350648 1.220346915134333 1.2278164132577751 4.6261065484396156 0.0 26.6844095731581 160.0 6.400000000000013 1.1685178845214874 2.6831745583793674 13.920694722740018 0.0 16.823131459149657 207.0 4.946859903381634 0.9704043442516003 0.9502876418148102 3.4807338060554636 0.0 26.23013558747269 190.0 5.389473684210521 1.2669357208523933 1.3957577168583186 5.6352774948562505 0.0 26.9685186809623 144.0 7.111111111111126 1.949342497079007 4.715858742698518 24.40177030018267 0.0 20.317793644099044 162.0 6.320987654320974 1.1283855912114467 1.2101361642502084 8.196933868463505 0.0 26.63218367841657 154.0 6.649350649350648 
207.0005150327869 1.6405515372040265 1.2462379477296852 4.6261065484396156 0.0 25.90377730420174 107.0 9.570093457943923 3.056263059684581 4.12259513383657 13.834661177334347 0.0 15.970947686880438 51.0 20.078431372549026 1.3246991553798906 0.9281394053322238 3.4836138576524758 0.0 26.000875782667034 126.0 8.126984126984144 1.676672681152413 1.2654876713779823 4.6261065484396156 0.0 26.669281870705746 111.0 9.225225225225216 3.215174161356519 4.115440220494991 13.241912419968985 0.0 16.309553926498698 49.0 20.89795918367347 1.380308251006885 0.8789142526892001 3.332808309342373 0.0 26.118551276244574 133.0 7.6992481203007515 1.7041079334157527 1.3506825590125637 5.6352774948562505 0.0 27.650269233330405 110.0 9.309090909090905 3.8649473481133176 6.466106547867601 24.628416408678792 0.0 21.257994108536618 46.0 22.260869565217398 1.410342496680556 0.9965322428027106 3.6016230121356916 0.0 26.215785468000025 126.0 8.126984126984144 0.0 0.0 0.0 0.0 0.0 1.0 1024.0 0.0 0.0 0.0 0.0 0.0 37.0 27.675675675675677 0.0 0.0 0.0 0.0 0.0 1.0 1024.0 0.0 0.0 0.0 0.0 0.0 1.0 1024.0 0.0 0.0 0.0 0.0 0.0 37.0 27.675675675675677 0.0 0.0 0.0 0.0 0.0 1.0 1024.0 0.0 0.0 0.0 0.0 0.0 1.0 1024.0 0.0 0.0 0.0 0.0 0.0 37.0 27.675675675675677 0.0 0.0 0.0 0.0 0.0 1.0 1024.0 1.7969789511186225 1.198340669526053 4.805157531375327 0.0 25.455461347941892 151.0 6.7814569536423885 4.58106600659779 4.752829121290701 15.074033345448699 0.0 19.31325074437748 51.0 20.078431372549023 1.3834532845382594 0.9662471048660553 3.4864782878754865 0.0 25.306913250458557 179.0 5.720670391061458 1.6894665124963986 1.217500543900836 4.805157531375327 0.0 26.243476206821555 163.0 6.28220858895705 4.623389552209654 4.626418050729 15.166946884958433 0.0 19.60975946760939 50.0 20.48 1.3545594763352389 0.929241400963484 3.355582661291501 0.0 25.822435484948496 196.0 5.224489795918362 1.8416953106316925 1.3652741779278526 5.869339320126588 0.0 26.37770289650805 145.0 7.06206896551723 6.599812247510329 8.555497930014969 28.568402560419546 0.0 23.60727266036167 44.0 23.272727272727266 1.4685772678168236 1.0158776072768176 3.9592310638267834 0.0 25.16905258271956 175.0 5.851428571428562 1.4821718997126845 3.7743625924153417 41.78745222094094 0.0 29.348448643212514 638.0 1.6050156739811945 24.07319097332853 10.878977035411614 36.9901087825193 0.0 13.537096399266316 42.0 24.380952380952376 0.67316311656262 1.058939836325291 4.365364986724842 0.0 29.23826360004977 667.0 1.535232383808098 1.4169618569110516 3.4117222292526472 32.874741622928155 0.0 29.45164062088824 644.0 1.5900621118012397 26.413959054522664 9.991545507772553 41.631810312897706 0.0 9.48347659176922 38.0 26.947368421052634 0.6580914509313256 1.0264785295261905 3.5217069291965686 0.0 29.384316693613304 680.0 1.505882352941178 1.3946511866458113 3.502690858301952 45.01462284090048 0.0 29.345482224521774 641.0 1.5975039001560107 28.13662262744742 5.58675950686399 35.76295777937128 0.0 7.64368178375316 36.0 28.44444444444444 0.6977944404766012 1.0905571814145025 4.365364986724842 0.0 29.32950224089589 666.0 1.5375375375375404 1.2516067179052432 1.2532937162776931 4.6261065484396156 0.0 25.220355712636145 147.0 6.965986394557817 1.7797185624853944 3.512292069183973 21.78975449739452 0.0 17.84095540762748 154.0 6.649350649350648 1.0700230143041503 0.9695773850034787 3.594255704799455 0.0 24.97808324857178 152.0 6.736842105263147 1.3477777531462662 1.2296366262006961 4.6261065484396156 0.0 27.117981057707357 150.0 6.826666666666677 1.6121069610767582 3.3761180903115027 15.423822667349384 0.0 15.065123738186907 185.0 5.535135135135135 1.144064511458204 0.9525637367262038 3.4807338060554636 0.0 26.39907658089008 173.0 5.919075144508673 1.2947618659726723 1.3345092253494237 5.6352774948562505 0.0 26.806797765088625 136.0 7.529411764705899 2.2615229753057817 5.083849556235349 25.529729433325127 0.0 21.945972040470686 135.0 7.585185185185178 1.1554537910103848 1.2077816880143533 8.424222736591839 0.0 26.743953867634794 151.0 6.781456953642395 
208.0005150327869 1.6405173033319074 1.246270638866116 4.6261065484396156 0.0 25.90398343155042 107.0 9.570093457943923 3.056263059684581 4.12259513383657 13.834661177334347 0.0 15.970947686880438 51.0 20.078431372549026 1.3246991553798906 0.9281394053322238 3.4836138576524758 0.0 26.000875782667034 126.0 8.126984126984144 1.676672681152413 1.2654876713779823 4.6261065484396156 0.0 26.669281870705746 111.0 9.225225225225216 3.215174161356519 4.115440220494991 13.241912419968985 0.0 16.309553926498698 49.0 20.89795918367347 1.380308251006885 0.8789142526892001 3.332808309342373 0.0 26.118551276244574 133.0 7.6992481203007515 1.7041079334157527 1.3506825590125637 5.6352774948562505 0.0 27.650269233330405 110.0 9.309090909090905 3.8649473481133176 6.466106547867601 24.628416408678792 0.0 21.257994108536618 46.0 22.260869565217398 1.410342496680556 0.9965322428027106 3.6016230121356916 0.0 26.215785468000025 126.0 8.126984126984144 0.0 0.0 0.0 0.0 0.0 1.0 1024.0 0.0 0.0 0.0 0.0 0.0 37.0 27.675675675675677 0.0 0.0 0.0 0.0 0.0 1.0 1024.0 0.0 0.0 0.0 0.0 0.0 1.0 1024.0 0.0 0.0 0.0 0.0 0.0 37.0 27.675675675675677 0.0 0.0 0.0 0.0 0.0 1.0 1024.0 0.0 0.0 0.0 0.0 0.0 1.0 1024.0 0.0 0.0 0.0 0.0 0.0 37.0 27.675675675675677 0.0 0.0 0.0 0.0 0.0 1.0 1024.0 1.7974413002331946 1.1984266956749632 4.805157531375327 0.0 25.453714057904072 151.0 6.7814569536423885 4.58106600659779 4.752829121290701 15.074033345448699 0.0 19.31325074437748 51.0 20.078431372549023 1.3834532845382594 0.9662471048660553 3.4864782878754865 0.0 25.306913250458557 179.0 5.720670391061458 1.6894665124963986 1.217500543900836 4.805157531375327 0.0 26.243476206821555 163.0 6.28220858895705 4.623389552209654 4.626418050729 15.166946884958433 0.0 19.60975946760939 50.0 20.48 1.3545594763352389 0.929241400963484 3.355582661291501 0.0 25.822435484948496 196.0 5.224489795918362 1.8416953106316925 1.3652741779278526 5.869339320126588 0.0 26.37770289650805 145.0 7.06206896551723 6.599812247510329 8.555497930014969 28.568402560419546 0.0 23.60727266036167 44.0 23.272727272727266 1.4685772678168236 1.0158776072768176 3.9592310638267834 0.0 25.16905258271956 175.0 5.851428571428562 1.4821718997126845 3.7743625924153417 41.78745222094094 0.0 29.348448643212514 638.0 1.6050156739811945 24.07319097332853 10.878977035411614 36.9901087825193 0.0 13.537096399266316 42.0 24.380952380952376 0.67316311656262 1.058939836325291 4.365364986724842 0.0 29.23826360004977 667.0 1.535232383808098 1.4169618569110516 3.4117222292526472 32.874741622928155 0.0 29.45164062088824 644.0 1.5900621118012397 26.413959054522664 9.991545507772553 41.631810312897706 0.0 9.48347659176922 38.0 26.947368421052634 0.6580914509313256 1.0264785295261905 3.5217069291965686 0.0 29.384316693613304 680.0 1.505882352941178 1.3946511866458113 3.502690858301952 45.01462284090048 0.0 29.345482224521774 641.0 1.5975039001560107 28.13662262744742 5.58675950686399 35.76295777937128 0.0 7.64368178375316 36.0 28.44444444444444 0.6977944404766012 1.0905571814145025 4.365364986724842 0.0 29.32950224089589 666.0 1.5375375375375404 1.4260768500344023 1.2483190464858216 4.6261065484396156 0.0 25.279563568798427 135.0 7.585185185185177 1.6289056834963418 3.035231587777838 14.248787758648527 0.0 16.17057898928704 154.0 6.649350649350648 1.0831654903656758 0.9914466637690265 3.594255704799455 0.0 24.926217361538793 149.0 6.872483221476518 1.3124728196688078 1.2632450993337323 4.6261065484396156 0.0 27.19204373962673 149.0 6.872483221476518 1.5745845554238085 3.129287825122653 14.32260929969313 0.0 13.360455611515668 163.0 6.282208588957048 1.1279294750608768 0.9665248311256234 3.4807338060554636 0.0 26.265744667577266 171.0 5.988304093567251 1.4881643629333379 1.3318088729924709 5.6352774948562505 0.0 26.426438141106086 122.0 8.393442622950813 1.8660056159158942 4.296750830333208 23.721921148497994 0.0 17.342420571094753 133.0 7.6992481203007515 1.2288881609570916 1.203405602826297 8.551107211175607 0.0 26.369065994154646 142.0 7.21126760563381 
209.0005150327869 1.640481447155908 1.2463048625829451 4.6261065484396156 0.0 25.90418375379857 107.0 9.570093457943923 3.056263059684581 4.12259513383657 13.834661177334347 0.0 15.970947686880438 51.0 20.078431372549026 1.3246991553798906 0.9281394053322238 3.4836138576524758 0.0 26.000875782667034 126.0 8.126984126984144 1.676672681152413 1.2654876713779823 4.6261065484396156 0.0 26.669281870705746 111.0 9.225225225225216 3.215174161356519 4.115440220494991 13.241912419968985 0.0 16.309553926498698 49.0 20.89795918367347 1.3806494912036644 0.878325083978028 3.332808309342373 0.0 26.1193008116958 133.0 7.6992481203007515 1.7041079334157527 1.3506825590125637 5.6352774948562505 0.0 27.650269233330405 110.0 9.309090909090905 3.8649473481133176 6.466106547867601 24.628416408678792 0.0 21.257994108536618 46.0 22.260869565217398 1.410342496680556 0.9965322428027106 3.6016230121356916 0.0 26.215785468000025 126.0 8.126984126984144 0.0 0.0 0.0 0.0 0.0 1.0 1024.0 0.0 0.0 0.0 0.0 0.0 37.0 27.675675675675677 0.0 0.0 0.0 0.0 0.0 1.0 1024.0 0.0 0.0 0.0 0.0 0.0 1.0 1024.0 0.0 0.0 0.0 0.0 0.0 37.0 27.675675675675677 0.0 0.0 0.0 0.0 0.0 1.0 1024.0 0.0 0.0 0.0 0.0 0.0 1.0 1024.0 0.0 0.0 0.0 0.0 0.0 37.0 27.675675675675677 0.0 0.0 0.0 0.0 0.0 1.0 1024.0 1.7977717192497225 1.1987338546175201 4.805157531375327 0.0 25.451727994137084 151.0 6.7814569536423885 4.58106600659779 4.752829121290701 15.074033345448699 0.0 19.31325074437748 51.0 20.078431372549023 1.3834532845382594 0.9662471048660553 3.4864782878754865 0.0 25.306913250458557 179.0 5.720670391061458 1.6894665124963986 1.217500543900836 4.805157531375327 0.0 26.243476206821555 163.0 6.28220858895705 4.623389552209654 4.626418050729 15.166946884958433 0.0 19.60975946760939 50.0 20.48 1.3545594763352389 0.929241400963484 3.355582661291501 0.0 25.822435484948496 196.0 5.224489795918362 1.8416953106316925 1.3652741779278526 5.869339320126588 0.0 26.37770289650805 145.0 7.06206896551723 6.599812247510329 8.555497930014969 28.568402560419546 0.0 23.60727266036167 44.0 23.272727272727266 1.4685772678168236 1.0158776072768176 3.9592310638267834 0.0 25.16905258271956 175.0 5.851428571428562 1.4821718997126845 3.7743625924153417 41.78745222094094 0.0 29.348448643212514 638.0 1.6050156739811945 24.07319097332853 10.878977035411614 36.9901087825193 0.0 13.537096399266316 42.0 24.380952380952376 0.67316311656262 1.058939836325291 4.365364986724842 0.0 29.23826360004977 667.0 1.535232383808098 1.4169618569110516 3.4117222292526472 32.874741622928155 0.0 29.45164062088824 644.0 1.5900621118012397 26.413959054522664 9.991545507772553 41.631810312897706 0.0 9.48347659176922 38.0 26.947368421052634 0.6580914509313256 1.0264785295261905 3.5217069291965686 0.0 29.384316693613304 680.0 1.505882352941178 1.3946511866458113 3.502690858301952 45.01462284090048 0.0 29.345482224521774 641.0 1.5975039001560107 28.13662262744742 5.58675950686399 35.76295777937128 0.0 7.64368178375316 36.0 28.44444444444444 0.6977944404766012 1.0905571814145025 4.365364986724842 0.0 29.32950224089589 666.0 1.5375375375375404 1.3966728172295944 1.2670826960313235 4.6261065484396156 0.0 25.73168437718735 133.0 7.6992481203007515 1.2005077509703723 2.7397825676237937 13.507800960388193 0.0 15.98555815397764 189.0 5.417989417989418 1.1734962777263311 1.0026883983309813 3.594255704799455 0.0 25.06538326848705 140.0 7.314285714285729 1.3085763901695957 1.2459622595624003 4.6261065484396156 0.0 26.976575979261735 149.0 6.872483221476518 1.4610766815670289 2.913048931911956 13.728763877150778 0.0 12.061177838726747 152.0 6.736842105263151 1.1384461939238586 0.9658661866831233 3.4807338060554636 0.0 26.504907127105916 168.0 6.095238095238104 1.4403796433559213 1.348924360832951 5.6352774948562505 0.0 26.87010578856982 124.0 8.25806451612904 1.865425130646781 4.490703009688033 24.191532477908265 0.0 16.67618630777204 125.0 8.191999999999993 1.2761252371796932 1.2043048586839773 8.551107211175607 0.0 26.0528884199403 137.0 7.474452554744532 
210.0005150327869 1.6390829094588093 1.2474379389621562 4.6261065484396156 0.0 25.906517690939246 107.0 9.570093457943923 3.056263059684581 4.12259513383657 13.834661177334347 0.0 15.970947686880438 51.0 20.078431372549026 1.3246991553798906 0.9281394053322238 3.4836138576524758 0.0 26.000875782667034 126.0 8.126984126984144 1.676672681152413 1.2654876713779823 4.6261065484396156 0.0 26.669281870705746 111.0 9.225225225225216 3.215174161356519 4.115440220494991 13.241912419968985 0.0 16.309553926498698 49.0 20.89795918367347 1.3806494912036644 0.878325083978028 3.332808309342373 0.0 26.1193008116958 133.0 7.6992481203007515 1.7041079334157527 1.3506825590125637 5.6352774948562505 0.0 27.650269233330405 110.0 9.309090909090905 3.8649473481133176 6.466106547867601 24.628416408678792 0.0 21.257994108536618 46.0 22.260869565217398 1.410342496680556 0.9965322428027106 3.6016230121356916 0.0 26.215785468000025 126.0 8.126984126984144 0.0 0.0 0.0 0.0 0.0 1.0 1024.0 0.0 0.0 0.0 0.0 0.0 37.0 27.675675675675677 0.0 0.0 0.0 0.0 0.0 1.0 1024.0 0.0 0.0 0.0 0.0 0.0 1.0 1024.0 0.0 0.0 0.0 0.0 0.0 37.0 27.675675675675677 0.0 0.0 0.0 0.0 0.0 1.0 1024.0 0.0 0.0 0.0 0.0 0.0 1.0 1024.0 0.0 0.0 0.0 0.0 0.0 37.0 27.675675675675677 0.0 0.0 0.0 0.0 0.0 1.0 1024.0 1.7977459104797238 1.1987758985089743 4.805157531375327 0.0 25.45187959891744 151.0 6.7814569536423885 4.58106600659779 4.752829121290701 15.074033345448699 0.0 19.31325074437748 51.0 20.078431372549023 1.3834532845382594 0.9662471048660553 3.4864782878754865 0.0 25.306913250458557 179.0 5.720670391061458 1.6894665124963986 1.217500543900836 4.805157531375327 0.0 26.243476206821555 163.0 6.28220858895705 4.623389552209654 4.626418050729 15.166946884958433 0.0 19.60975946760939 50.0 20.48 1.3545594763352389 0.929241400963484 3.355582661291501 0.0 25.822435484948496 196.0 5.224489795918362 1.8416953106316925 1.3652741779278526 5.869339320126588 0.0 26.37770289650805 145.0 7.06206896551723 6.599812247510329 8.555497930014969 28.568402560419546 0.0 23.60727266036167 44.0 23.272727272727266 1.4685772678168236 1.0158776072768176 3.9592310638267834 0.0 25.16905258271956 175.0 5.851428571428562 1.4821718997126845 3.7743625924153417 41.78745222094094 0.0 29.348448643212514 638.0 1.6050156739811945 24.07319097332853 10.878977035411614 36.9901087825193 0.0 13.537096399266316 42.0 24.380952380952376 0.67316311656262 1.058939836325291 4.365364986724842 0.0 29.23826360004977 667.0 1.535232383808098 1.4169618569110516 3.4117222292526472 32.874741622928155 0.0 29.45164062088824 644.0 1.5900621118012397 26.413959054522664 9.991545507772553 41.631810312897706 0.0 9.48347659176922 38.0 26.947368421052634 0.6580914509313256 1.0264785295261905 3.5217069291965686 0.0 29.384316693613304 680.0 1.505882352941178 1.3946511866458113 3.502690858301952 45.01462284090048 0.0 29.345482224521774 641.0 1.5975039001560107 28.13662262744742 5.58675950686399 35.76295777937128 0.0 7.64368178375316 36.0 28.44444444444444 0.6977944404766012 1.0905571814145025 4.365364986724842 0.0 29.32950224089589 666.0 1.5375375375375404 1.4139357144256153 1.2538345709905687 4.6261065484396156 0.0 26.149822113866758 129.0 7.937984496124019 1.243052505462351 2.770650587141074 13.315708856773885 0.0 13.281727833916445 173.0 5.919075144508673 1.2599437831965816 1.0172575060429891 3.594255704799455 0.0 25.38386619234995 138.0 7.420289855072478 1.3581641453653608 1.24618607887502 4.6261065484396156 0.0 27.21182590227125 143.0 7.160839160839168 1.427551687696877 2.9439166339823646 13.284648676673655 0.0 11.760546575987874 154.0 6.649350649350648 1.11390560857332 0.966448593288261 3.4807338060554636 0.0 26.63422770354122 171.0 5.988304093567251 1.5330959137529312 1.3593341704090438 5.6352774948562505 0.0 26.70800431318107 122.0 8.393442622950813 1.4771416206679633 4.065588080300785 24.320124829209913 0.0 14.991874183931348 143.0 7.160839160839167 1.224618405787218 1.2044917242256366 8.551107211175607 0.0 26.486853792953877 143.0 7.160839160839168 
211.0005150327869 1.6390829094588093 1.2474379389621562 4.6261065484396156 0.0 25.906517690939246 107.0 9.570093457943923 3.056263059684581 4.12259513383657 13.834661177334347 0.0 15.970947686880438 51.0 20.078431372549026 1.3246991553798906 0.9281394053322238 3.4836138576524758 0.0 26.000875782667034 126.0 8.126984126984144 1.676672681152413 1.2654876713779823 4.6261065484396156 0.0 26.669281870705746 111.0 9.225225225225216 3.215174161356519 4.115440220494991 13.241912419968985 0.0 16.309553926498698 49.0 20.89795918367347 1.3805520317323579 0.8784111869102235 3.332808309342373 0.0 26.119905448281568 133.0 7.6992481203007515 1.7041079334157527 1.3506825590125637 5.6352774948562505 0.0 27.650269233330405 110.0 9.309090909090905 3.8649473481133176 6.466106547867601 24.628416408678792 0.0 21.257994108536618 46.0 22.260869565217398 1.410342496680556 0.9965322428027106 3.6016230121356916 0.0 26.215785468000025 126.0 8.126984126984144 0.0 0.0 0.0 0.0 0.0 1.0 1024.0 0.0 0.0 0.0 0.0 0.0 37.0 27.675675675675677 0.0 0.0 0.0 0.0 0.0 1.0 1024.0 0.0 0.0 0.0 0.0 0.0 1.0 1024.0 0.0 0.0 0.0 0.0 0.0 37.0 27.675675675675677 0.0 0.0 0.0 0.0 0.0 1.0 1024.0 0.0 0.0 0.0 0.0 0.0 1.0 1024.0 0.0 0.0 0.0 0.0 0.0 37.0 27.675675675675677 0.0 0.0 0.0 0.0 0.0 1.0 1024.0 1.797707657996986 1.1988434734300664 4.805157531375327 0.0 25.45186745518131 151.0 6.7814569536423885 4.58106600659779 4.752829121290701 15.074033345448699 0.0 19.31325074437748 51.0 20.078431372549023 1.3834532845382594 0.9662471048660553 3.4864782878754865 0.0 25.306913250458557 179.0 5.720670391061458 1.6894665124963986 1.217500543900836 4.805157531375327 0.0 26.243476206821555 163.0 6.28220858895705 4.623389552209654 4.626418050729 15.166946884958433 0.0 19.60975946760939 50.0 20.48 1.3545088137349082 0.9292450426436821 3.355582661291501 0.0 25.822307925257984 196.0 5.224489795918362 1.8416953106316925 1.3652741779278526 5.869339320126588 0.0 26.37770289650805 145.0 7.06206896551723 6.599812247510329 8.555497930014969 28.568402560419546 0.0 23.60727266036167 44.0 23.272727272727266 1.4685772678168236 1.0158776072768176 3.9592310638267834 0.0 25.16905258271956 175.0 5.851428571428562 1.4821718997126845 3.7743625924153417 41.78745222094094 0.0 29.348448643212514 638.0 1.6050156739811945 24.07319097332853 10.878977035411614 36.9901087825193 0.0 13.537096399266316 42.0 24.380952380952376 0.67316311656262 1.058939836325291 4.365364986724842 0.0 29.23826360004977 667.0 1.535232383808098 1.4169618569110516 3.4117222292526472 32.874741622928155 0.0 29.45164062088824 644.0 1.5900621118012397 26.413959054522664 9.991545507772553 41.631810312897706 0.0 9.48347659176922 38.0 26.947368421052634 0.6580914509313256 1.0264785295261905 3.5217069291965686 0.0 29.384316693613304 680.0 1.505882352941178 1.3946511866458113 3.502690858301952 45.01462284090048 0.0 29.345482224521774 641.0 1.5975039001560107 28.13662262744742 5.58675950686399 35.76295777937128 0.0 7.64368178375316 36.0 28.44444444444444 0.6977944404766012 1.0905571814145025 4.365364986724842 0.0 29.32950224089589 666.0 1.5375375375375404 1.4539278821663302 1.2433911310253827 4.6261065484396156 0.0 25.950427723828025 128.0 8.0 1.3861742138438065 3.0615793810297514 15.1237740491234 0.0 11.326131978071546 145.0 7.062068965517231 1.2899798935131395 0.970752242175274 3.7329551224607807 0.0 25.546355305815084 132.0 7.757575757575764 1.4602831051819327 1.2376537706022037 4.6261065484396156 0.0 27.473897222384394 133.0 7.6992481203007515 1.457842310405437 3.051177369304769 13.485660654430868 0.0 13.3818051378679 145.0 7.062068965517231 1.1623609676559965 0.9562356227051286 3.4807338060554636 0.0 26.60648517701511 164.0 6.243902439024385 1.5041809543645221 1.349556540536584 5.6352774948562505 0.0 26.813655113188826 122.0 8.393442622950813 1.7611535640969522 4.440272152538507 24.628416408678792 0.0 14.157057235975914 117.0 8.75213675213674 1.2395112864021678 1.2070332735171052 8.551107211175607 0.0 26.483473027084507 145.0 7.06206896551723 
212.0005150327869 1.6239035864257712 1.2515751786177955 4.6261065484396156 0.0 25.958824637488743 108.0 9.481481481481493 3.056263059684581 4.12259513383657 13.834661177334347 0.0 15.970947686880438 51.0 20.078431372549026 1.3246991553798906 0.9281394053322238 3.4836138576524758 0.0 26.000875782667034 126.0 8.126984126984144 1.660315571028865 1.2710802742047536 4.6261065484396156 0.0 26.711439737468254 112.0 9.142857142857132 3.215174161356519 4.115440220494991 13.241912419968985 0.0 16.309553926498698 49.0 20.89795918367347 1.3805520317323579 0.8784111869102235 3.332808309342373 0.0 26.119905448281568 133.0 7.6992481203007515 1.7041079334157527 1.3506825590125637 5.6352774948562505 0.0 27.650269233330405 110.0 9.309090909090905 3.8649473481133176 6.466106547867601 24.628416408678792 0.0 21.257994108536618 46.0 22.260869565217398 1.410342496680556 0.9965322428027106 3.6016230121356916 0.0 26.215785468000025 126.0 8.126984126984144 0.0 0.0 0.0 0.0 0.0 1.0 1024.0 0.0 0.0 0.0 0.0 0.0 37.0 27.675675675675677 0.0 0.0 0.0 0.0 0.0 1.0 1024.0 0.0 0.0 0.0 0.0 0.0 1.0 1024.0 0.0 0.0 0.0 0.0 0.0 37.0 27.675675675675677 0.0 0.0 0.0 0.0 0.0 1.0 1024.0 0.0 0.0 0.0 0.0 0.0 1.0 1024.0 0.0 0.0 0.0 0.0 0.0 37.0 27.675675675675677 0.0 0.0 0.0 0.0 0.0 1.0 1024.0 1.7975615871496613 1.199055496683196 4.805157531375327 0.0 25.45322424131061 151.0 6.7814569536423885 4.58106600659779 4.752829121290701 15.074033345448699 0.0 19.31325074437748 51.0 20.078431372549023 1.3834532845382594 0.9662471048660553 3.4864782878754865 0.0 25.306913250458557 179.0 5.720670391061458 1.6894665124963986 1.217500543900836 4.805157531375327 0.0 26.243476206821555 163.0 6.28220858895705 4.623389552209654 4.626418050729 15.166946884958433 0.0 19.60975946760939 50.0 20.48 1.3614056653013034 0.9265244857932537 3.355582661291501 0.0 25.771921073685526 195.0 5.251282051282048 1.8416953106316925 1.3652741779278526 5.869339320126588 0.0 26.37770289650805 145.0 7.06206896551723 6.599812247510329 8.555497930014969 28.568402560419546 0.0 23.60727266036167 44.0 23.272727272727266 1.4685772678168236 1.0158776072768176 3.9592310638267834 0.0 25.16905258271956 175.0 5.851428571428562 1.4821718997126845 3.7743625924153417 41.78745222094094 0.0 29.348448643212514 638.0 1.6050156739811945 24.07319097332853 10.878977035411614 36.9901087825193 0.0 13.537096399266316 42.0 24.380952380952376 0.67316311656262 1.058939836325291 4.365364986724842 0.0 29.23826360004977 667.0 1.535232383808098 1.4169618569110516 3.4117222292526472 32.874741622928155 0.0 29.45164062088824 644.0 1.5900621118012397 26.413959054522664 9.991545507772553 41.631810312897706 0.0 9.48347659176922 38.0 26.947368421052634 0.6580914509313256 1.0264785295261905 3.5217069291965686 0.0 29.384316693613304 680.0 1.505882352941178 1.3946511866458113 3.502690858301952 45.01462284090048 0.0 29.345482224521774 641.0 1.5975039001560107 28.13662262744742 5.58675950686399 35.76295777937128 0.0 7.64368178375316 36.0 28.44444444444444 0.6977944404766012 1.0905571814145025 4.365364986724842 0.0 29.32950224089589 666.0 1.5375375375375404 1.3608984080085678 1.2841704829985163 4.6261065484396156 0.0 25.484632349706878 134.0 7.641791044776107 1.2753785715987107 2.926155462833892 13.834661177334347 0.0 12.204467672560954 138.0 7.420289855072474 1.2833109989945954 0.9827089586693187 3.7329551224607807 0.0 25.551373758956746 132.0 7.757575757575764 1.4995249628264768 1.2346763020230411 4.6261065484396156 0.0 28.25958772130434 129.0 7.93798449612402 1.3402096922437983 2.896308769661418 13.241912419968985 0.0 11.03638006954786 148.0 6.91891891891893 1.1910250065620374 0.9483322076661451 3.4807338060554636 0.0 26.613659529707796 161.0 6.36024844720496 1.5766973917085385 1.3621544117679247 5.6352774948562505 0.0 26.6712812039285 117.0 8.752136752136737 1.984779352172238 4.803984336753062 24.628416408678792 0.0 15.25714202325924 97.0 10.556701030927828 1.3123132029786189 1.2045055266702045 8.892867564472638 0.0 26.05903135753575 137.0 7.474452554744532 
213.0005150327869 1.6239035864257712 1.2515751786177955 4.6261065484396156 0.0 25.958824637488743 108.0 9.481481481481493 3.056263059684581 4.12259513383657 13.834661177334347 0.0 15.970947686880438 51.0 20.078431372549026 1.3246991553798906 0.9281394053322238 3.4836138576524758 0.0 26.000875782667034 126.0 8.126984126984144 1.6604069789781999 1.2710191997016158 4.6261065484396156 0.0 26.71157043334375 112.0 9.142857142857132 3.215174161356519 4.115440220494991 13.241912419968985 0.0 16.309553926498698 49.0 20.89795918367347 1.3805520317323579 0.8784111869102235 3.332808309342373 0.0 26.119905448281568 133.0 7.6992481203007515 1.7041079334157527 1.3506825590125637 5.6352774948562505 0.0 27.650269233330405 110.0 9.309090909090905 3.8649473481133176 6.466106547867601 24.628416408678792 0.0 21.257994108536618 46.0 22.260869565217398 1.410342496680556 0.9965322428027106 3.6016230121356916 0.0 26.215785468000025 126.0 8.126984126984144 0.0 0.0 0.0 0.0 0.0 1.0 1024.0 0.0 0.0 0.0 0.0 0.0 37.0 27.675675675675677 0.0 0.0 0.0 0.0 0.0 1.0 1024.0 0.0 0.0 0.0 0.0 0.0 1.0 1024.0 0.0 0.0 0.0 0.0 0.0 37.0 27.675675675675677 0.0 0.0 0.0 0.0 0.0 1.0 1024.0 0.0 0.0 0.0 0.0 0.0 1.0 1024.0 0.0 0.0 0.0 0.0 0.0 37.0 27.675675675675677 0.0 0.0 0.0 0.0 0.0 1.0 1024.0 1.7974535760447663 1.1991840835681895 4.805157531375327 0.0 25.45342878862344 151.0 6.7814569536423885 4.58106600659779 4.752829121290701 15.074033345448699 0.0 19.31325074437748 51.0 20.078431372549023 1.3834532845382594 0.9662471048660553 3.4864782878754865 0.0 25.306913250458557 179.0 5.720670391061458 1.6894665124963986 1.217500543900836 4.805157531375327 0.0 26.243476206821555 163.0 6.28220858895705 4.623389552209654 4.626418050729 15.166946884958433 0.0 19.60975946760939 50.0 20.48 1.3614056653013034 0.9265244857932537 3.355582661291501 0.0 25.771921073685526 195.0 5.251282051282048 1.8416953106316925 1.3652741779278526 5.869339320126588 0.0 26.37770289650805 145.0 7.06206896551723 6.599812247510329 8.555497930014969 28.568402560419546 0.0 23.60727266036167 44.0 23.272727272727266 1.4685772678168236 1.0158776072768176 3.9592310638267834 0.0 25.16905258271956 175.0 5.851428571428562 1.4821718997126845 3.7743625924153417 41.78745222094094 0.0 29.348448643212514 638.0 1.6050156739811945 24.07319097332853 10.878977035411614 36.9901087825193 0.0 13.537096399266316 42.0 24.380952380952376 0.67316311656262 1.058939836325291 4.365364986724842 0.0 29.23826360004977 667.0 1.535232383808098 1.4169618569110516 3.4117222292526472 32.874741622928155 0.0 29.45164062088824 644.0 1.5900621118012397 26.413959054522664 9.991545507772553 41.631810312897706 0.0 9.48347659176922 38.0 26.947368421052634 0.6580914509313256 1.0264785295261905 3.5217069291965686 0.0 29.384316693613304 680.0 1.505882352941178 1.3946511866458113 3.502690858301952 45.01462284090048 0.0 29.345482224521774 641.0 1.5975039001560107 28.13662262744742 5.58675950686399 35.76295777937128 0.0 7.64368178375316 36.0 28.44444444444444 0.6977944404766012 1.0905571814145025 4.365364986724842 0.0 29.32950224089589 666.0 1.5375375375375404 1.4549541976309992 1.274164108409897 4.6261065484396156 0.0 26.29163505999591 130.0 7.876923076923095 1.5010172518285432 2.9721636207192748 13.834661177334347 0.0 12.55563888724568 132.0 7.757575757575764 1.2561353930507213 0.9932618303302565 3.7329551224607807 0.0 25.586899788757844 134.0 7.641791044776107 1.5152419950084188 1.2359895904554834 4.6261065484396156 0.0 28.314832946548666 127.0 8.062992125984263 1.3916615884545562 2.9376657922235037 13.241912419968985 0.0 11.12552073072137 139.0 7.366906474820136 1.1827571684682274 0.9550908710195868 3.4807338060554636 0.0 26.623697402981932 161.0 6.36024844720496 1.5551795282778433 1.3504158538329138 5.6352774948562505 0.0 26.72459781622225 121.0 8.46280991735539 1.9520020756873877 4.788062816960878 24.628416408678792 0.0 16.94858289371748 97.0 10.556701030927826 1.3171712223266099 1.2259462607137632 9.017167093308457 0.0 25.523061760092375 133.0 7.6992481203007515 
214.0005150327869 1.6395882967142472 1.2467775169408373 4.6261065484396156 0.0 25.907005646039455 107.0 9.570093457943923 3.056263059684581 4.12259513383657 13.834661177334347 0.0 15.970947686880438 51.0 20.078431372549026 1.3246991553798906 0.9281394053322238 3.4836138576524758 0.0 26.000875782667034 126.0 8.126984126984144 1.660447547208271 1.2709930497142126 4.6261065484396156 0.0 26.71162492276019 112.0 9.142857142857132 3.215174161356519 4.115440220494991 13.241912419968985 0.0 16.309553926498698 49.0 20.89795918367347 1.3805520317323579 0.8784111869102235 3.332808309342373 0.0 26.119905448281568 133.0 7.6992481203007515 1.7041079334157527 1.3506825590125637 5.6352774948562505 0.0 27.650269233330405 110.0 9.309090909090905 3.8649473481133176 6.466106547867601 24.628416408678792 0.0 21.257994108536618 46.0 22.260869565217398 1.410342496680556 0.9965322428027106 3.6016230121356916 0.0 26.215785468000025 126.0 8.126984126984144 0.0 0.0 0.0 0.0 0.0 1.0 1024.0 0.0 0.0 0.0 0.0 0.0 37.0 27.675675675675677 0.0 0.0 0.0 0.0 0.0 1.0 1024.0 0.0 0.0 0.0 0.0 0.0 1.0 1024.0 0.0 0.0 0.0 0.0 0.0 37.0 27.675675675675677 0.0 0.0 0.0 0.0 0.0 1.0 1024.0 0.0 0.0 0.0 0.0 0.0 1.0 1024.0 0.0 0.0 0.0 0.0 0.0 37.0 27.675675675675677 0.0 0.0 0.0 0.0 0.0 1.0 1024.0 1.7974535760447663 1.1991840835681895 4.805157531375327 0.0 25.45342878862344 151.0 6.7814569536423885 4.58106600659779 4.752829121290701 15.074033345448699 0.0 19.31325074437748 51.0 20.078431372549023 1.3834532845382594 0.9662471048660553 3.4864782878754865 0.0 25.306913250458557 179.0 5.720670391061458 1.6894665124963986 1.217500543900836 4.805157531375327 0.0 26.243476206821555 163.0 6.28220858895705 4.623389552209654 4.626418050729 15.166946884958433 0.0 19.60975946760939 50.0 20.48 1.3614056653013034 0.9265244857932537 3.355582661291501 0.0 25.771921073685526 195.0 5.251282051282048 1.8416953106316925 1.3652741779278526 5.869339320126588 0.0 26.37770289650805 145.0 7.06206896551723 6.599812247510329 8.555497930014969 28.568402560419546 0.0 23.60727266036167 44.0 23.272727272727266 1.4685772678168236 1.0158776072768176 3.9592310638267834 0.0 25.16905258271956 175.0 5.851428571428562 1.4821718997126845 3.7743625924153417 41.78745222094094 0.0 29.348448643212514 638.0 1.6050156739811945 24.07319097332853 10.878977035411614 36.9901087825193 0.0 13.537096399266316 42.0 24.380952380952376 0.67316311656262 1.058939836325291 4.365364986724842 0.0 29.23826360004977 667.0 1.535232383808098 1.4169618569110516 3.4117222292526472 32.874741622928155 0.0 29.45164062088824 644.0 1.5900621118012397 26.413959054522664 9.991545507772553 41.631810312897706 0.0 9.48347659176922 38.0 26.947368421052634 0.6580914509313256 1.0264785295261905 3.5217069291965686 0.0 29.384316693613304 680.0 1.505882352941178 1.3946511866458113 3.502690858301952 45.01462284090048 0.0 29.345482224521774 641.0 1.5975039001560107 28.13662262744742 5.58675950686399 35.76295777937128 0.0 7.64368178375316 36.0 28.44444444444444 0.6977944404766012 1.0905571814145025 4.365364986724842 0.0 29.32950224089589 666.0 1.5375375375375404 1.3452100953258592 1.2708468446142556 4.6261065484396156 0.0 27.021720815227006 137.0 7.474452554744532 1.32699450616138 2.7774279369454846 13.834661177334347 0.0 10.66996626357368 150.0 6.826666666666677 1.2191746106977555 0.9963328973196844 3.7329551224607807 0.0 25.575897427185993 136.0 7.529411764705899 1.425928585294555 1.2533911658140737 4.6261065484396156 0.0 27.8145135801307 137.0 7.474452554744532 1.3075067259023843 2.931133068267862 13.241912419968985 0.0 11.459717326609443 136.0 7.529411764705895 1.198256619601332 0.9550473850226833 3.4807338060554636 0.0 26.623177997537834 159.0 6.440251572327046 1.5130187039353322 1.3423494892959489 5.6352774948562505 0.0 27.051161229815527 123.0 8.32520325203253 1.9309238156227226 4.796731441041944 24.628416408678792 0.0 17.056036123478556 97.0 10.556701030927826 1.283293367200839 1.2299500950164286 9.017167093308457 0.0 25.99882350917717 136.0 7.529411764705899 
215.0005150327869 1.6395882967142472 1.2467775169408373 4.6261065484396156 0.0 25.907005646039455 107.0 9.570093457943923 3.056263059684581 4.12259513383657 13.834661177334347 0.0 15.970947686880438 51.0 20.078431372549026 1.3246991553798906 0.9281394053322238 3.4836138576524758 0.0 26.000875782667034 126.0 8.126984126984144 1.677886677227786 1.2658281209620845 4.6261065484396156 0.0 26.69101725348791 111.0 9.225225225225216 3.215174161356519 4.115440220494991 13.241912419968985 0.0 16.309553926498698 49.0 20.89795918367347 1.3805520317323579 0.8784111869102235 3.332808309342373 0.0 26.119905448281568 133.0 7.6992481203007515 1.7041079334157527 1.3506825590125637 5.6352774948562505 0.0 27.650269233330405 110.0 9.309090909090905 3.8649473481133176 6.466106547867601 24.628416408678792 0.0 21.257994108536618 46.0 22.260869565217398 1.410342496680556 0.9965322428027106 3.6016230121356916 0.0 26.215785468000025 126.0 8.126984126984144 0.0 0.0 0.0 0.0 0.0 1.0 1024.0 0.0 0.0 0.0 0.0 0.0 37.0 27.675675675675677 0.0 0.0 0.0 0.0 0.0 1.0 1024.0 0.0 0.0 0.0 0.0 0.0 1.0 1024.0 0.0 0.0 0.0 0.0 0.0 37.0 27.675675675675677 0.0 0.0 0.0 0.0 0.0 1.0 1024.0 0.0 0.0 0.0 0.0 0.0 1.0 1024.0 0.0 0.0 0.0 0.0 0.0 37.0 27.675675675675677 0.0 0.0 0.0 0.0 0.0 1.0 1024.0 1.7965271592919645 1.2001545055310634 4.805157531375327 0.0 25.455199112954965 151.0 6.7814569536423885 4.58106600659779 4.752829121290701 15.074033345448699 0.0 19.31325074437748 51.0 20.078431372549023 1.3834532845382594 0.9662471048660553 3.4864782878754865 0.0 25.306913250458557 179.0 5.720670391061458 1.6991100769199954 1.2140762376122727 4.805157531375327 0.0 26.18490363523283 162.0 6.3209876543209775 4.623389552209654 4.626418050729 15.166946884958433 0.0 19.60975946760939 50.0 20.48 1.3614056653013034 0.9265244857932537 3.355582661291501 0.0 25.771921073685526 195.0 5.251282051282048 1.8416953106316925 1.3652741779278526 5.869339320126588 0.0 26.37770289650805 145.0 7.06206896551723 6.599812247510329 8.555497930014969 28.568402560419546 0.0 23.60727266036167 44.0 23.272727272727266 1.4685772678168236 1.0158776072768176 3.9592310638267834 0.0 25.16905258271956 175.0 5.851428571428562 1.4821718997126845 3.7743625924153417 41.78745222094094 0.0 29.348448643212514 638.0 1.6050156739811945 24.07319097332853 10.878977035411614 36.9901087825193 0.0 13.537096399266316 42.0 24.380952380952376 0.67316311656262 1.058939836325291 4.365364986724842 0.0 29.23826360004977 667.0 1.535232383808098 1.4169618569110516 3.4117222292526472 32.874741622928155 0.0 29.45164062088824 644.0 1.5900621118012397 26.413959054522664 9.991545507772553 41.631810312897706 0.0 9.48347659176922 38.0 26.947368421052634 0.6580914509313256 1.0264785295261905 3.5217069291965686 0.0 29.384316693613304 680.0 1.505882352941178 1.3946511866458113 3.502690858301952 45.01462284090048 0.0 29.345482224521774 641.0 1.5975039001560107 28.13662262744742 5.58675950686399 35.76295777937128 0.0 7.64368178375316 36.0 28.44444444444444 0.6977944404766012 1.0905571814145025 4.365364986724842 0.0 29.32950224089589 666.0 1.5375375375375404 1.412197971756427 1.2942556849226343 4.6261065484396156 0.0 27.08412954585536 131.0 7.81679389312976 1.172254825756039 2.774090624267841 13.834661177334347 0.0 10.537529066678282 157.0 6.522292993630575 1.2935985489819277 0.9693014609566144 3.7329551224607807 0.0 25.544063680154085 130.0 7.876923076923095 1.4760298637275615 1.2385856357465115 4.6261065484396156 0.0 27.652314133593034 133.0 7.6992481203007515 1.675108367032674 3.16295582139974 13.241912419968985 0.0 12.067618346024686 117.0 8.752136752136744 1.2126823286025818 0.9526216948041476 3.4807338060554636 0.0 26.76226106023408 157.0 6.522292993630575 1.4991647387810225 1.3441141852943757 5.6352774948562505 0.0 27.372222579093414 125.0 8.191999999999993 1.9058340111914267 4.824760619929905 24.628416408678792 0.0 17.14193647945912 96.0 10.666666666666659 1.2555435792592289 1.2366943774635875 9.139461604012965 0.0 26.31037372538069 139.0 7.366906474820135 
216.0005150327869 1.6395882967142472 1.2467775169408373 4.6261065484396156 0.0 25.907005646039455 107.0 9.570093457943923 3.056263059684581 4.12259513383657 13.834661177334347 0.0 15.970947686880438 51.0 20.078431372549026 1.3246991553798906 0.9281394053322238 3.4836138576524758 0.0 26.000875782667034 126.0 8.126984126984144 1.677916047011159 1.2658104500845135 4.6261065484396156 0.0 26.691044033049625 111.0 9.225225225225216 3.215174161356519 4.115440220494991 13.241912419968985 0.0 16.309553926498698 49.0 20.89795918367347 1.3805520317323579 0.8784111869102235 3.332808309342373 0.0 26.119905448281568 133.0 7.6992481203007515 1.7041079334157527 1.3506825590125637 5.6352774948562505 0.0 27.650269233330405 110.0 9.309090909090905 3.8649473481133176 6.466106547867601 24.628416408678792 0.0 21.257994108536618 46.0 22.260869565217398 1.410342496680556 0.9965322428027106 3.6016230121356916 0.0 26.215785468000025 126.0 8.126984126984144 0.0 0.0 0.0 0.0 0.0 1.0 1024.0 0.0 0.0 0.0 0.0 0.0 37.0 27.675675675675677 0.0 0.0 0.0 0.0 0.0 1.0 1024.0 0.0 0.0 0.0 0.0 0.0 1.0 1024.0 0.0 0.0 0.0 0.0 0.0 37.0 27.675675675675677 0.0 0.0 0.0 0.0 0.0 1.0 1024.0 0.0 0.0 0.0 0.0 0.0 1.0 1024.0 0.0 0.0 0.0 0.0 0.0 37.0 27.675675675675677 0.0 0.0 0.0 0.0 0.0 1.0 1024.0 1.7722627135583962 1.2119564232431175 4.805157531375327 0.0 25.532667035984034 152.0 6.736842105263155 4.58106600659779 4.752829121290701 15.074033345448699 0.0 19.31325074437748 51.0 20.078431372549023 1.3834532845382594 0.9662471048660553 3.4864782878754865 0.0 25.306913250458557 179.0 5.720670391061458 1.6991100769199954 1.2140762376122727 4.805157531375327 0.0 26.18490363523283 162.0 6.3209876543209775 4.623389552209654 4.626418050729 15.166946884958433 0.0 19.60975946760939 50.0 20.48 1.3614056653013034 0.9265244857932537 3.355582661291501 0.0 25.771921073685526 195.0 5.251282051282048 1.8416953106316925 1.3652741779278526 5.869339320126588 0.0 26.37770289650805 145.0 7.06206896551723 6.599812247510329 8.555497930014969 28.568402560419546 0.0 23.60727266036167 44.0 23.272727272727266 1.4685772678168236 1.0158776072768176 3.9592310638267834 0.0 25.16905258271956 175.0 5.851428571428562 1.4821718997126845 3.7743625924153417 41.78745222094094 0.0 29.348448643212514 638.0 1.6050156739811945 24.07319097332853 10.878977035411614 36.9901087825193 0.0 13.537096399266316 42.0 24.380952380952376 0.67316311656262 1.058939836325291 4.365364986724842 0.0 29.23826360004977 667.0 1.535232383808098 1.4169618569110516 3.4117222292526472 32.874741622928155 0.0 29.45164062088824 644.0 1.5900621118012397 26.413959054522664 9.991545507772553 41.631810312897706 0.0 9.48347659176922 38.0 26.947368421052634 0.6580914509313256 1.0264785295261905 3.5217069291965686 0.0 29.384316693613304 680.0 1.505882352941178 1.3946511866458113 3.502690858301952 45.01462284090048 0.0 29.345482224521774 641.0 1.5975039001560107 28.13662262744742 5.58675950686399 35.76295777937128 0.0 7.64368178375316 36.0 28.44444444444444 0.6977944404766012 1.0905571814145025 4.365364986724842 0.0 29.32950224089589 666.0 1.5375375375375404 1.386498302155125 1.3236698791589954 4.6261065484396156 0.0 27.282559182443606 129.0 7.937984496124019 1.4278042392120356 2.9721317678608954 13.834661177334347 0.0 11.799351533423145 127.0 8.062992125984263 1.2737182749986489 0.9786020259594406 3.7329551224607807 0.0 25.52115293892603 130.0 7.876923076923095 1.5582140582540545 1.2425370714137487 4.6261065484396156 0.0 27.526677204650884 127.0 8.062992125984264 1.492271093246803 3.1079270078158348 13.241912419968985 0.0 11.39426912428862 120.0 8.53333333333332 1.149953031089408 0.943596582159622 3.332808309342373 0.0 26.78589658004509 162.0 6.320987654320973 1.574732060740688 1.336446942866698 5.6352774948562505 0.0 27.13717180018406 119.0 8.605042016806708 2.026072362420017 4.959733932606303 24.628416408678792 0.0 19.60407042041317 90.0 11.377777777777773 1.31644194094743 1.224846486505168 9.03331637327093 0.0 25.81036202915293 133.0 7.6992481203007515 
217.0005150327869 1.6395882967142472 1.2467775169408373 4.6261065484396156 0.0 25.907005646039455 107.0 9.570093457943923 3.056263059684581 4.12259513383657 13.834661177334347 0.0 15.970947686880438 51.0 20.078431372549026 1.3246991553798906 0.9281394053322238 3.4836138576524758 0.0 26.000875782667034 126.0 8.126984126984144 1.6779444540381732 1.265792063611398 4.6261065484396156 0.0 26.691066567848555 111.0 9.225225225225216 3.215174161356519 4.115440220494991 13.241912419968985 0.0 16.309553926498698 49.0 20.89795918367347 1.3805520317323579 0.8784111869102235 3.332808309342373 0.0 26.119905448281568 133.0 7.6992481203007515 1.7041079334157527 1.3506825590125637 5.6352774948562505 0.0 27.650269233330405 110.0 9.309090909090905 3.8649473481133176 6.466106547867601 24.628416408678792 0.0 21.257994108536618 46.0 22.260869565217398 1.410342496680556 0.9965322428027106 3.6016230121356916 0.0 26.215785468000025 126.0 8.126984126984144 0.0 0.0 0.0 0.0 0.0 1.0 1024.0 0.0 0.0 0.0 0.0 0.0 37.0 27.675675675675677 0.0 0.0 0.0 0.0 0.0 1.0 1024.0 0.0 0.0 0.0 0.0 0.0 1.0 1024.0 0.0 0.0 0.0 0.0 0.0 37.0 27.675675675675677 0.0 0.0 0.0 0.0 0.0 1.0 1024.0 0.0 0.0 0.0 0.0 0.0 1.0 1024.0 0.0 0.0 0.0 0.0 0.0 37.0 27.675675675675677 0.0 0.0 0.0 0.0 0.0 1.0 1024.0 1.7722627135583962 1.2119564232431175 4.805157531375327 0.0 25.532667035984034 152.0 6.736842105263155 4.58106600659779 4.752829121290701 15.074033345448699 0.0 19.31325074437748 51.0 20.078431372549023 1.3834532845382594 0.9662471048660553 3.4864782878754865 0.0 25.306913250458557 179.0 5.720670391061458 1.6991100769199954 1.2140762376122727 4.805157531375327 0.0 26.18490363523283 162.0 6.3209876543209775 4.623389552209654 4.626418050729 15.166946884958433 0.0 19.60975946760939 50.0 20.48 1.3614056653013034 0.9265244857932537 3.355582661291501 0.0 25.771921073685526 195.0 5.251282051282048 1.8416953106316925 1.3652741779278526 5.869339320126588 0.0 26.37770289650805 145.0 7.06206896551723 6.599812247510329 8.555497930014969 28.568402560419546 0.0 23.60727266036167 44.0 23.272727272727266 1.4685772678168236 1.0158776072768176 3.9592310638267834 0.0 25.16905258271956 175.0 5.851428571428562 1.4821718997126845 3.7743625924153417 41.78745222094094 0.0 29.348448643212514 638.0 1.6050156739811945 24.07319097332853 10.878977035411614 36.9901087825193 0.0 13.537096399266316 42.0 24.380952380952376 0.67316311656262 1.058939836325291 4.365364986724842 0.0 29.23826360004977 667.0 1.535232383808098 1.4169618569110516 3.4117222292526472 32.874741622928155 0.0 29.45164062088824 644.0 1.5900621118012397 26.413959054522664 9.991545507772553 41.631810312897706 0.0 9.48347659176922 38.0 26.947368421052634 0.6580914509313256 1.0264785295261905 3.5217069291965686 0.0 29.384316693613304 680.0 1.505882352941178 1.3946511866458113 3.502690858301952 45.01462284090048 0.0 29.345482224521774 641.0 1.5975039001560107 28.13662262744742 5.58675950686399 35.76295777937128 0.0 7.64368178375316 36.0 28.44444444444444 0.6977944404766012 1.0905571814145025 4.365364986724842 0.0 29.32950224089589 666.0 1.5375375375375404 1.5160500172036648 1.3053314082484484 4.6261065484396156 0.0 26.669552088448775 120.0 8.533333333333317 1.4688934846481156 3.11586074624308 13.834661177334347 0.0 12.047187650022257 116.0 8.827586206896546 1.3059885957271378 0.9791235154653095 3.7329551224607807 0.0 25.557958418916467 127.0 8.062992125984264 1.5368207869960542 1.2315501237007382 4.6261065484396156 0.0 27.43078662867146 125.0 8.191999999999993 1.5921349786266341 3.202757920188014 13.241912419968985 0.0 11.802861232264789 106.0 9.660377358490567 1.16904564999298 0.9262181691352788 3.332808309342373 0.0 26.83547336666954 162.0 6.320987654320977 1.558728351590013 1.3425792646837489 5.6352774948562505 0.0 27.008312297214907 119.0 8.605042016806706 2.1825034764713496 5.162746584713218 24.628416408678792 0.0 22.094479461496714 82.0 12.487804878048774 1.321178903711628 1.2235538885227422 9.03331637327093 0.0 25.64363428780958 131.0 7.81679389312976 
218.0005150327869 1.6395882967142472 1.2467775169408373 4.6261065484396156 0.0 25.907005646039455 107.0 9.570093457943923 3.056263059684581 4.12259513383657 13.834661177334347 0.0 15.970947686880438 51.0 20.078431372549026 1.3246991553798906 0.9281394053322238 3.4836138576524758 0.0 26.000875782667034 126.0 8.126984126984144 1.6780331403528335 1.2657002785502314 4.6261065484396156 0.0 26.69119180728486 111.0 9.225225225225216 3.215174161356519 4.115440220494991 13.241912419968985 0.0 16.309553926498698 49.0 20.89795918367347 1.3805520317323579 0.8784111869102235 3.332808309342373 0.0 26.119905448281568 133.0 7.6992481203007515 1.7041079334157527 1.3506825590125637 5.6352774948562505 0.0 27.650269233330405 110.0 9.309090909090905 3.8649473481133176 6.466106547867601 24.628416408678792 0.0 21.257994108536618 46.0 22.260869565217398 1.410342496680556 0.9965322428027106 3.6016230121356916 0.0 26.215785468000025 126.0 8.126984126984144 0.0 0.0 0.0 0.0 0.0 1.0 1024.0 0.0 0.0 0.0 0.0 0.0 37.0 27.675675675675677 0.0 0.0 0.0 0.0 0.0 1.0 1024.0 0.0 0.0 0.0 0.0 0.0 1.0 1024.0 0.0 0.0 0.0 0.0 0.0 37.0 27.675675675675677 0.0 0.0 0.0 0.0 0.0 1.0 1024.0 0.0 0.0 0.0 0.0 0.0 1.0 1024.0 0.0 0.0 0.0 0.0 0.0 37.0 27.675675675675677 0.0 0.0 0.0 0.0 0.0 1.0 1024.0 1.779887364544602 1.2045560801433555 4.805157531375327 0.0 25.552803550073158 152.0 6.736842105263159 4.58106600659779 4.752829121290701 15.074033345448699 0.0 19.31325074437748 51.0 20.078431372549023 1.3834532845382594 0.9662471048660553 3.4864782878754865 0.0 25.306913250458557 179.0 5.720670391061458 1.6991100769199954 1.2140762376122727 4.805157531375327 0.0 26.18490363523283 162.0 6.3209876543209775 4.623389552209654 4.626418050729 15.166946884958433 0.0 19.60975946760939 50.0 20.48 1.354348397107695 0.9293990974614237 3.355582661291501 0.0 25.84591843300591 196.0 5.224489795918362 1.8417870425246892 1.3652198883403412 5.869339320126588 0.0 26.378074011574054 145.0 7.06206896551723 6.599812247510329 8.555497930014969 28.568402560419546 0.0 23.60727266036167 44.0 23.272727272727266 1.4685772678168236 1.0158776072768176 3.9592310638267834 0.0 25.16905258271956 175.0 5.851428571428562 1.4821718997126845 3.7743625924153417 41.78745222094094 0.0 29.348448643212514 638.0 1.6050156739811945 24.07319097332853 10.878977035411614 36.9901087825193 0.0 13.537096399266316 42.0 24.380952380952376 0.67316311656262 1.058939836325291 4.365364986724842 0.0 29.23826360004977 667.0 1.535232383808098 1.4169618569110516 3.4117222292526472 32.874741622928155 0.0 29.45164062088824 644.0 1.5900621118012397 26.413959054522664 9.991545507772553 41.631810312897706 0.0 9.48347659176922 38.0 26.947368421052634 0.6580914509313256 1.0264785295261905 3.5217069291965686 0.0 29.384316693613304 680.0 1.505882352941178 1.3946511866458113 3.502690858301952 45.01462284090048 0.0 29.345482224521774 641.0 1.5975039001560107 28.13662262744742 5.58675950686399 35.76295777937128 0.0 7.64368178375316 36.0 28.44444444444444 0.6977944404766012 1.0905571814145025 4.365364986724842 0.0 29.32950224089589 666.0 1.5375375375375404 1.5413527814546333 1.29046664811739 4.6261065484396156 0.0 26.546506044285824 120.0 8.533333333333317 1.3546241711032811 3.019503472541119 13.834661177334347 0.0 11.595560026103017 125.0 8.191999999999993 1.243806488659141 0.9999743995548724 3.7329551224607807 0.0 25.760537018855153 132.0 7.757575757575764 1.4596818873537627 1.2792990697691031 4.6261065484396156 0.0 27.322800173602907 132.0 7.757575757575764 1.7952130124600312 3.3785123810959137 13.241912419968985 0.0 12.34540843254254 95.0 10.778947368421061 1.148291761925324 0.9331773758446809 3.332808309342373 0.0 26.76093188388993 162.0 6.320987654320976 1.509891332109145 1.3475639060183766 5.6352774948562505 0.0 27.330687982783957 123.0 8.32520325203253 2.3054180903325574 5.276084828658461 24.628416408678792 0.0 21.09327763902884 79.0 12.962025316455687 1.3158400371134893 1.2239584121977327 9.03331637327093 0.0 25.991199851834264 133.0 7.6992481203007515 
219.0005150327869 1.639563808622362 1.2467966647354136 4.6261065484396156 0.0 25.907193876171537 107.0 9.570093457943923 3.056263059684581 4.12259513383657 13.834661177334347 0.0 15.970947686880438 51.0 20.078431372549026 1.3246991553798906 0.9281394053322238 3.4836138576524758 0.0 26.000875782667034 126.0 8.126984126984144 1.6780700964255273 1.2656814176474953 4.6261065484396156 0.0 26.691174404450443 111.0 9.225225225225216 3.215174161356519 4.115440220494991 13.241912419968985 0.0 16.309553926498698 49.0 20.89795918367347 1.3805520317323579 0.8784111869102235 3.332808309342373 0.0 26.119905448281568 133.0 7.6992481203007515 1.7041079334157527 1.3506825590125637 5.6352774948562505 0.0 27.650269233330405 110.0 9.309090909090905 3.8649473481133176 6.466106547867601 24.628416408678792 0.0 21.257994108536618 46.0 22.260869565217398 1.410342496680556 0.9965322428027106 3.6016230121356916 0.0 26.215785468000025 126.0 8.126984126984144 0.0 0.0 0.0 0.0 0.0 1.0 1024.0 0.0 0.0 0.0 0.0 0.0 37.0 27.675675675675677 0.0 0.0 0.0 0.0 0.0 1.0 1024.0 0.0 0.0 0.0 0.0 0.0 1.0 1024.0 0.0 0.0 0.0 0.0 0.0 37.0 27.675675675675677 0.0 0.0 0.0 0.0 0.0 1.0 1024.0 0.0 0.0 0.0 0.0 0.0 1.0 1024.0 0.0 0.0 0.0 0.0 0.0 37.0 27.675675675675677 0.0 0.0 0.0 0.0 0.0 1.0 1024.0 1.7791492710214405 1.2047799354173694 4.805157531375327 0.0 25.561956014827473 152.0 6.736842105263155 4.58106600659779 4.752829121290701 15.074033345448699 0.0 19.31325074437748 51.0 20.078431372549023 1.3834532845382594 0.9662471048660553 3.4864782878754865 0.0 25.306913250458557 179.0 5.720670391061458 1.6991100769199954 1.2140762376122727 4.805157531375327 0.0 26.18490363523283 162.0 6.3209876543209775 4.623389552209654 4.626418050729 15.166946884958433 0.0 19.60975946760939 50.0 20.48 1.354348397107695 0.9293990974614237 3.355582661291501 0.0 25.84591843300591 196.0 5.224489795918362 1.841870231500387 1.3651702340599767 5.869339320126588 0.0 26.37843246813661 145.0 7.06206896551723 6.599812247510329 8.555497930014969 28.568402560419546 0.0 23.60727266036167 44.0 23.272727272727266 1.4685772678168236 1.0158776072768176 3.9592310638267834 0.0 25.16905258271956 175.0 5.851428571428562 1.4821718997126845 3.7743625924153417 41.78745222094094 0.0 29.348448643212514 638.0 1.6050156739811945 24.07319097332853 10.878977035411614 36.9901087825193 0.0 13.537096399266316 42.0 24.380952380952376 0.67316311656262 1.058939836325291 4.365364986724842 0.0 29.23826360004977 667.0 1.535232383808098 1.4169618569110516 3.4117222292526472 32.874741622928155 0.0 29.45164062088824 644.0 1.5900621118012397 26.413959054522664 9.991545507772553 41.631810312897706 0.0 9.48347659176922 38.0 26.947368421052634 0.6580914509313256 1.0264785295261905 3.5217069291965686 0.0 29.384316693613304 680.0 1.505882352941178 1.3946511866458113 3.502690858301952 45.01462284090048 0.0 29.345482224521774 641.0 1.5975039001560107 28.13662262744742 5.58675950686399 35.76295777937128 0.0 7.64368178375316 36.0 28.44444444444444 0.6977944404766012 1.0905571814145025 4.365364986724842 0.0 29.32950224089589 666.0 1.5375375375375404 1.5766847962519093 1.2939408607573817 4.6261065484396156 0.0 26.67031374244185 120.0 8.533333333333317 1.3738528636219134 3.016078799054982 13.834661177334347 0.0 11.367966049235289 121.0 8.462809917355386 1.2843437014703551 0.9968715367461585 3.7329551224607807 0.0 25.6779531799611 131.0 7.81679389312976 1.5774488935407316 1.2599948345548442 4.6261065484396156 0.0 27.175292488849443 126.0 8.126984126984144 1.7349294254168717 3.3644319864154566 13.241912419968985 0.0 12.57057588130604 93.0 11.01075268817205 1.1729494526226902 0.9346927674269172 3.332808309342373 0.0 26.7613020309356 159.0 6.440251572327046 1.448832853277109 1.3456519565000666 5.6352774948562505 0.0 27.596170363343145 129.0 7.937984496124019 2.029809817873048 5.009962106861012 24.628416408678792 0.0 18.26300609757616 89.0 11.505617977528075 1.2501898501032858 1.2245024276150083 9.03331637327093 0.0 26.377126513901253 139.0 7.366906474820135 
220.0005150327869 1.639563808622362 1.2467966647354136 4.6261065484396156 0.0 25.907193876171537 107.0 9.570093457943923 3.056263059684581 4.12259513383657 13.834661177334347 0.0 15.970947686880438 51.0 20.078431372549026 1.3246991553798906 0.9281394053322238 3.4836138576524758 0.0 26.000875782667034 126.0 8.126984126984144 1.6780700964255273 1.2656814176474953 4.6261065484396156 0.0 26.691174404450443 111.0 9.225225225225216 3.215174161356519 4.115440220494991 13.241912419968985 0.0 16.309553926498698 49.0 20.89795918367347 1.3805520317323579 0.8784111869102235 3.332808309342373 0.0 26.119905448281568 133.0 7.6992481203007515 1.7041079334157527 1.3506825590125637 5.6352774948562505 0.0 27.650269233330405 110.0 9.309090909090905 3.8649473481133176 6.466106547867601 24.628416408678792 0.0 21.257994108536618 46.0 22.260869565217398 1.410342496680556 0.9965322428027106 3.6016230121356916 0.0 26.215785468000025 126.0 8.126984126984144 0.0 0.0 0.0 0.0 0.0 1.0 1024.0 0.0 0.0 0.0 0.0 0.0 37.0 27.675675675675677 0.0 0.0 0.0 0.0 0.0 1.0 1024.0 0.0 0.0 0.0 0.0 0.0 1.0 1024.0 0.0 0.0 0.0 0.0 0.0 37.0 27.675675675675677 0.0 0.0 0.0 0.0 0.0 1.0 1024.0 0.0 0.0 0.0 0.0 0.0 1.0 1024.0 0.0 0.0 0.0 0.0 0.0 37.0 27.675675675675677 0.0 0.0 0.0 0.0 0.0 1.0 1024.0 1.788911520123497 1.2022412171433368 4.805157531375327 0.0 25.46896302620809 151.0 6.7814569536423885 4.58106600659779 4.752829121290701 15.074033345448699 0.0 19.31325074437748 51.0 20.078431372549023 1.3834532845382594 0.9662471048660553 3.4864782878754865 0.0 25.306913250458557 179.0 5.720670391061458 1.6991100769199954 1.2140762376122727 4.805157531375327 0.0 26.18490363523283 162.0 6.3209876543209775 4.623389552209654 4.626418050729 15.166946884958433 0.0 19.60975946760939 50.0 20.48 1.3543040143471565 0.9294526860315832 3.355582661291501 0.0 25.84622910632872 196.0 5.224489795918362 1.841870231500387 1.3651702340599767 5.869339320126588 0.0 26.37843246813661 145.0 7.06206896551723 6.599812247510329 8.555497930014969 28.568402560419546 0.0 23.60727266036167 44.0 23.272727272727266 1.4685772678168236 1.0158776072768176 3.9592310638267834 0.0 25.16905258271956 175.0 5.851428571428562 1.4821718997126845 3.7743625924153417 41.78745222094094 0.0 29.348448643212514 638.0 1.6050156739811945 24.07319097332853 10.878977035411614 36.9901087825193 0.0 13.537096399266316 42.0 24.380952380952376 0.67316311656262 1.058939836325291 4.365364986724842 0.0 29.23826360004977 667.0 1.535232383808098 1.4169618569110516 3.4117222292526472 32.874741622928155 0.0 29.45164062088824 644.0 1.5900621118012397 26.413959054522664 9.991545507772553 41.631810312897706 0.0 9.48347659176922 38.0 26.947368421052634 0.6580914509313256 1.0264785295261905 3.5217069291965686 0.0 29.384316693613304 680.0 1.505882352941178 1.3946511866458113 3.502690858301952 45.01462284090048 0.0 29.345482224521774 641.0 1.5975039001560107 28.13662262744742 5.58675950686399 35.76295777937128 0.0 7.64368178375316 36.0 28.44444444444444 0.6977944404766012 1.0905571814145025 4.365364986724842 0.0 29.32950224089589 666.0 1.5375375375375404 1.646539044678139 1.2775479656484807 4.6261065484396156 0.0 25.47216558346775 111.0 9.225225225225214 1.53894308177831 3.217104756840425 13.834661177334347 0.0 12.292187808731256 102.0 10.039215686274504 1.2876065894878639 0.9897249236887604 3.770848121471317 0.0 25.578126790809915 129.0 7.937984496124019 1.592462150695059 1.2633866437684935 4.6261065484396156 0.0 26.908591803613852 124.0 8.25806451612904 1.830684267774087 3.394406221604655 13.241912419968985 0.0 12.677463338106731 91.0 11.252747252747248 1.1915226845512368 0.9257860125598596 3.332808309342373 0.0 26.714457762664352 154.0 6.649350649350648 1.5755227188424332 1.326668249884852 5.6352774948562505 0.0 27.237127124201013 119.0 8.605042016806706 2.3727099586866074 5.349945837650987 24.628416408678792 0.0 19.553116376653854 76.0 13.473684210526326 1.3180419504974001 1.226361494874449 9.03331637327093 0.0 25.958911399180685 132.0 7.757575757575764 
221.0005150327869 1.639563808622362 1.2467966647354136 4.6261065484396156 0.0 25.907193876171537 107.0 9.570093457943923 3.056263059684581 4.12259513383657 13.834661177334347 0.0 15.970947686880438 51.0 20.078431372549026 1.3246991553798906 0.9281394053322238 3.4836138576524758 0.0 26.000875782667034 126.0 8.126984126984144 1.6774694661620047 1.266158391616397 4.6261065484396156 0.0 26.69198223921138 111.0 9.225225225225216 3.215174161356519 4.115440220494991 13.241912419968985 0.0 16.309553926498698 49.0 20.89795918367347 1.3805520317323579 0.8784111869102235 3.332808309342373 0.0 26.119905448281568 133.0 7.6992481203007515 1.7041079334157527 1.3506825590125637 5.6352774948562505 0.0 27.650269233330405 110.0 9.309090909090905 3.8649473481133176 6.466106547867601 24.628416408678792 0.0 21.257994108536618 46.0 22.260869565217398 1.410342496680556 0.9965322428027106 3.6016230121356916 0.0 26.215785468000025 126.0 8.126984126984144 0.0 0.0 0.0 0.0 0.0 1.0 1024.0 0.0 0.0 0.0 0.0 0.0 37.0 27.675675675675677 0.0 0.0 0.0 0.0 0.0 1.0 1024.0 0.0 0.0 0.0 0.0 0.0 1.0 1024.0 0.0 0.0 0.0 0.0 0.0 37.0 27.675675675675677 0.0 0.0 0.0 0.0 0.0 1.0 1024.0 0.0 0.0 0.0 0.0 0.0 1.0 1024.0 0.0 0.0 0.0 0.0 0.0 37.0 27.675675675675677 0.0 0.0 0.0 0.0 0.0 1.0 1024.0 1.787510432301289 1.2035683621445346 4.805157531375327 0.0 25.46543374943482 151.0 6.7814569536423885 4.58106600659779 4.752829121290701 15.074033345448699 0.0 19.31325074437748 51.0 20.078431372549023 1.3834532845382594 0.9662471048660553 3.4864782878754865 0.0 25.306913250458557 179.0 5.720670391061458 1.6991100769199954 1.2140762376122727 4.805157531375327 0.0 26.18490363523283 162.0 6.3209876543209775 4.623389552209654 4.626418050729 15.166946884958433 0.0 19.60975946760939 50.0 20.48 1.3543040143471565 0.9294526860315832 3.355582661291501 0.0 25.84622910632872 196.0 5.224489795918362 1.841870231500387 1.3651702340599767 5.869339320126588 0.0 26.37843246813661 145.0 7.06206896551723 6.599812247510329 8.555497930014969 28.568402560419546 0.0 23.60727266036167 44.0 23.272727272727266 1.4685772678168236 1.0158776072768176 3.9592310638267834 0.0 25.16905258271956 175.0 5.851428571428562 1.4821718997126845 3.7743625924153417 41.78745222094094 0.0 29.348448643212514 638.0 1.6050156739811945 24.07319097332853 10.878977035411614 36.9901087825193 0.0 13.537096399266316 42.0 24.380952380952376 0.67316311656262 1.058939836325291 4.365364986724842 0.0 29.23826360004977 667.0 1.535232383808098 1.4169618569110516 3.4117222292526472 32.874741622928155 0.0 29.45164062088824 644.0 1.5900621118012397 26.413959054522664 9.991545507772553 41.631810312897706 0.0 9.48347659176922 38.0 26.947368421052634 0.6580914509313256 1.0264785295261905 3.5217069291965686 0.0 29.384316693613304 680.0 1.505882352941178 1.3946511866458113 3.502690858301952 45.01462284090048 0.0 29.345482224521774 641.0 1.5975039001560107 28.13662262744742 5.58675950686399 35.76295777937128 0.0 7.64368178375316 36.0 28.44444444444444 0.6977944404766012 1.0905571814145025 4.365364986724842 0.0 29.32950224089589 666.0 1.5375375375375404 1.6204702404004865 1.2493205270668812 4.6261065484396156 0.0 25.56037993879314 108.0 9.481481481481493 1.4470434206929035 3.1429762513109107 13.834661177334347 0.0 12.105191878515212 107.0 9.570093457943923 1.293643646989509 0.9902425093838114 3.770848121471317 0.0 25.550251610676824 129.0 7.937984496124019 1.6316159388907043 1.246675617266649 4.6261065484396156 0.0 26.968014613757916 117.0 8.752136752136739 1.844912955031427 3.416890165053594 13.241912419968985 0.0 12.767697207983149 89.0 11.50561797752808 1.190061979862001 0.9484745622360257 3.332808309342373 0.0 26.78833037840454 158.0 6.481012658227855 1.6389087846705028 1.317462659827034 5.6352774948562505 0.0 27.055139811671843 115.0 8.904347826086951 2.6286699213519604 5.5956474328695585 24.628416408678792 0.0 18.107168541802686 68.0 15.058823529411761 1.3735943627138383 1.214550947553889 9.03331637327093 0.0 25.669030683958226 128.0 8.0 
222.0005150327869 1.6395398282287683 1.2468144816988094 4.6261065484396156 0.0 25.907377058772806 107.0 9.570093457943923 3.056263059684581 4.12259513383657 13.834661177334347 0.0 15.970947686880438 51.0 20.078431372549026 1.3246991553798906 0.9281394053322238 3.4836138576524758 0.0 26.000875782667034 126.0 8.126984126984144 1.6774880383604829 1.266145178023938 4.6261065484396156 0.0 26.691810645841777 111.0 9.225225225225216 3.215174161356519 4.115440220494991 13.241912419968985 0.0 16.309553926498698 49.0 20.89795918367347 1.3805520317323579 0.8784111869102235 3.332808309342373 0.0 26.119905448281568 133.0 7.6992481203007515 1.7041079334157527 1.3506825590125637 5.6352774948562505 0.0 27.650269233330405 110.0 9.309090909090905 3.8649473481133176 6.466106547867601 24.628416408678792 0.0 21.257994108536618 46.0 22.260869565217398 1.410342496680556 0.9965322428027106 3.6016230121356916 0.0 26.215785468000025 126.0 8.126984126984144 0.0 0.0 0.0 0.0 0.0 1.0 1024.0 0.0 0.0 0.0 0.0 0.0 37.0 27.675675675675677 0.0 0.0 0.0 0.0 0.0 1.0 1024.0 0.0 0.0 0.0 0.0 0.0 1.0 1024.0 0.0 0.0 0.0 0.0 0.0 37.0 27.675675675675677 0.0 0.0 0.0 0.0 0.0 1.0 1024.0 0.0 0.0 0.0 0.0 0.0 1.0 1024.0 0.0 0.0 0.0 0.0 0.0 37.0 27.675675675675677 0.0 0.0 0.0 0.0 0.0 1.0 1024.0 1.7855185611077995 1.205525445691485 4.805157531375327 0.0 25.46172963607439 151.0 6.781456953642387 4.58106600659779 4.752829121290701 15.074033345448699 0.0 19.31325074437748 51.0 20.078431372549023 1.3834532845382594 0.9662471048660553 3.4864782878754865 0.0 25.306913250458557 179.0 5.720670391061458 1.6991100769199954 1.2140762376122727 4.805157531375327 0.0 26.18490363523283 162.0 6.3209876543209775 4.623389552209654 4.626418050729 15.166946884958433 0.0 19.60975946760939 50.0 20.48 1.3543040143471565 0.9294526860315832 3.355582661291501 0.0 25.84622910632872 196.0 5.224489795918362 1.841870231500387 1.3651702340599767 5.869339320126588 0.0 26.37843246813661 145.0 7.06206896551723 6.599812247510329 8.555497930014969 28.568402560419546 0.0 23.60727266036167 44.0 23.272727272727266 1.4685772678168236 1.0158776072768176 3.9592310638267834 0.0 25.16905258271956 175.0 5.851428571428562 1.4821718997126845 3.7743625924153417 41.78745222094094 0.0 29.348448643212514 638.0 1.6050156739811945 24.07319097332853 10.878977035411614 36.9901087825193 0.0 13.537096399266316 42.0 24.380952380952376 0.67316311656262 1.058939836325291 4.365364986724842 0.0 29.23826360004977 667.0 1.535232383808098 1.4169618569110516 3.4117222292526472 32.874741622928155 0.0 29.45164062088824 644.0 1.5900621118012397 26.413959054522664 9.991545507772553 41.631810312897706 0.0 9.48347659176922 38.0 26.947368421052634 0.6580914509313256 1.0264785295261905 3.5217069291965686 0.0 29.384316693613304 680.0 1.505882352941178 1.3946511866458113 3.502690858301952 45.01462284090048 0.0 29.345482224521774 641.0 1.5975039001560107 28.13662262744742 5.58675950686399 35.76295777937128 0.0 7.64368178375316 36.0 28.44444444444444 0.6977944404766012 1.0905571814145025 4.365364986724842 0.0 29.32950224089589 666.0 1.5375375375375404 1.5142064208643453 1.274014032845474 4.6261065484396156 0.0 26.330335355992144 115.0 8.904347826086951 1.4941172848591573 3.1157280716756217 13.834661177334347 0.0 11.621018197935772 112.0 9.142857142857132 1.2338998935923986 1.0025774510846774 3.770848121471317 0.0 25.7650911834007 133.0 7.6992481203007515 1.4808932280444833 1.2825954246884976 4.6261065484396156 0.0 27.521454200548284 129.0 7.937984496124019 1.4993911879171187 3.1893359778883914 13.241912419968985 0.0 11.8163614724449 107.0 9.570093457943923 1.2086713317944164 0.9347441659757675 3.332808309342373 0.0 26.79727871132011 155.0 6.606451612903221 1.548966184419792 1.3354828223196513 5.6352774948562505 0.0 27.434342024690572 121.0 8.46280991735539 2.6368523079525956 5.591977598984294 24.628416408678792 0.0 18.127987231125804 68.0 15.058823529411761 1.3056958110152852 1.2222900766307263 9.135349358920005 0.0 26.145439239862064 135.0 7.585185185185177 
223.0005150327869 1.6394858859354478 1.2468706559184668 4.6261065484396156 0.0 25.90756952084267 107.0 9.570093457943923 3.056263059684581 4.12259513383657 13.834661177334347 0.0 15.970947686880438 51.0 20.078431372549026 1.3246991553798906 0.9281394053322238 3.4836138576524758 0.0 26.000875782667034 126.0 8.126984126984144 1.6774880383604829 1.266145178023938 4.6261065484396156 0.0 26.691810645841777 111.0 9.225225225225216 3.215174161356519 4.115440220494991 13.241912419968985 0.0 16.309553926498698 49.0 20.89795918367347 1.3805520317323579 0.8784111869102235 3.332808309342373 0.0 26.119905448281568 133.0 7.6992481203007515 1.7041079334157527 1.3506825590125637 5.6352774948562505 0.0 27.650269233330405 110.0 9.309090909090905 3.8649473481133176 6.466106547867601 24.628416408678792 0.0 21.257994108536618 46.0 22.260869565217398 1.410342496680556 0.9965322428027106 3.6016230121356916 0.0 26.215785468000025 126.0 8.126984126984144 0.0 0.0 0.0 0.0 0.0 1.0 1024.0 0.0 0.0 0.0 0.0 0.0 37.0 27.675675675675677 0.0 0.0 0.0 0.0 0.0 1.0 1024.0 0.0 0.0 0.0 0.0 0.0 1.0 1024.0 0.0 0.0 0.0 0.0 0.0 37.0 27.675675675675677 0.0 0.0 0.0 0.0 0.0 1.0 1024.0 0.0 0.0 0.0 0.0 0.0 1.0 1024.0 0.0 0.0 0.0 0.0 0.0 37.0 27.675675675675677 0.0 0.0 0.0 0.0 0.0 1.0 1024.0 1.77412406562326 1.2098067738110032 4.805157531375327 0.0 25.539274928315024 152.0 6.736842105263155 4.58106600659779 4.752829121290701 15.074033345448699 0.0 19.31325074437748 51.0 20.078431372549023 1.3834532845382594 0.9662471048660553 3.4864782878754865 0.0 25.306913250458557 179.0 5.720670391061458 1.6991100769199954 1.2140762376122727 4.805157531375327 0.0 26.18490363523283 162.0 6.3209876543209775 4.623389552209654 4.626418050729 15.166946884958433 0.0 19.60975946760939 50.0 20.48 1.3543040143471565 0.9294526860315832 3.355582661291501 0.0 25.84622910632872 196.0 5.224489795918362 1.841870231500387 1.3651702340599767 5.869339320126588 0.0 26.37843246813661 145.0 7.06206896551723 6.599812247510329 8.555497930014969 28.568402560419546 0.0 23.60727266036167 44.0 23.272727272727266 1.4685772678168236 1.0158776072768176 3.9592310638267834 0.0 25.16905258271956 175.0 5.851428571428562 1.4821718997126845 3.7743625924153417 41.78745222094094 0.0 29.348448643212514 638.0 1.6050156739811945 24.07319097332853 10.878977035411614 36.9901087825193 0.0 13.537096399266316 42.0 24.380952380952376 0.67316311656262 1.058939836325291 4.365364986724842 0.0 29.23826360004977 667.0 1.535232383808098 1.4169618569110516 3.4117222292526472 32.874741622928155 0.0 29.45164062088824 644.0 1.5900621118012397 26.413959054522664 9.991545507772553 41.631810312897706 0.0 9.48347659176922 38.0 26.947368421052634 0.6580914509313256 1.0264785295261905 3.5217069291965686 0.0 29.384316693613304 680.0 1.505882352941178 1.3946511866458113 3.502690858301952 45.01462284090048 0.0 29.345482224521774 641.0 1.5975039001560107 28.13662262744742 5.58675950686399 35.76295777937128 0.0 7.64368178375316 36.0 28.44444444444444 0.6977944404766012 1.0905571814145025 4.365364986724842 0.0 29.32950224089589 666.0 1.5375375375375404 1.5806271127771705 1.251659650989565 4.6261065484396156 0.0 25.796625484043595 111.0 9.225225225225214 1.8212746538598292 3.4400268425802967 13.834661177334347 0.0 12.663306289560346 89.0 11.50561797752808 1.2338301295491423 0.9986769766701212 3.770848121471317 0.0 25.693772339486003 133.0 7.6992481203007515 1.5558380326343761 1.2690971805864009 4.6261065484396156 0.0 26.98369777043866 125.0 8.191999999999993 1.79704023265906 3.418893226840398 13.241912419968985 0.0 12.829323382369738 89.0 11.505617977528077 1.155784971928141 0.9432704285727324 3.332808309342373 0.0 26.91931628267048 161.0 6.36024844720496 1.5006788069509365 1.3406973486748248 5.6352774948562505 0.0 27.65617489539376 125.0 8.191999999999993 2.9284571919687465 5.837470150305701 24.628416408678792 0.0 18.961085765233104 61.0 16.786885245901637 1.2654048671214626 1.2262542830040084 9.147199460573642 0.0 26.48350172055677 139.0 7.366906474820135 
224.0005150327869 1.6394858859354478 1.2468706559184668 4.6261065484396156 0.0 25.90756952084267 107.0 9.570093457943923 3.056263059684581 4.12259513383657 13.834661177334347 0.0 15.970947686880438 51.0 20.078431372549026 1.3246991553798906 0.9281394053322238 3.4836138576524758 0.0 26.000875782667034 126.0 8.126984126984144 1.6774531712707577 1.2661877219402962 4.6261065484396156 0.0 26.691686619981123 111.0 9.225225225225216 3.215174161356519 4.115440220494991 13.241912419968985 0.0 16.309553926498698 49.0 20.89795918367347 1.3805520317323579 0.8784111869102235 3.332808309342373 0.0 26.119905448281568 133.0 7.6992481203007515 1.7041079334157527 1.3506825590125637 5.6352774948562505 0.0 27.650269233330405 110.0 9.309090909090905 3.8649473481133176 6.466106547867601 24.628416408678792 0.0 21.257994108536618 46.0 22.260869565217398 1.410342496680556 0.9965322428027106 3.6016230121356916 0.0 26.215785468000025 126.0 8.126984126984144 0.0 0.0 0.0 0.0 0.0 1.0 1024.0 0.0 0.0 0.0 0.0 0.0 37.0 27.675675675675677 0.0 0.0 0.0 0.0 0.0 1.0 1024.0 0.0 0.0 0.0 0.0 0.0 1.0 1024.0 0.0 0.0 0.0 0.0 0.0 37.0 27.675675675675677 0.0 0.0 0.0 0.0 0.0 1.0 1024.0 0.0 0.0 0.0 0.0 0.0 1.0 1024.0 0.0 0.0 0.0 0.0 0.0 37.0 27.675675675675677 0.0 0.0 0.0 0.0 0.0 1.0 1024.0 1.7856323591519143 1.205349638195883 4.805157531375327 0.0 25.456128587823436 151.0 6.7814569536423885 4.58106600659779 4.752829121290701 15.074033345448699 0.0 19.31325074437748 51.0 20.078431372549023 1.3834532845382594 0.9662471048660553 3.4864782878754865 0.0 25.306913250458557 179.0 5.720670391061458 1.6991100769199954 1.2140762376122727 4.805157531375327 0.0 26.18490363523283 162.0 6.3209876543209775 4.623389552209654 4.626418050729 15.166946884958433 0.0 19.60975946760939 50.0 20.48 1.3543040143471565 0.9294526860315832 3.355582661291501 0.0 25.84622910632872 196.0 5.224489795918362 1.841870231500387 1.3651702340599767 5.869339320126588 0.0 26.37843246813661 145.0 7.06206896551723 6.599812247510329 8.555497930014969 28.568402560419546 0.0 23.60727266036167 44.0 23.272727272727266 1.4685772678168236 1.0158776072768176 3.9592310638267834 0.0 25.16905258271956 175.0 5.851428571428562 1.4821718997126845 3.7743625924153417 41.78745222094094 0.0 29.348448643212514 638.0 1.6050156739811945 24.07319097332853 10.878977035411614 36.9901087825193 0.0 13.537096399266316 42.0 24.380952380952376 0.67316311656262 1.058939836325291 4.365364986724842 0.0 29.23826360004977 667.0 1.535232383808098 1.4169618569110516 3.4117222292526472 32.874741622928155 0.0 29.45164062088824 644.0 1.5900621118012397 26.413959054522664 9.991545507772553 41.631810312897706 0.0 9.48347659176922 38.0 26.947368421052634 0.6580914509313256 1.0264785295261905 3.5217069291965686 0.0 29.384316693613304 680.0 1.505882352941178 1.3946511866458113 3.502690858301952 45.01462284090048 0.0 29.345482224521774 641.0 1.5975039001560107 28.13662262744742 5.58675950686399 35.76295777937128 0.0 7.64368178375316 36.0 28.44444444444444 0.6977944404766012 1.0905571814145025 4.365364986724842 0.0 29.32950224089589 666.0 1.5375375375375404 1.6729367217770303 1.2527082785313395 4.6261065484396156 0.0 24.83072376995559 105.0 9.75238095238094 1.6407827480232906 3.304381677847633 13.834661177334347 0.0 12.18528559228802 99.0 10.343434343434337 1.2350602742932983 0.9976062276020039 3.770848121471317 0.0 25.75138939663541 133.0 7.6992481203007515 1.5528966211139041 1.2612077350833506 4.6261065484396156 0.0 27.104855333736797 123.0 8.32520325203253 2.2433928556514484 3.6964491653453875 13.241912419968985 0.0 14.068303397657079 71.0 14.42253521126761 1.2240078929815559 0.9261460261328033 3.332808309342373 0.0 26.75845183046136 152.0 6.736842105263151 1.6137093706185859 1.3190895224602064 5.6352774948562505 0.0 27.223680458404882 117.0 8.752136752136737 3.0823476550190736 5.9481219783942185 24.628416408678792 0.0 19.355161797538152 58.0 17.655172413793107 1.3672180619156873 1.1990799364207494 8.752891193293076 0.0 25.761071836001832 128.0 8.0 
225.0005150327869 1.6394858859354478 1.2468706559184668 4.6261065484396156 0.0 25.90756952084267 107.0 9.570093457943923 3.056263059684581 4.12259513383657 13.834661177334347 0.0 15.970947686880438 51.0 20.078431372549026 1.3246991553798906 0.9281394053322238 3.4836138576524758 0.0 26.000875782667034 126.0 8.126984126984144 1.677397464324961 1.266253086093575 4.6261065484396156 0.0 26.69153631176044 111.0 9.225225225225216 3.215174161356519 4.115440220494991 13.241912419968985 0.0 16.309553926498698 49.0 20.89795918367347 1.3805520317323579 0.8784111869102235 3.332808309342373 0.0 26.119905448281568 133.0 7.6992481203007515 1.7041079334157527 1.3506825590125637 5.6352774948562505 0.0 27.650269233330405 110.0 9.309090909090905 3.8649473481133176 6.466106547867601 24.628416408678792 0.0 21.257994108536618 46.0 22.260869565217398 1.410342496680556 0.9965322428027106 3.6016230121356916 0.0 26.215785468000025 126.0 8.126984126984144 0.0 0.0 0.0 0.0 0.0 1.0 1024.0 0.0 0.0 0.0 0.0 0.0 37.0 27.675675675675677 0.0 0.0 0.0 0.0 0.0 1.0 1024.0 0.0 0.0 0.0 0.0 0.0 1.0 1024.0 0.0 0.0 0.0 0.0 0.0 37.0 27.675675675675677 0.0 0.0 0.0 0.0 0.0 1.0 1024.0 0.0 0.0 0.0 0.0 0.0 1.0 1024.0 0.0 0.0 0.0 0.0 0.0 37.0 27.675675675675677 0.0 0.0 0.0 0.0 0.0 1.0 1024.0 1.7856323591519143 1.205349638195883 4.805157531375327 0.0 25.456128587823436 151.0 6.7814569536423885 4.58106600659779 4.752829121290701 15.074033345448699 0.0 19.31325074437748 51.0 20.078431372549023 1.3834532845382594 0.9662471048660553 3.4864782878754865 0.0 25.306913250458557 179.0 5.720670391061458 1.6991100769199954 1.2140762376122727 4.805157531375327 0.0 26.18490363523283 162.0 6.3209876543209775 4.623389552209654 4.626418050729 15.166946884958433 0.0 19.60975946760939 50.0 20.48 1.3543040143471565 0.9294526860315832 3.355582661291501 0.0 25.84622910632872 196.0 5.224489795918362 1.841870231500387 1.3651702340599767 5.869339320126588 0.0 26.37843246813661 145.0 7.06206896551723 6.599812247510329 8.555497930014969 28.568402560419546 0.0 23.60727266036167 44.0 23.272727272727266 1.4685772678168236 1.0158776072768176 3.9592310638267834 0.0 25.16905258271956 175.0 5.851428571428562 1.4821718997126845 3.7743625924153417 41.78745222094094 0.0 29.348448643212514 638.0 1.6050156739811945 24.07319097332853 10.878977035411614 36.9901087825193 0.0 13.537096399266316 42.0 24.380952380952376 0.67316311656262 1.058939836325291 4.365364986724842 0.0 29.23826360004977 667.0 1.535232383808098 1.4169618569110516 3.4117222292526472 32.874741622928155 0.0 29.45164062088824 644.0 1.5900621118012397 26.413959054522664 9.991545507772553 41.631810312897706 0.0 9.48347659176922 38.0 26.947368421052634 0.6580914509313256 1.0264785295261905 3.5217069291965686 0.0 29.384316693613304 680.0 1.505882352941178 1.3946511866458113 3.502690858301952 45.01462284090048 0.0 29.345482224521774 641.0 1.5975039001560107 28.13662262744742 5.58675950686399 35.76295777937128 0.0 7.64368178375316 36.0 28.44444444444444 0.6977944404766012 1.0905571814145025 4.365364986724842 0.0 29.32950224089589 666.0 1.5375375375375404 1.622520984271017 1.2528163846280571 4.6261065484396156 0.0 25.22443762073796 106.0 9.660377358490567 1.795096687595866 3.4076700119559264 13.834661177334347 0.0 12.630056504055933 91.0 11.252747252747248 1.2722749382171552 0.987912910925592 3.770848121471317 0.0 25.64268925983569 130.0 7.876923076923095 1.6288455223536442 1.2489898151597532 4.6261065484396156 0.0 26.94123486187152 117.0 8.752136752136739 2.3969460118828434 3.790966227460042 13.241912419968985 0.0 14.55617632992201 66.0 15.515151515151523 1.2128835905931818 0.9325091339629478 3.332808309342373 0.0 26.71501535504775 153.0 6.692810457516349 1.6543724705623455 1.313591471275031 5.6352774948562505 0.0 27.011968355562303 114.0 8.982456140350859 3.0868218192125187 5.94589092408531 24.628416408678792 0.0 19.35404962661507 58.0 17.655172413793107 1.3873304990985016 1.1395637377672674 7.508067680214393 0.0 25.471252606170058 125.0 8.191999999999993 
226.0005150327869 1.6394858859354478 1.2468706559184668 4.6261065484396156 0.0 25.90756952084267 107.0 9.570093457943923 3.056263059684581 4.12259513383657 13.834661177334347 0.0 15.970947686880438 51.0 20.078431372549026 1.3246991553798906 0.9281394053322238 3.4836138576524758 0.0 26.000875782667034 126.0 8.126984126984144 1.677331028629347 1.266329281034437 4.6261065484396156 0.0 26.69136927213787 111.0 9.225225225225216 3.215174161356519 4.115440220494991 13.241912419968985 0.0 16.309553926498698 49.0 20.89795918367347 1.3805520317323579 0.8784111869102235 3.332808309342373 0.0 26.119905448281568 133.0 7.6992481203007515 1.7041079334157527 1.3506825590125637 5.6352774948562505 0.0 27.650269233330405 110.0 9.309090909090905 3.8649473481133176 6.466106547867601 24.628416408678792 0.0 21.257994108536618 46.0 22.260869565217398 1.410342496680556 0.9965322428027106 3.6016230121356916 0.0 26.215785468000025 126.0 8.126984126984144 0.0 0.0 0.0 0.0 0.0 1.0 1024.0 0.0 0.0 0.0 0.0 0.0 37.0 27.675675675675677 0.0 0.0 0.0 0.0 0.0 1.0 1024.0 0.0 0.0 0.0 0.0 0.0 1.0 1024.0 0.0 0.0 0.0 0.0 0.0 37.0 27.675675675675677 0.0 0.0 0.0 0.0 0.0 1.0 1024.0 0.0 0.0 0.0 0.0 0.0 1.0 1024.0 0.0 0.0 0.0 0.0 0.0 37.0 27.675675675675677 0.0 0.0 0.0 0.0 0.0 1.0 1024.0 1.7701177125909535 1.2146569354173646 4.805157531375327 0.0 25.504965797245767 152.0 6.736842105263154 4.58106600659779 4.752829121290701 15.074033345448699 0.0 19.31325074437748 51.0 20.078431372549023 1.3834532845382594 0.9662471048660553 3.4864782878754865 0.0 25.306913250458557 179.0 5.720670391061458 1.6991100769199954 1.2140762376122727 4.805157531375327 0.0 26.18490363523283 162.0 6.3209876543209775 4.623389552209654 4.626418050729 15.166946884958433 0.0 19.60975946760939 50.0 20.48 1.3543040143471565 0.9294526860315832 3.355582661291501 0.0 25.84622910632872 196.0 5.224489795918362 1.841870231500387 1.3651702340599767 5.869339320126588 0.0 26.37843246813661 145.0 7.06206896551723 6.599812247510329 8.555497930014969 28.568402560419546 0.0 23.60727266036167 44.0 23.272727272727266 1.4685772678168236 1.0158776072768176 3.9592310638267834 0.0 25.16905258271956 175.0 5.851428571428562 1.4821718997126845 3.7743625924153417 41.78745222094094 0.0 29.348448643212514 638.0 1.6050156739811945 24.07319097332853 10.878977035411614 36.9901087825193 0.0 13.537096399266316 42.0 24.380952380952376 0.67316311656262 1.058939836325291 4.365364986724842 0.0 29.23826360004977 667.0 1.535232383808098 1.4169618569110516 3.4117222292526472 32.874741622928155 0.0 29.45164062088824 644.0 1.5900621118012397 26.413959054522664 9.991545507772553 41.631810312897706 0.0 9.48347659176922 38.0 26.947368421052634 0.6580914509313256 1.0264785295261905 3.5217069291965686 0.0 29.384316693613304 680.0 1.505882352941178 1.3946511866458113 3.502690858301952 45.01462284090048 0.0 29.345482224521774 641.0 1.5975039001560107 28.13662262744742 5.58675950686399 35.76295777937128 0.0 7.64368178375316 36.0 28.44444444444444 0.6977944404766012 1.0905571814145025 4.365364986724842 0.0 29.32950224089589 666.0 1.5375375375375404 1.5791798838706737 1.2633024912010633 4.6261065484396156 0.0 25.185766503366384 110.0 9.309090909090905 2.1848517364242395 3.679444277339367 13.834661177334347 0.0 13.687720699340733 74.0 13.83783783783784 1.2038692588254618 1.0052979816255756 3.770848121471317 0.0 25.912848994601287 137.0 7.474452554744532 1.5692767118200597 1.2587006995139123 4.6261065484396156 0.0 26.88236075944383 122.0 8.393442622950813 2.6215979365527198 3.906288982560302 13.241912419968985 0.0 15.121796335202184 60.0 17.06666666666667 1.3260589709611377 0.8920498731600136 3.332808309342373 0.0 26.460095176547444 139.0 7.366906474820136 1.5903265691453625 1.3265847079557176 5.6352774948562505 0.0 27.4331242219142 119.0 8.605042016806706 3.0329650397428525 5.908817631052806 24.628416408678792 0.0 19.225612528293127 59.0 17.355932203389823 1.311234631637189 1.0197081166118271 3.6016230121356916 0.0 25.900916398429217 129.0 7.937984496124019 
227.0005150327869 1.6394858859354478 1.2468706559184668 4.6261065484396156 0.0 25.90756952084267 107.0 9.570093457943923 3.056263059684581 4.12259513383657 13.834661177334347 0.0 15.970947686880438 51.0 20.078431372549026 1.3246991553798906 0.9281394053322238 3.4836138576524758 0.0 26.000875782667034 126.0 8.126984126984144 1.677331028629347 1.266329281034437 4.6261065484396156 0.0 26.69136927213787 111.0 9.225225225225216 3.215174161356519 4.115440220494991 13.241912419968985 0.0 16.309553926498698 49.0 20.89795918367347 1.381178163056613 0.877479080320883 3.332808309342373 0.0 26.120877110739208 133.0 7.6992481203007515 1.7041079334157527 1.3506825590125637 5.6352774948562505 0.0 27.650269233330405 110.0 9.309090909090905 3.8649473481133176 6.466106547867601 24.628416408678792 0.0 21.257994108536618 46.0 22.260869565217398 1.410342496680556 0.9965322428027106 3.6016230121356916 0.0 26.215785468000025 126.0 8.126984126984144 0.0 0.0 0.0 0.0 0.0 1.0 1024.0 0.0 0.0 0.0 0.0 0.0 37.0 27.675675675675677 0.0 0.0 0.0 0.0 0.0 1.0 1024.0 0.0 0.0 0.0 0.0 0.0 1.0 1024.0 0.0 0.0 0.0 0.0 0.0 37.0 27.675675675675677 0.0 0.0 0.0 0.0 0.0 1.0 1024.0 0.0 0.0 0.0 0.0 0.0 1.0 1024.0 0.0 0.0 0.0 0.0 0.0 37.0 27.675675675675677 0.0 0.0 0.0 0.0 0.0 1.0 1024.0 1.7570796961489967 1.2206833947677904 4.805157531375327 0.0 25.556554161462145 153.0 6.692810457516346 4.58106600659779 4.752829121290701 15.074033345448699 0.0 19.31325074437748 51.0 20.078431372549023 1.3834532845382594 0.9662471048660553 3.4864782878754865 0.0 25.306913250458557 179.0 5.720670391061458 1.6991100769199954 1.2140762376122727 4.805157531375327 0.0 26.18490363523283 162.0 6.3209876543209775 4.623389552209654 4.626418050729 15.166946884958433 0.0 19.60975946760939 50.0 20.48 1.3543575226611364 0.9293782925726403 3.355582661291501 0.0 25.84663397614937 196.0 5.224489795918362 1.841870231500387 1.3651702340599767 5.869339320126588 0.0 26.37843246813661 145.0 7.06206896551723 6.599812247510329 8.555497930014969 28.568402560419546 0.0 23.60727266036167 44.0 23.272727272727266 1.4685772678168236 1.0158776072768176 3.9592310638267834 0.0 25.16905258271956 175.0 5.851428571428562 1.4821718997126845 3.7743625924153417 41.78745222094094 0.0 29.348448643212514 638.0 1.6050156739811945 24.07319097332853 10.878977035411614 36.9901087825193 0.0 13.537096399266316 42.0 24.380952380952376 0.67316311656262 1.058939836325291 4.365364986724842 0.0 29.23826360004977 667.0 1.535232383808098 1.4169618569110516 3.4117222292526472 32.874741622928155 0.0 29.45164062088824 644.0 1.5900621118012397 26.413959054522664 9.991545507772553 41.631810312897706 0.0 9.48347659176922 38.0 26.947368421052634 0.6580914509313256 1.0264785295261905 3.5217069291965686 0.0 29.384316693613304 680.0 1.505882352941178 1.3946511866458113 3.502690858301952 45.01462284090048 0.0 29.345482224521774 641.0 1.5975039001560107 28.13662262744742 5.58675950686399 35.76295777937128 0.0 7.64368178375316 36.0 28.44444444444444 0.6977944404766012 1.0905571814145025 4.365364986724842 0.0 29.32950224089589 666.0 1.5375375375375404 1.6338093196121082 1.2413046606720186 4.6261065484396156 0.0 25.17209280349654 107.0 9.570093457943923 2.148827572138953 3.6592587532684724 13.834661177334347 0.0 13.511889545628238 76.0 13.473684210526326 1.2259030215842457 0.9974545997978654 3.770848121471317 0.0 25.893791203664726 135.0 7.585185185185177 1.5671493171365785 1.254673591067389 4.6261065484396156 0.0 26.81673585689375 123.0 8.32520325203253 2.2764841585764155 3.746815869675717 13.241912419968985 0.0 14.29624103106786 69.0 14.840579710144922 1.3320905502805798 0.8906799230615161 3.332808309342373 0.0 26.45612560318276 138.0 7.420289855072474 1.5298966105326692 1.3394185300917063 5.6352774948562505 0.0 27.777821666076107 123.0 8.32520325203253 2.7946876279756316 5.729200519237442 24.628416408678792 0.0 18.60371317497443 64.0 16.0 1.2715103741053866 1.030022505906102 3.6016230121356916 0.0 26.320050505999735 134.0 7.641791044776107 
228.0005150327869 1.6394858859354478 1.2468706559184668 4.6261065484396156 0.0 25.90756952084267 107.0 9.570093457943923 3.056263059684581 4.12259513383657 13.834661177334347 0.0 15.970947686880438 51.0 20.078431372549026 1.3246991553798906 0.9281394053322238 3.4836138576524758 0.0 26.000875782667034 126.0 8.126984126984144 1.677331028629347 1.266329281034437 4.6261065484396156 0.0 26.69136927213787 111.0 9.225225225225216 3.215174161356519 4.115440220494991 13.241912419968985 0.0 16.309553926498698 49.0 20.89795918367347 1.3812455820019316 0.87736710068841 3.332808309342373 0.0 26.121618557082936 133.0 7.6992481203007515 1.7041079334157527 1.3506825590125637 5.6352774948562505 0.0 27.650269233330405 110.0 9.309090909090905 3.8649473481133176 6.466106547867601 24.628416408678792 0.0 21.257994108536618 46.0 22.260869565217398 1.410342496680556 0.9965322428027106 3.6016230121356916 0.0 26.215785468000025 126.0 8.126984126984144 0.0 0.0 0.0 0.0 0.0 1.0 1024.0 0.0 0.0 0.0 0.0 0.0 37.0 27.675675675675677 0.0 0.0 0.0 0.0 0.0 1.0 1024.0 0.0 0.0 0.0 0.0 0.0 1.0 1024.0 0.0 0.0 0.0 0.0 0.0 37.0 27.675675675675677 0.0 0.0 0.0 0.0 0.0 1.0 1024.0 0.0 0.0 0.0 0.0 0.0 1.0 1024.0 0.0 0.0 0.0 0.0 0.0 37.0 27.675675675675677 0.0 0.0 0.0 0.0 0.0 1.0 1024.0 1.761099895638285 1.2170263448094054 4.805157531375327 0.0 25.600814580265673 153.0 6.692810457516346 4.58106600659779 4.752829121290701 15.074033345448699 0.0 19.31325074437748 51.0 20.078431372549023 1.3834532845382594 0.9662471048660553 3.4864782878754865 0.0 25.306913250458557 179.0 5.720670391061458 1.6991100769199954 1.2140762376122727 4.805157531375327 0.0 26.18490363523283 162.0 6.3209876543209775 4.623389552209654 4.626418050729 15.166946884958433 0.0 19.60975946760939 50.0 20.48 1.3543575226611364 0.9293782925726403 3.355582661291501 0.0 25.84663397614937 196.0 5.224489795918362 1.841870231500387 1.3651702340599767 5.869339320126588 0.0 26.37843246813661 145.0 7.06206896551723 6.599812247510329 8.555497930014969 28.568402560419546 0.0 23.60727266036167 44.0 23.272727272727266 1.4685772678168236 1.0158776072768176 3.9592310638267834 0.0 25.16905258271956 175.0 5.851428571428562 1.4821718997126845 3.7743625924153417 41.78745222094094 0.0 29.348448643212514 638.0 1.6050156739811945 24.07319097332853 10.878977035411614 36.9901087825193 0.0 13.537096399266316 42.0 24.380952380952376 0.67316311656262 1.058939836325291 4.365364986724842 0.0 29.23826360004977 667.0 1.535232383808098 1.4169618569110516 3.4117222292526472 32.874741622928155 0.0 29.45164062088824 644.0 1.5900621118012397 26.413959054522664 9.991545507772553 41.631810312897706 0.0 9.48347659176922 38.0 26.947368421052634 0.6580914509313256 1.0264785295261905 3.5217069291965686 0.0 29.384316693613304 680.0 1.505882352941178 1.3946511866458113 3.502690858301952 45.01462284090048 0.0 29.345482224521774 641.0 1.5975039001560107 28.13662262744742 5.58675950686399 35.76295777937128 0.0 7.64368178375316 36.0 28.44444444444444 0.6977944404766012 1.0905571814145025 4.365364986724842 0.0 29.32950224089589 666.0 1.5375375375375404 1.6557567168614453 1.2437811650028594 4.6261065484396156 0.0 25.021864383418816 105.0 9.75238095238094 2.3118709465571845 3.7301339970271816 13.834661177334347 0.0 14.031777487616859 70.0 14.628571428571425 1.2452418560956053 0.9935178069340672 3.770848121471317 0.0 25.808741874497265 133.0 7.6992481203007515 1.6156399403102204 1.2474709790022103 4.6261065484396156 0.0 26.664384791842128 118.0 8.677966101694928 2.518860921067672 3.8797979623990972 13.241912419968985 0.0 14.873463600038985 62.0 16.51612903225807 1.3041868339617602 0.9035626525496339 3.332808309342373 0.0 26.48876274175733 140.0 7.314285714285724 1.651470427115864 1.313571274826552 5.6352774948562505 0.0 27.335738734370107 114.0 8.982456140350859 2.884199127226573 5.800523426181296 24.628416408678792 0.0 18.847363988690862 62.0 16.516129032258075 1.3664397633425804 1.0069968549427175 3.6016230121356916 0.0 25.62895351271778 126.0 8.126984126984144 
229.0005150327869 1.6394858859354478 1.2468706559184668 4.6261065484396156 0.0 25.90756952084267 107.0 9.570093457943923 3.056263059684581 4.12259513383657 13.834661177334347 0.0 15.970947686880438 51.0 20.078431372549026 1.3246991553798906 0.9281394053322238 3.4836138576524758 0.0 26.000875782667034 126.0 8.126984126984144 1.677331028629347 1.266329281034437 4.6261065484396156 0.0 26.69136927213787 111.0 9.225225225225216 3.215174161356519 4.115440220494991 13.241912419968985 0.0 16.309553926498698 49.0 20.89795918367347 1.3812455820019316 0.87736710068841 3.332808309342373 0.0 26.121618557082936 133.0 7.6992481203007515 1.7041079334157527 1.3506825590125637 5.6352774948562505 0.0 27.650269233330405 110.0 9.309090909090905 3.8649473481133176 6.466106547867601 24.628416408678792 0.0 21.257994108536618 46.0 22.260869565217398 1.410342496680556 0.9965322428027106 3.6016230121356916 0.0 26.215785468000025 126.0 8.126984126984144 0.0 0.0 0.0 0.0 0.0 1.0 1024.0 0.0 0.0 0.0 0.0 0.0 37.0 27.675675675675677 0.0 0.0 0.0 0.0 0.0 1.0 1024.0 0.0 0.0 0.0 0.0 0.0 1.0 1024.0 0.0 0.0 0.0 0.0 0.0 37.0 27.675675675675677 0.0 0.0 0.0 0.0 0.0 1.0 1024.0 0.0 0.0 0.0 0.0 0.0 1.0 1024.0 0.0 0.0 0.0 0.0 0.0 37.0 27.675675675675677 0.0 0.0 0.0 0.0 0.0 1.0 1024.0 1.7841912540533293 1.2086321023890434 4.805157531375327 0.0 25.449719311630677 151.0 6.7814569536423885 4.58106600659779 4.752829121290701 15.074033345448699 0.0 19.31325074437748 51.0 20.078431372549023 1.3834532845382594 0.9662471048660553 3.4864782878754865 0.0 25.306913250458557 179.0 5.720670391061458 1.6991100769199954 1.2140762376122727 4.805157531375327 0.0 26.18490363523283 162.0 6.3209876543209775 4.623389552209654 4.626418050729 15.166946884958433 0.0 19.60975946760939 50.0 20.48 1.3543575226611364 0.9293782925726403 3.355582661291501 0.0 25.84663397614937 196.0 5.224489795918362 1.841870231500387 1.3651702340599767 5.869339320126588 0.0 26.37843246813661 145.0 7.06206896551723 6.599812247510329 8.555497930014969 28.568402560419546 0.0 23.60727266036167 44.0 23.272727272727266 1.4685772678168236 1.0158776072768176 3.9592310638267834 0.0 25.16905258271956 175.0 5.851428571428562 1.4821718997126845 3.7743625924153417 41.78745222094094 0.0 29.348448643212514 638.0 1.6050156739811945 24.07319097332853 10.878977035411614 36.9901087825193 0.0 13.537096399266316 42.0 24.380952380952376 0.67316311656262 1.058939836325291 4.365364986724842 0.0 29.23826360004977 667.0 1.535232383808098 1.4169618569110516 3.4117222292526472 32.874741622928155 0.0 29.45164062088824 644.0 1.5900621118012397 26.413959054522664 9.991545507772553 41.631810312897706 0.0 9.48347659176922 38.0 26.947368421052634 0.6580914509313256 1.0264785295261905 3.5217069291965686 0.0 29.384316693613304 680.0 1.505882352941178 1.3946511866458113 3.502690858301952 45.01462284090048 0.0 29.345482224521774 641.0 1.5975039001560107 28.13662262744742 5.58675950686399 35.76295777937128 0.0 7.64368178375316 36.0 28.44444444444444 0.6977944404766012 1.0905571814145025 4.365364986724842 0.0 29.32950224089589 666.0 1.5375375375375404 1.6663610592815705 1.2424603088417108 4.6261065484396156 0.0 25.09807869625848 106.0 9.660377358490567 2.2422211189759813 3.722451827094246 13.834661177334347 0.0 14.000149894856742 71.0 14.422535211267604 1.2943617993971277 0.981264053238045 3.770848121471317 0.0 25.533598694163675 128.0 8.0 1.6199618443733343 1.2533534237527242 4.6261065484396156 0.0 26.64846903817578 117.0 8.752136752136739 2.631776198896406 3.9005286149946925 13.241912419968985 0.0 15.060174171459588 60.0 17.06666666666667 1.3030640057100045 0.903046011554837 3.332808309342373 0.0 26.50281586469105 141.0 7.262411347517723 1.6939506294135291 1.3050597790521532 5.6352774948562505 0.0 27.122051568525805 111.0 9.225225225225214 3.3111908352635764 6.106938842726087 24.628416408678792 0.0 19.92480219800022 54.0 18.962962962962965 1.38444921696942 1.0042437134138205 3.6016230121356916 0.0 25.401152444810524 124.0 8.25806451612904 
230.0005150327869 1.6394858859354478 1.2468706559184668 4.6261065484396156 0.0 25.90756952084267 107.0 9.570093457943923 3.056263059684581 4.12259513383657 13.834661177334347 0.0 15.970947686880438 51.0 20.078431372549026 1.3246991553798906 0.9281394053322238 3.4836138576524758 0.0 26.000875782667034 126.0 8.126984126984144 1.677331028629347 1.266329281034437 4.6261065484396156 0.0 26.69136927213787 111.0 9.225225225225216 3.215174161356519 4.115440220494991 13.241912419968985 0.0 16.309553926498698 49.0 20.89795918367347 1.3812455820019316 0.87736710068841 3.332808309342373 0.0 26.121618557082936 133.0 7.6992481203007515 1.7041079334157527 1.3506825590125637 5.6352774948562505 0.0 27.650269233330405 110.0 9.309090909090905 3.8649473481133176 6.466106547867601 24.628416408678792 0.0 21.257994108536618 46.0 22.260869565217398 1.410342496680556 0.9965322428027106 3.6016230121356916 0.0 26.215785468000025 126.0 8.126984126984144 0.0 0.0 0.0 0.0 0.0 1.0 1024.0 0.0 0.0 0.0 0.0 0.0 37.0 27.675675675675677 0.0 0.0 0.0 0.0 0.0 1.0 1024.0 0.0 0.0 0.0 0.0 0.0 1.0 1024.0 0.0 0.0 0.0 0.0 0.0 37.0 27.675675675675677 0.0 0.0 0.0 0.0 0.0 1.0 1024.0 0.0 0.0 0.0 0.0 0.0 1.0 1024.0 0.0 0.0 0.0 0.0 0.0 37.0 27.675675675675677 0.0 0.0 0.0 0.0 0.0 1.0 1024.0 1.784845171816657 1.2083460647042374 4.805157531375327 0.0 25.451529555898226 151.0 6.7814569536423885 4.58106600659779 4.752829121290701 15.074033345448699 0.0 19.31325074437748 51.0 20.078431372549023 1.3757455245804773 0.9690774922155326 3.4864782878754865 0.0 25.36534783028513 180.0 5.688888888888894 1.6991100769199954 1.2140762376122727 4.805157531375327 0.0 26.18490363523283 162.0 6.3209876543209775 4.623389552209654 4.626418050729 15.166946884958433 0.0 19.60975946760939 50.0 20.48 1.3543575226611364 0.9293782925726403 3.355582661291501 0.0 25.84663397614937 196.0 5.224489795918362 1.841870231500387 1.3651702340599767 5.869339320126588 0.0 26.37843246813661 145.0 7.06206896551723 6.599812247510329 8.555497930014969 28.568402560419546 0.0 23.60727266036167 44.0 23.272727272727266 1.4685772678168236 1.0158776072768176 3.9592310638267834 0.0 25.16905258271956 175.0 5.851428571428562 1.4821718997126845 3.7743625924153417 41.78745222094094 0.0 29.348448643212514 638.0 1.6050156739811945 24.07319097332853 10.878977035411614 36.9901087825193 0.0 13.537096399266316 42.0 24.380952380952376 0.67316311656262 1.058939836325291 4.365364986724842 0.0 29.23826360004977 667.0 1.535232383808098 1.4169618569110516 3.4117222292526472 32.874741622928155 0.0 29.45164062088824 644.0 1.5900621118012397 26.413959054522664 9.991545507772553 41.631810312897706 0.0 9.48347659176922 38.0 26.947368421052634 0.6580914509313256 1.0264785295261905 3.5217069291965686 0.0 29.384316693613304 680.0 1.505882352941178 1.3946511866458113 3.502690858301952 45.01462284090048 0.0 29.345482224521774 641.0 1.5975039001560107 28.13662262744742 5.58675950686399 35.76295777937128 0.0 7.64368178375316 36.0 28.44444444444444 0.6977944404766012 1.0905571814145025 4.365364986724842 0.0 29.32950224089589 666.0 1.5375375375375404 1.521417603170927 1.2792070513984946 4.6261065484396156 0.0 25.370605954795266 114.0 8.982456140350859 2.3529773094264512 3.800296102448358 13.834661177334347 0.0 14.33137027081004 67.0 15.283582089552246 1.2554428201501957 0.9946789729196847 3.810899307049594 0.0 25.754711968926863 132.0 7.757575757575764 1.493037961908817 1.2790747636001942 4.6261065484396156 0.0 26.86432086851978 127.0 8.062992125984264 2.584283007904565 3.8848940845533715 13.241912419968985 0.0 15.030195664187277 61.0 16.786885245901644 1.2856906034885955 0.9062931373516161 3.332808309342373 0.0 26.48915318270305 143.0 7.160839160839163 1.599140034281741 1.3315404772940358 5.6352774948562505 0.0 27.495154293891915 117.0 8.752136752136737 3.442240613263982 6.188299543160256 24.628416408678792 0.0 20.21093458386575 52.0 19.6923076923077 1.3303529538796495 1.0205386513202794 3.6016230121356916 0.0 25.91896454987447 129.0 7.937984496124019 
231.0005150327869 1.6389123068294056 1.2473851364554773 4.6261065484396156 0.0 25.908375623442677 107.0 9.570093457943923 3.056263059684581 4.12259513383657 13.834661177334347 0.0 15.970947686880438 51.0 20.078431372549026 1.3246991553798906 0.9281394053322238 3.4836138576524758 0.0 26.000875782667034 126.0 8.126984126984144 1.6772444447478392 1.2664274650182161 4.6261065484396156 0.0 26.691178294395996 111.0 9.225225225225216 3.215174161356519 4.115440220494991 13.241912419968985 0.0 16.309553926498698 49.0 20.89795918367347 1.3812455820019316 0.87736710068841 3.332808309342373 0.0 26.121618557082936 133.0 7.6992481203007515 1.7041079334157527 1.3506825590125637 5.6352774948562505 0.0 27.650269233330405 110.0 9.309090909090905 3.8649473481133176 6.466106547867601 24.628416408678792 0.0 21.257994108536618 46.0 22.260869565217398 1.410342496680556 0.9965322428027106 3.6016230121356916 0.0 26.215785468000025 126.0 8.126984126984144 0.0 0.0 0.0 0.0 0.0 1.0 1024.0 0.0 0.0 0.0 0.0 0.0 37.0 27.675675675675677 0.0 0.0 0.0 0.0 0.0 1.0 1024.0 0.0 0.0 0.0 0.0 0.0 1.0 1024.0 0.0 0.0 0.0 0.0 0.0 37.0 27.675675675675677 0.0 0.0 0.0 0.0 0.0 1.0 1024.0 0.0 0.0 0.0 0.0 0.0 1.0 1024.0 0.0 0.0 0.0 0.0 0.0 37.0 27.675675675675677 0.0 0.0 0.0 0.0 0.0 1.0 1024.0 1.7863569448676497 1.208232680201098 4.805157531375327 0.0 25.459323409237886 151.0 6.7814569536423885 4.58106600659779 4.752829121290701 15.074033345448699 0.0 19.31325074437748 51.0 20.078431372549023 1.3757455245804773 0.9690774922155326 3.4864782878754865 0.0 25.36534783028513 180.0 5.688888888888894 1.6991100769199954 1.2140762376122727 4.805157531375327 0.0 26.18490363523283 162.0 6.3209876543209775 4.623389552209654 4.626418050729 15.166946884958433 0.0 19.60975946760939 50.0 20.48 1.3543575226611364 0.9293782925726403 3.355582661291501 0.0 25.84663397614937 196.0 5.224489795918362 1.841870231500387 1.3651702340599767 5.869339320126588 0.0 26.37843246813661 145.0 7.06206896551723 6.599812247510329 8.555497930014969 28.568402560419546 0.0 23.60727266036167 44.0 23.272727272727266 1.4685772678168236 1.0158776072768176 3.9592310638267834 0.0 25.16905258271956 175.0 5.851428571428562 1.4821718997126845 3.7743625924153417 41.78745222094094 0.0 29.348448643212514 638.0 1.6050156739811945 24.07319097332853 10.878977035411614 36.9901087825193 0.0 13.537096399266316 42.0 24.380952380952376 0.67316311656262 1.058939836325291 4.365364986724842 0.0 29.23826360004977 667.0 1.535232383808098 1.4169618569110516 3.4117222292526472 32.874741622928155 0.0 29.45164062088824 644.0 1.5900621118012397 26.413959054522664 9.991545507772553 41.631810312897706 0.0 9.48347659176922 38.0 26.947368421052634 0.6580914509313256 1.0264785295261905 3.5217069291965686 0.0 29.384316693613304 680.0 1.505882352941178 1.3946511866458113 3.502690858301952 45.01462284090048 0.0 29.345482224521774 641.0 1.5975039001560107 28.13662262744742 5.58675950686399 35.76295777937128 0.0 7.64368178375316 36.0 28.44444444444444 0.6977944404766012 1.0905571814145025 4.365364986724842 0.0 29.32950224089589 666.0 1.5375375375375404 1.5809376057134585 1.2517475998357737 4.6261065484396156 0.0 25.251340651827018 111.0 9.225225225225214 2.0069231961327785 3.6197514267613324 13.834661177334347 0.0 13.449170080214413 78.0 13.128205128205122 1.2462681570150536 0.9889974299145715 3.810899307049594 0.0 25.829428533139183 134.0 7.641791044776107 1.5542128551065306 1.2580754394548277 4.6261065484396156 0.0 26.800387393736347 123.0 8.32520325203253 2.5745286953421287 3.8909355842560496 13.241912419968985 0.0 15.038193901167187 61.0 16.786885245901644 1.2667198546109657 0.9165568223228665 3.332808309342373 0.0 26.48337667522904 145.0 7.062068965517231 1.5443327640079376 1.3391666891900345 5.6352774948562505 0.0 27.370019283800346 121.0 8.46280991735539 3.513799402941083 6.2284220662753365 24.628416408678792 0.0 20.383510005627 51.0 20.078431372549026 1.2815612812034118 1.0320317682259774 3.6016230121356916 0.0 26.326383198048045 134.0 7.641791044776107 
232.0005150327869 1.6389123068294056 1.2473851364554773 4.6261065484396156 0.0 25.908375623442677 107.0 9.570093457943923 3.056263059684581 4.12259513383657 13.834661177334347 0.0 15.970947686880438 51.0 20.078431372549026 1.3246991553798906 0.9281394053322238 3.4836138576524758 0.0 26.000875782667034 126.0 8.126984126984144 1.6772219701404978 1.266440146919754 4.6261065484396156 0.0 26.691281207861355 111.0 9.225225225225216 3.215174161356519 4.115440220494991 13.241912419968985 0.0 16.309553926498698 49.0 20.89795918367347 1.3812455820019316 0.87736710068841 3.332808309342373 0.0 26.121618557082936 133.0 7.6992481203007515 1.7041079334157527 1.3506825590125637 5.6352774948562505 0.0 27.650269233330405 110.0 9.309090909090905 3.8649473481133176 6.466106547867601 24.628416408678792 0.0 21.257994108536618 46.0 22.260869565217398 1.410342496680556 0.9965322428027106 3.6016230121356916 0.0 26.215785468000025 126.0 8.126984126984144 0.0 0.0 0.0 0.0 0.0 1.0 1024.0 0.0 0.0 0.0 0.0 0.0 37.0 27.675675675675677 0.0 0.0 0.0 0.0 0.0 1.0 1024.0 0.0 0.0 0.0 0.0 0.0 1.0 1024.0 0.0 0.0 0.0 0.0 0.0 37.0 27.675675675675677 0.0 0.0 0.0 0.0 0.0 1.0 1024.0 0.0 0.0 0.0 0.0 0.0 1.0 1024.0 0.0 0.0 0.0 0.0 0.0 37.0 27.675675675675677 0.0 0.0 0.0 0.0 0.0 1.0 1024.0 1.786254968723792 1.2082023825963193 4.805157531375327 0.0 25.46381442567457 151.0 6.781456953642388 4.58106600659779 4.752829121290701 15.074033345448699 0.0 19.31325074437748 51.0 20.078431372549023 1.3834532845382594 0.9662471048660553 3.4864782878754865 0.0 25.306913250458557 179.0 5.720670391061458 1.6991100769199954 1.2140762376122727 4.805157531375327 0.0 26.18490363523283 162.0 6.3209876543209775 4.623389552209654 4.626418050729 15.166946884958433 0.0 19.60975946760939 50.0 20.48 1.3543575226611364 0.9293782925726403 3.355582661291501 0.0 25.84663397614937 196.0 5.224489795918362 1.841870231500387 1.3651702340599767 5.869339320126588 0.0 26.37843246813661 145.0 7.06206896551723 6.599812247510329 8.555497930014969 28.568402560419546 0.0 23.60727266036167 44.0 23.272727272727266 1.4685772678168236 1.0158776072768176 3.9592310638267834 0.0 25.16905258271956 175.0 5.851428571428562 1.4821718997126845 3.7743625924153417 41.78745222094094 0.0 29.348448643212514 638.0 1.6050156739811945 24.07319097332853 10.878977035411614 36.9901087825193 0.0 13.537096399266316 42.0 24.380952380952376 0.67316311656262 1.058939836325291 4.365364986724842 0.0 29.23826360004977 667.0 1.535232383808098 1.4169618569110516 3.4117222292526472 32.874741622928155 0.0 29.45164062088824 644.0 1.5900621118012397 26.413959054522664 9.991545507772553 41.631810312897706 0.0 9.48347659176922 38.0 26.947368421052634 0.6580914509313256 1.0264785295261905 3.5217069291965686 0.0 29.384316693613304 680.0 1.505882352941178 1.3946511866458113 3.502690858301952 45.01462284090048 0.0 29.345482224521774 641.0 1.5975039001560107 28.13662262744742 5.58675950686399 35.76295777937128 0.0 7.64368178375316 36.0 28.44444444444444 0.6977944404766012 1.0905571814145025 4.365364986724842 0.0 29.32950224089589 666.0 1.5375375375375404 1.557949126757171 1.2614957162889031 4.6261065484396156 0.0 25.23992342751791 112.0 9.142857142857128 1.9763310120857842 3.553236681289317 13.834661177334347 0.0 13.23380728604126 81.0 12.641975308641975 1.239942891490062 0.995377749997945 3.810899307049594 0.0 25.83021558698321 134.0 7.641791044776107 1.5782303571765635 1.2548924156161723 4.6261065484396156 0.0 26.69740974402134 121.0 8.462809917355388 2.804693066811476 3.982172835578024 13.241912419968985 0.0 15.54018873992208 56.0 18.285714285714292 1.2626174751659562 0.908805571589366 3.332808309342373 0.0 26.503415960582263 145.0 7.062068965517231 1.6563526116183083 1.3149115353168017 5.6352774948562505 0.0 26.901236440885878 113.0 9.061946902654856 3.4283656485180267 6.1949317668491215 24.628416408678792 0.0 20.23561982469745 52.0 19.6923076923077 1.368122172444058 1.0044004478182704 3.6016230121356916 0.0 25.634969016043918 125.0 8.191999999999993 
233.0005150327869 1.6389123068294056 1.2473851364554773 4.6261065484396156 0.0 25.908375623442677 107.0 9.570093457943923 3.056263059684581 4.12259513383657 13.834661177334347 0.0 15.970947686880438 51.0 20.078431372549026 1.3246991553798906 0.9281394053322238 3.4836138576524758 0.0 26.000875782667034 126.0 8.126984126984144 1.6772219701404978 1.266440146919754 4.6261065484396156 0.0 26.691281207861355 111.0 9.225225225225216 3.215174161356519 4.115440220494991 13.241912419968985 0.0 16.309553926498698 49.0 20.89795918367347 1.3812455820019316 0.87736710068841 3.332808309342373 0.0 26.121618557082936 133.0 7.6992481203007515 1.7041079334157527 1.3506825590125637 5.6352774948562505 0.0 27.650269233330405 110.0 9.309090909090905 3.8649473481133176 6.466106547867601 24.628416408678792 0.0 21.257994108536618 46.0 22.260869565217398 1.410342496680556 0.9965322428027106 3.6016230121356916 0.0 26.215785468000025 126.0 8.126984126984144 0.0 0.0 0.0 0.0 0.0 1.0 1024.0 0.0 0.0 0.0 0.0 0.0 37.0 27.675675675675677 0.0 0.0 0.0 0.0 0.0 1.0 1024.0 0.0 0.0 0.0 0.0 0.0 1.0 1024.0 0.0 0.0 0.0 0.0 0.0 37.0 27.675675675675677 0.0 0.0 0.0 0.0 0.0 1.0 1024.0 0.0 0.0 0.0 0.0 0.0 1.0 1024.0 0.0 0.0 0.0 0.0 0.0 37.0 27.675675675675677 0.0 0.0 0.0 0.0 0.0 1.0 1024.0 1.7854673972041424 1.2085819655971963 4.805157531375327 0.0 25.4657743883416 151.0 6.7814569536423885 4.58106600659779 4.752829121290701 15.074033345448699 0.0 19.31325074437748 51.0 20.078431372549023 1.3834532845382594 0.9662471048660553 3.4864782878754865 0.0 25.306913250458557 179.0 5.720670391061458 1.6991100769199954 1.2140762376122727 4.805157531375327 0.0 26.18490363523283 162.0 6.3209876543209775 4.623389552209654 4.626418050729 15.166946884958433 0.0 19.60975946760939 50.0 20.48 1.354449862639798 0.9292564922766028 3.355582661291501 0.0 25.847000678106838 196.0 5.224489795918362 1.841870231500387 1.3651702340599767 5.869339320126588 0.0 26.37843246813661 145.0 7.06206896551723 6.599812247510329 8.555497930014969 28.568402560419546 0.0 23.60727266036167 44.0 23.272727272727266 1.4685772678168236 1.0158776072768176 3.9592310638267834 0.0 25.16905258271956 175.0 5.851428571428562 1.4821718997126845 3.7743625924153417 41.78745222094094 0.0 29.348448643212514 638.0 1.6050156739811945 24.07319097332853 10.878977035411614 36.9901087825193 0.0 13.537096399266316 42.0 24.380952380952376 0.67316311656262 1.058939836325291 4.365364986724842 0.0 29.23826360004977 667.0 1.535232383808098 1.4169618569110516 3.4117222292526472 32.874741622928155 0.0 29.45164062088824 644.0 1.5900621118012397 26.413959054522664 9.991545507772553 41.631810312897706 0.0 9.48347659176922 38.0 26.947368421052634 0.6580914509313256 1.0264785295261905 3.5217069291965686 0.0 29.384316693613304 680.0 1.505882352941178 1.3946511866458113 3.502690858301952 45.01462284090048 0.0 29.345482224521774 641.0 1.5975039001560107 28.13662262744742 5.58675950686399 35.76295777937128 0.0 7.64368178375316 36.0 28.44444444444444 0.6977944404766012 1.0905571814145025 4.365364986724842 0.0 29.32950224089589 666.0 1.5375375375375404 1.5728650285749752 1.274130193215165 4.6261065484396156 0.0 25.316298388228063 111.0 9.225225225225214 2.167912538754376 3.682213139033873 13.834661177334347 0.0 13.731453868065225 73.0 14.027397260273972 1.295004566772718 0.98484420762935 4.073861351449937 0.0 25.59080643181278 129.0 7.937984496124019 1.6068659695816636 1.2506488512300262 4.6261065484396156 0.0 26.55112602580721 119.0 8.605042016806708 3.011136308769362 4.060715006608603 13.241912419968985 0.0 15.972461597246262 52.0 19.692307692307693 1.2657960313206629 0.9075727857217394 3.332808309342373 0.0 26.606911196315796 146.0 7.013698630136975 1.6829827081009754 1.31134559822503 5.6352774948562505 0.0 26.743179354175815 111.0 9.225225225225214 3.430028436554244 6.194028285238205 24.628416408678792 0.0 20.241080947164026 52.0 19.6923076923077 1.3878860162416806 1.0004135477156522 3.6016230121356916 0.0 25.404821104343277 123.0 8.32520325203253 
234.0005150327869 1.6389123068294056 1.2473851364554773 4.6261065484396156 0.0 25.908375623442677 107.0 9.570093457943923 3.056263059684581 4.12259513383657 13.834661177334347 0.0 15.970947686880438 51.0 20.078431372549026 1.3246991553798906 0.9281394053322238 3.4836138576524758 0.0 26.000875782667034 126.0 8.126984126984144 1.6772219701404978 1.266440146919754 4.6261065484396156 0.0 26.691281207861355 111.0 9.225225225225216 3.215174161356519 4.115440220494991 13.241912419968985 0.0 16.309553926498698 49.0 20.89795918367347 1.3812455820019316 0.87736710068841 3.332808309342373 0.0 26.121618557082936 133.0 7.6992481203007515 1.7041079334157527 1.3506825590125637 5.6352774948562505 0.0 27.650269233330405 110.0 9.309090909090905 3.8649473481133176 6.466106547867601 24.628416408678792 0.0 21.257994108536618 46.0 22.260869565217398 1.410342496680556 0.9965322428027106 3.6016230121356916 0.0 26.215785468000025 126.0 8.126984126984144 0.0 0.0 0.0 0.0 0.0 1.0 1024.0 0.0 0.0 0.0 0.0 0.0 37.0 27.675675675675677 0.0 0.0 0.0 0.0 0.0 1.0 1024.0 0.0 0.0 0.0 0.0 0.0 1.0 1024.0 0.0 0.0 0.0 0.0 0.0 37.0 27.675675675675677 0.0 0.0 0.0 0.0 0.0 1.0 1024.0 0.0 0.0 0.0 0.0 0.0 1.0 1024.0 0.0 0.0 0.0 0.0 0.0 37.0 27.675675675675677 0.0 0.0 0.0 0.0 0.0 1.0 1024.0 1.7846732825562377 1.2088997877742051 4.805157531375327 0.0 25.466741475530146 151.0 6.7814569536423885 4.58106600659779 4.752829121290701 15.074033345448699 0.0 19.31325074437748 51.0 20.078431372549023 1.3834532845382594 0.9662471048660553 3.4864782878754865 0.0 25.306913250458557 179.0 5.720670391061458 1.6991100769199954 1.2140762376122727 4.805157531375327 0.0 26.18490363523283 162.0 6.3209876543209775 4.623389552209654 4.626418050729 15.166946884958433 0.0 19.60975946760939 50.0 20.48 1.354449862639798 0.9292564922766028 3.355582661291501 0.0 25.847000678106838 196.0 5.224489795918362 1.841870231500387 1.3651702340599767 5.869339320126588 0.0 26.37843246813661 145.0 7.06206896551723 6.599812247510329 8.555497930014969 28.568402560419546 0.0 23.60727266036167 44.0 23.272727272727266 1.4685772678168236 1.0158776072768176 3.9592310638267834 0.0 25.16905258271956 175.0 5.851428571428562 1.4821718997126845 3.7743625924153417 41.78745222094094 0.0 29.348448643212514 638.0 1.6050156739811945 24.07319097332853 10.878977035411614 36.9901087825193 0.0 13.537096399266316 42.0 24.380952380952376 0.67316311656262 1.058939836325291 4.365364986724842 0.0 29.23826360004977 667.0 1.535232383808098 1.4169618569110516 3.4117222292526472 32.874741622928155 0.0 29.45164062088824 644.0 1.5900621118012397 26.413959054522664 9.991545507772553 41.631810312897706 0.0 9.48347659176922 38.0 26.947368421052634 0.6580914509313256 1.0264785295261905 3.5217069291965686 0.0 29.384316693613304 680.0 1.505882352941178 1.3946511866458113 3.502690858301952 45.01462284090048 0.0 29.345482224521774 641.0 1.5975039001560107 28.13662262744742 5.58675950686399 35.76295777937128 0.0 7.64368178375316 36.0 28.44444444444444 0.6977944404766012 1.0905571814145025 4.365364986724842 0.0 29.32950224089589 666.0 1.5375375375375404 1.5712756268347285 1.2784317147182906 4.6261065484396156 0.0 25.42112486816028 111.0 9.225225225225213 2.204091242713197 3.7124814169480365 13.834661177334347 0.0 13.933183920272795 72.0 14.222222222222216 1.2709687703763677 0.9921906774760593 4.073861351449937 0.0 25.854590615495557 132.0 7.757575757575764 1.4937184008664879 1.2768923831182262 4.6261065484396156 0.0 26.7587516249945 128.0 8.0 2.953921688319865 4.042969573115195 13.241912419968985 0.0 15.872176882879947 53.0 19.320754716981135 1.2793846455367528 0.9113671822402787 3.332808309342373 0.0 26.582486509141 143.0 7.1608391608391635 1.6087141185387368 1.3278781643838407 5.6352774948562505 0.0 27.093845998213876 116.0 8.827586206896543 3.4232276074162153 6.197714137708465 24.628416408678792 0.0 20.2234574169529 52.0 19.6923076923077 1.3365011407514178 1.0163009848934828 3.6016230121356916 0.0 25.954343527537805 129.0 7.937984496124019 
235.0005150327869 1.638882322242506 1.2474099281458801 4.6261065484396156 0.0 25.90853682795463 107.0 9.570093457943923 3.056263059684581 4.12259513383657 13.834661177334347 0.0 15.970947686880438 51.0 20.078431372549026 1.3246991553798906 0.9281394053322238 3.4836138576524758 0.0 26.000875782667034 126.0 8.126984126984144 1.6772219701404978 1.266440146919754 4.6261065484396156 0.0 26.691281207861355 111.0 9.225225225225216 3.215174161356519 4.115440220494991 13.241912419968985 0.0 16.309553926498698 49.0 20.89795918367347 1.3812455820019316 0.87736710068841 3.332808309342373 0.0 26.121618557082936 133.0 7.6992481203007515 1.7041079334157527 1.3506825590125637 5.6352774948562505 0.0 27.650269233330405 110.0 9.309090909090905 3.8649473481133176 6.466106547867601 24.628416408678792 0.0 21.257994108536618 46.0 22.260869565217398 1.410342496680556 0.9965322428027106 3.6016230121356916 0.0 26.215785468000025 126.0 8.126984126984144 0.0 0.0 0.0 0.0 0.0 1.0 1024.0 0.0 0.0 0.0 0.0 0.0 37.0 27.675675675675677 0.0 0.0 0.0 0.0 0.0 1.0 1024.0 0.0 0.0 0.0 0.0 0.0 1.0 1024.0 0.0 0.0 0.0 0.0 0.0 37.0 27.675675675675677 0.0 0.0 0.0 0.0 0.0 1.0 1024.0 0.0 0.0 0.0 0.0 0.0 1.0 1024.0 0.0 0.0 0.0 0.0 0.0 37.0 27.675675675675677 0.0 0.0 0.0 0.0 0.0 1.0 1024.0 1.785005265537516 1.2087700680562288 4.805157531375327 0.0 25.470234490444263 151.0 6.7814569536423885 4.58106600659779 4.752829121290701 15.074033345448699 0.0 19.31325074437748 51.0 20.078431372549023 1.3834532845382594 0.9662471048660553 3.4864782878754865 0.0 25.306913250458557 179.0 5.720670391061458 1.6991100769199954 1.2140762376122727 4.805157531375327 0.0 26.18490363523283 162.0 6.3209876543209775 4.623389552209654 4.626418050729 15.166946884958433 0.0 19.60975946760939 50.0 20.48 1.354449862639798 0.9292564922766028 3.355582661291501 0.0 25.847000678106838 196.0 5.224489795918362 1.841870231500387 1.3651702340599767 5.869339320126588 0.0 26.37843246813661 145.0 7.06206896551723 6.599812247510329 8.555497930014969 28.568402560419546 0.0 23.60727266036167 44.0 23.272727272727266 1.4685772678168236 1.0158776072768176 3.9592310638267834 0.0 25.16905258271956 175.0 5.851428571428562 1.4821718997126845 3.7743625924153417 41.78745222094094 0.0 29.348448643212514 638.0 1.6050156739811945 24.07319097332853 10.878977035411614 36.9901087825193 0.0 13.537096399266316 42.0 24.380952380952376 0.67316311656262 1.058939836325291 4.365364986724842 0.0 29.23826360004977 667.0 1.535232383808098 1.4169618569110516 3.4117222292526472 32.874741622928155 0.0 29.45164062088824 644.0 1.5900621118012397 26.413959054522664 9.991545507772553 41.631810312897706 0.0 9.48347659176922 38.0 26.947368421052634 0.6580914509313256 1.0264785295261905 3.5217069291965686 0.0 29.384316693613304 680.0 1.505882352941178 1.3946511866458113 3.502690858301952 45.01462284090048 0.0 29.345482224521774 641.0 1.5975039001560107 28.13662262744742 5.58675950686399 35.76295777937128 0.0 7.64368178375316 36.0 28.44444444444444 0.6977944404766012 1.0905571814145025 4.365364986724842 0.0 29.32950224089589 666.0 1.5375375375375404 1.6498409700715524 1.2667134870742667 4.6261065484396156 0.0 25.338403433069494 107.0 9.570093457943923 2.760012485783752 3.9910970556864807 13.834661177334347 0.0 15.313243512915191 57.0 17.964912280701753 1.2617518403511228 0.986549403248015 4.073861351449937 0.0 25.901163432405617 134.0 7.641791044776107 1.5527091827210335 1.2539905259185844 4.6261065484396156 0.0 26.664052487868393 124.0 8.25806451612904 3.0698746141860696 4.078720587480309 13.241912419968985 0.0 16.089201183460478 51.0 20.078431372549023 1.2600345505850543 0.9172374159171154 3.332808309342373 0.0 26.744844011725764 146.0 7.013698630136973 1.5430924858060522 1.3378095840015638 5.6352774948562505 0.0 27.345491432484412 121.0 8.46280991735539 3.5670416457258134 6.279690589987815 24.628416408678792 0.0 20.54194644236542 50.0 20.480000000000004 1.2924119447615885 1.0301897334588923 3.6016230121356916 0.0 26.389867000488003 134.0 7.641791044776107 
236.0005150327869 1.6401669504767058 1.2458359020250256 4.6261065484396156 0.0 25.909780692376334 107.0 9.570093457943923 3.056263059684581 4.12259513383657 13.834661177334347 0.0 15.970947686880438 51.0 20.078431372549026 1.3246991553798906 0.9281394053322238 3.4836138576524758 0.0 26.000875782667034 126.0 8.126984126984144 1.6772219701404978 1.266440146919754 4.6261065484396156 0.0 26.691281207861355 111.0 9.225225225225216 3.215174161356519 4.115440220494991 13.241912419968985 0.0 16.309553926498698 49.0 20.89795918367347 1.3812455820019316 0.87736710068841 3.332808309342373 0.0 26.121618557082936 133.0 7.6992481203007515 1.704060319635603 1.3507257260432604 5.6352774948562505 0.0 27.650361082446572 110.0 9.309090909090905 3.8649473481133176 6.466106547867601 24.628416408678792 0.0 21.257994108536618 46.0 22.260869565217398 1.410342496680556 0.9965322428027106 3.6016230121356916 0.0 26.215785468000025 126.0 8.126984126984144 0.0 0.0 0.0 0.0 0.0 1.0 1024.0 0.0 0.0 0.0 0.0 0.0 37.0 27.675675675675677 0.0 0.0 0.0 0.0 0.0 1.0 1024.0 0.0 0.0 0.0 0.0 0.0 1.0 1024.0 0.0 0.0 0.0 0.0 0.0 37.0 27.675675675675677 0.0 0.0 0.0 0.0 0.0 1.0 1024.0 0.0 0.0 0.0 0.0 0.0 1.0 1024.0 0.0 0.0 0.0 0.0 0.0 37.0 27.675675675675677 0.0 0.0 0.0 0.0 0.0 1.0 1024.0 1.783939105547949 1.2092769781586028 4.805157531375327 0.0 25.47197509579146 151.0 6.781456953642388 4.58106600659779 4.752829121290701 15.074033345448699 0.0 19.31325074437748 51.0 20.078431372549023 1.3834532845382594 0.9662471048660553 3.4864782878754865 0.0 25.306913250458557 179.0 5.720670391061458 1.6991100769199954 1.2140762376122727 4.805157531375327 0.0 26.18490363523283 162.0 6.3209876543209775 4.623389552209654 4.626418050729 15.166946884958433 0.0 19.60975946760939 50.0 20.48 1.327391236444902 0.9392721756383108 3.355582661291501 0.0 26.127449682162897 200.0 5.1199999999999966 1.841870231500387 1.3651702340599767 5.869339320126588 0.0 26.37843246813661 145.0 7.06206896551723 6.599812247510329 8.555497930014969 28.568402560419546 0.0 23.60727266036167 44.0 23.272727272727266 1.4685772678168236 1.0158776072768176 3.9592310638267834 0.0 25.16905258271956 175.0 5.851428571428562 1.4821718997126845 3.7743625924153417 41.78745222094094 0.0 29.348448643212514 638.0 1.6050156739811945 24.07319097332853 10.878977035411614 36.9901087825193 0.0 13.537096399266316 42.0 24.380952380952376 0.67316311656262 1.058939836325291 4.365364986724842 0.0 29.23826360004977 667.0 1.535232383808098 1.4169618569110516 3.4117222292526472 32.874741622928155 0.0 29.45164062088824 644.0 1.5900621118012397 26.413959054522664 9.991545507772553 41.631810312897706 0.0 9.48347659176922 38.0 26.947368421052634 0.6580914509313256 1.0264785295261905 3.5217069291965686 0.0 29.384316693613304 680.0 1.505882352941178 1.3946511866458113 3.502690858301952 45.01462284090048 0.0 29.345482224521774 641.0 1.5975039001560107 28.13662262744742 5.58675950686399 35.76295777937128 0.0 7.64368178375316 36.0 28.44444444444444 0.6977944404766012 1.0905571814145025 4.365364986724842 0.0 29.32950224089589 666.0 1.5375375375375404 1.6820061105168578 1.267198208315622 4.6261065484396156 0.0 25.111121436598456 103.0 9.941747572815537 2.7537215881796957 3.995733936855722 13.834661177334347 0.0 15.322210757300446 57.0 17.964912280701753 1.2675426676727006 0.9852858419935947 4.073861351449937 0.0 25.91049164864698 134.0 7.641791044776107 1.5730442797747424 1.2567581219413395 4.6261065484396156 0.0 26.5619980815077 122.0 8.393442622950813 3.1311994072918305 4.096304100739235 13.241912419968985 0.0 16.203293742649567 50.0 20.48 1.224867458445265 0.9312196825454838 3.332808309342373 0.0 26.820051421333677 151.0 6.781456953642393 1.6401664044161912 1.320267000134015 5.6352774948562505 0.0 26.8961890569564 114.0 8.982456140350859 3.292757519673471 6.1153791559715875 24.628416408678792 0.0 19.92575382298622 54.0 18.96296296296297 1.3732553014806141 1.0081792250559272 3.6016230121356916 0.0 25.702748065594946 126.0 8.126984126984144 
237.0005150327869 1.6401333040973167 1.2458651652625916 4.6261065484396156 0.0 25.909935310345357 107.0 9.570093457943923 3.056263059684581 4.12259513383657 13.834661177334347 0.0 15.970947686880438 51.0 20.078431372549026 1.3246991553798906 0.9281394053322238 3.4836138576524758 0.0 26.000875782667034 126.0 8.126984126984144 1.6772219701404978 1.266440146919754 4.6261065484396156 0.0 26.691281207861355 111.0 9.225225225225216 3.215174161356519 4.115440220494991 13.241912419968985 0.0 16.309553926498698 49.0 20.89795918367347 1.3812455820019316 0.87736710068841 3.332808309342373 0.0 26.121618557082936 133.0 7.6992481203007515 1.704060319635603 1.3507257260432604 5.6352774948562505 0.0 27.650361082446572 110.0 9.309090909090905 3.8649473481133176 6.466106547867601 24.628416408678792 0.0 21.257994108536618 46.0 22.260869565217398 1.410342496680556 0.9965322428027106 3.6016230121356916 0.0 26.215785468000025 126.0 8.126984126984144 0.0 0.0 0.0 0.0 0.0 1.0 1024.0 0.0 0.0 0.0 0.0 0.0 37.0 27.675675675675677 0.0 0.0 0.0 0.0 0.0 1.0 1024.0 0.0 0.0 0.0 0.0 0.0 1.0 1024.0 0.0 0.0 0.0 0.0 0.0 37.0 27.675675675675677 0.0 0.0 0.0 0.0 0.0 1.0 1024.0 0.0 0.0 0.0 0.0 0.0 1.0 1024.0 0.0 0.0 0.0 0.0 0.0 37.0 27.675675675675677 0.0 0.0 0.0 0.0 0.0 1.0 1024.0 1.7858539173947983 1.2084329792231998 4.805157531375327 0.0 25.47597773415589 151.0 6.7814569536423885 4.58106600659779 4.752829121290701 15.074033345448699 0.0 19.31325074437748 51.0 20.078431372549023 1.3834532845382594 0.9662471048660553 3.4864782878754865 0.0 25.306913250458557 179.0 5.720670391061458 1.6991100769199954 1.2140762376122727 4.805157531375327 0.0 26.18490363523283 162.0 6.3209876543209775 4.623389552209654 4.626418050729 15.166946884958433 0.0 19.60975946760939 50.0 20.48 1.3614056653013034 0.9265244857932537 3.355582661291501 0.0 25.771921073685526 195.0 5.251282051282048 1.8419174397841414 1.3651465031948293 5.869339320126588 0.0 26.37877979725675 145.0 7.06206896551723 6.599812247510329 8.555497930014969 28.568402560419546 0.0 23.60727266036167 44.0 23.272727272727266 1.4685772678168236 1.0158776072768176 3.9592310638267834 0.0 25.16905258271956 175.0 5.851428571428562 1.4821718997126845 3.7743625924153417 41.78745222094094 0.0 29.348448643212514 638.0 1.6050156739811945 24.07319097332853 10.878977035411614 36.9901087825193 0.0 13.537096399266316 42.0 24.380952380952376 0.67316311656262 1.058939836325291 4.365364986724842 0.0 29.23826360004977 667.0 1.535232383808098 1.4169618569110516 3.4117222292526472 32.874741622928155 0.0 29.45164062088824 644.0 1.5900621118012397 26.413959054522664 9.991545507772553 41.631810312897706 0.0 9.48347659176922 38.0 26.947368421052634 0.6580914509313256 1.0264785295261905 3.5217069291965686 0.0 29.384316693613304 680.0 1.505882352941178 1.3946511866458113 3.502690858301952 45.01462284090048 0.0 29.345482224521774 641.0 1.5975039001560107 28.13662262744742 5.58675950686399 35.76295777937128 0.0 7.64368178375316 36.0 28.44444444444444 0.6977944404766012 1.0905571814145025 4.365364986724842 0.0 29.32950224089589 666.0 1.5375375375375404 1.6746735490404028 1.2433161194599875 4.6261065484396156 0.0 24.98505840449189 101.0 10.138613861386132 2.5324378870222732 3.902427608607587 13.834661177334347 0.0 14.813888714908384 62.0 16.516129032258075 1.3178861141563876 0.9750308088012033 4.073861351449937 0.0 25.66074029203158 128.0 8.0 1.602221750419487 1.2426354247703668 4.6261065484396156 0.0 26.544208476207213 120.0 8.533333333333319 3.1311994072918305 4.096304100739235 13.241912419968985 0.0 16.203293742649567 50.0 20.48 1.2633665389241044 0.9192786630698311 3.332808309342373 0.0 26.74972317313853 146.0 7.0136986301369735 1.674387059082458 1.3201575983133744 5.6352774948562505 0.0 26.752491713974823 112.0 9.142857142857128 3.113017183488226 5.998648046388834 24.628416408678792 0.0 19.493349159256233 57.0 17.964912280701753 1.4032207277518796 1.013757166636511 3.6016230121356916 0.0 25.52860828474595 123.0 8.32520325203253 
238.0005150327869 1.6401333040973167 1.2458651652625916 4.6261065484396156 0.0 25.909935310345357 107.0 9.570093457943923 3.056263059684581 4.12259513383657 13.834661177334347 0.0 15.970947686880438 51.0 20.078431372549026 1.3246991553798906 0.9281394053322238 3.4836138576524758 0.0 26.000875782667034 126.0 8.126984126984144 1.67712832306609 1.2665449586438238 4.6261065484396156 0.0 26.691076085605303 111.0 9.225225225225216 3.215174161356519 4.115440220494991 13.241912419968985 0.0 16.309553926498698 49.0 20.89795918367347 1.3812455820019316 0.87736710068841 3.332808309342373 0.0 26.121618557082936 133.0 7.6992481203007515 1.704060319635603 1.3507257260432604 5.6352774948562505 0.0 27.650361082446572 110.0 9.309090909090905 3.8649473481133176 6.466106547867601 24.628416408678792 0.0 21.257994108536618 46.0 22.260869565217398 1.410342496680556 0.9965322428027106 3.6016230121356916 0.0 26.215785468000025 126.0 8.126984126984144 0.0 0.0 0.0 0.0 0.0 1.0 1024.0 0.0 0.0 0.0 0.0 0.0 37.0 27.675675675675677 0.0 0.0 0.0 0.0 0.0 1.0 1024.0 0.0 0.0 0.0 0.0 0.0 1.0 1024.0 0.0 0.0 0.0 0.0 0.0 37.0 27.675675675675677 0.0 0.0 0.0 0.0 0.0 1.0 1024.0 0.0 0.0 0.0 0.0 0.0 1.0 1024.0 0.0 0.0 0.0 0.0 0.0 37.0 27.675675675675677 0.0 0.0 0.0 0.0 0.0 1.0 1024.0 1.787672453712545 1.2080600416820209 4.805157531375327 0.0 25.475944497194245 151.0 6.7814569536423885 4.58106600659779 4.752829121290701 15.074033345448699 0.0 19.31325074437748 51.0 20.078431372549023 1.3834532845382594 0.9662471048660553 3.4864782878754865 0.0 25.306913250458557 179.0 5.720670391061458 1.6991100769199954 1.2140762376122727 4.805157531375327 0.0 26.18490363523283 162.0 6.3209876543209775 4.623389552209654 4.626418050729 15.166946884958433 0.0 19.60975946760939 50.0 20.48 1.3614056653013034 0.9265244857932537 3.355582661291501 0.0 25.771921073685526 195.0 5.251282051282048 1.8419174397841414 1.3651465031948293 5.869339320126588 0.0 26.37877979725675 145.0 7.06206896551723 6.599812247510329 8.555497930014969 28.568402560419546 0.0 23.60727266036167 44.0 23.272727272727266 1.4685772678168236 1.0158776072768176 3.9592310638267834 0.0 25.16905258271956 175.0 5.851428571428562 1.4821718997126845 3.7743625924153417 41.78745222094094 0.0 29.348448643212514 638.0 1.6050156739811945 24.07319097332853 10.878977035411614 36.9901087825193 0.0 13.537096399266316 42.0 24.380952380952376 0.67316311656262 1.058939836325291 4.365364986724842 0.0 29.23826360004977 667.0 1.535232383808098 1.4169618569110516 3.4117222292526472 32.874741622928155 0.0 29.45164062088824 644.0 1.5900621118012397 26.413959054522664 9.991545507772553 41.631810312897706 0.0 9.48347659176922 38.0 26.947368421052634 0.6580914509313256 1.0264785295261905 3.5217069291965686 0.0 29.384316693613304 680.0 1.505882352941178 1.3946511866458113 3.502690858301952 45.01462284090048 0.0 29.345482224521774 641.0 1.5975039001560107 28.13662262744742 5.58675950686399 35.76295777937128 0.0 7.64368178375316 36.0 28.44444444444444 0.6977944404766012 1.0905571814145025 4.365364986724842 0.0 29.32950224089589 666.0 1.5375375375375404 1.568629497655743 1.2653750646349284 4.6261065484396156 0.0 25.533199051561795 109.0 9.394495412844037 2.492049094540277 3.883769030378944 13.834661177334347 0.0 14.69775391884786 63.0 16.253968253968253 1.2753410039006283 0.9903148908647089 4.073861351449937 0.0 25.84654556634902 132.0 7.757575757575764 1.5272443584481452 1.2593161986934445 4.6261065484396156 0.0 26.777616892721966 126.0 8.126984126984144 3.195076629727408 4.113516560555482 13.241912419968985 0.0 16.315634863384062 49.0 20.89795918367347 1.2759163152868298 0.9127954881641679 3.332808309342373 0.0 26.738245959786564 145.0 7.062068965517231 1.603231306033833 1.3352914228602104 5.6352774948562505 0.0 27.08348276341689 117.0 8.752136752136737 3.354500665550771 6.156857388084545 24.628416408678792 0.0 20.091494753427344 53.0 19.320754716981135 1.3484053091197827 1.0306496270954597 3.6016230121356916 0.0 26.047490596942573 128.0 8.0 
239.0005150327869 1.6401333040973167 1.2458651652625916 4.6261065484396156 0.0 25.909935310345357 107.0 9.570093457943923 3.056263059684581 4.12259513383657 13.834661177334347 0.0 15.970947686880438 51.0 20.078431372549026 1.3246991553798906 0.9281394053322238 3.4836138576524758 0.0 26.000875782667034 126.0 8.126984126984144 1.6770050414951478 1.2666833428370243 4.6261065484396156 0.0 26.690841412589236 111.0 9.225225225225216 3.215174161356519 4.115440220494991 13.241912419968985 0.0 16.309553926498698 49.0 20.89795918367347 1.3812455820019316 0.87736710068841 3.332808309342373 0.0 26.121618557082936 133.0 7.6992481203007515 1.704060319635603 1.3507257260432604 5.6352774948562505 0.0 27.650361082446572 110.0 9.309090909090905 3.8649473481133176 6.466106547867601 24.628416408678792 0.0 21.257994108536618 46.0 22.260869565217398 1.410342496680556 0.9965322428027106 3.6016230121356916 0.0 26.215785468000025 126.0 8.126984126984144 0.0 0.0 0.0 0.0 0.0 1.0 1024.0 0.0 0.0 0.0 0.0 0.0 37.0 27.675675675675677 0.0 0.0 0.0 0.0 0.0 1.0 1024.0 0.0 0.0 0.0 0.0 0.0 1.0 1024.0 0.0 0.0 0.0 0.0 0.0 37.0 27.675675675675677 0.0 0.0 0.0 0.0 0.0 1.0 1024.0 0.0 0.0 0.0 0.0 0.0 1.0 1024.0 0.0 0.0 0.0 0.0 0.0 37.0 27.675675675675677 0.0 0.0 0.0 0.0 0.0 1.0 1024.0 1.7878053884871674 1.212411216463421 4.805157531375327 0.0 25.34824600436139 150.0 6.826666666666676 4.58106600659779 4.752829121290701 15.074033345448699 0.0 19.31325074437748 51.0 20.078431372549023 1.3834532845382594 0.9662471048660553 3.4864782878754865 0.0 25.306913250458557 179.0 5.720670391061458 1.6991100769199954 1.2140762376122727 4.805157531375327 0.0 26.18490363523283 162.0 6.3209876543209775 4.623389552209654 4.626418050729 15.166946884958433 0.0 19.60975946760939 50.0 20.48 1.3614056653013034 0.9265244857932537 3.355582661291501 0.0 25.771921073685526 195.0 5.251282051282048 1.8419174397841414 1.3651465031948293 5.869339320126588 0.0 26.37877979725675 145.0 7.06206896551723 6.599812247510329 8.555497930014969 28.568402560419546 0.0 23.60727266036167 44.0 23.272727272727266 1.4685772678168236 1.0158776072768176 3.9592310638267834 0.0 25.16905258271956 175.0 5.851428571428562 1.4821718997126845 3.7743625924153417 41.78745222094094 0.0 29.348448643212514 638.0 1.6050156739811945 24.07319097332853 10.878977035411614 36.9901087825193 0.0 13.537096399266316 42.0 24.380952380952376 0.67316311656262 1.058939836325291 4.365364986724842 0.0 29.23826360004977 667.0 1.535232383808098 1.4169618569110516 3.4117222292526472 32.874741622928155 0.0 29.45164062088824 644.0 1.5900621118012397 26.413959054522664 9.991545507772553 41.631810312897706 0.0 9.48347659176922 38.0 26.947368421052634 0.6580914509313256 1.0264785295261905 3.5217069291965686 0.0 29.384316693613304 680.0 1.505882352941178 1.3946511866458113 3.502690858301952 45.01462284090048 0.0 29.345482224521774 641.0 1.5975039001560107 28.13662262744742 5.58675950686399 35.76295777937128 0.0 7.64368178375316 36.0 28.44444444444444 0.6977944404766012 1.0905571814145025 4.365364986724842 0.0 29.32950224089589 666.0 1.5375375375375404 1.6176116659403055 1.2436287892306592 4.6261065484396156 0.0 25.390612421283826 107.0 9.570093457943923 2.899475737419266 4.0562410475068775 13.834661177334347 0.0 15.592857607903019 54.0 18.962962962962962 1.2695446867187226 0.9942853342088845 4.39897999957627 0.0 25.96106584665731 135.0 7.585185185185177 1.5857206425667896 1.2378686099555651 4.6261065484396156 0.0 26.70001344632436 122.0 8.393442622950813 3.195076629727408 4.113516560555482 13.241912419968985 0.0 16.315634863384062 49.0 20.89795918367347 1.2730787246131365 0.9151727987608017 3.332808309342373 0.0 26.6766415377721 145.0 7.062068965517231 1.5582590502486113 1.3421887053281525 5.6352774948562505 0.0 27.33280846695356 122.0 8.393442622950813 3.697439739309725 6.376945603742658 24.628416408678792 0.0 20.88516421650107 48.0 21.33333333333333 1.2956111826265806 1.0392592889436936 3.6016230121356916 0.0 26.456208775444654 133.0 7.6992481203007515 
240.0005150327869 1.6401333040973167 1.2458651652625916 4.6261065484396156 0.0 25.909935310345357 107.0 9.570093457943923 3.056263059684581 4.12259513383657 13.834661177334347 0.0 15.970947686880438 51.0 20.078431372549026 1.3246991553798906 0.9281394053322238 3.4836138576524758 0.0 26.000875782667034 126.0 8.126984126984144 1.6612610071034546 1.27173925603892 4.6261065484396156 0.0 26.745874755032556 112.0 9.142857142857132 3.215174161356519 4.115440220494991 13.241912419968985 0.0 16.309553926498698 49.0 20.89795918367347 1.3812455820019316 0.87736710068841 3.332808309342373 0.0 26.121618557082936 133.0 7.6992481203007515 1.704060319635603 1.3507257260432604 5.6352774948562505 0.0 27.650361082446572 110.0 9.309090909090905 3.8649473481133176 6.466106547867601 24.628416408678792 0.0 21.257994108536618 46.0 22.260869565217398 1.410342496680556 0.9965322428027106 3.6016230121356916 0.0 26.215785468000025 126.0 8.126984126984144 0.0 0.0 0.0 0.0 0.0 1.0 1024.0 0.0 0.0 0.0 0.0 0.0 37.0 27.675675675675677 0.0 0.0 0.0 0.0 0.0 1.0 1024.0 0.0 0.0 0.0 0.0 0.0 1.0 1024.0 0.0 0.0 0.0 0.0 0.0 37.0 27.675675675675677 0.0 0.0 0.0 0.0 0.0 1.0 1024.0 0.0 0.0 0.0 0.0 0.0 1.0 1024.0 0.0 0.0 0.0 0.0 0.0 37.0 27.675675675675677 0.0 0.0 0.0 0.0 0.0 1.0 1024.0 1.7877583537641695 1.2124324717253798 4.805157531375327 0.0 25.348060771260798 150.0 6.826666666666676 4.58106600659779 4.752829121290701 15.074033345448699 0.0 19.31325074437748 51.0 20.078431372549023 1.3834532845382594 0.9662471048660553 3.4864782878754865 0.0 25.306913250458557 179.0 5.720670391061458 1.6991100769199954 1.2140762376122727 4.805157531375327 0.0 26.18490363523283 162.0 6.3209876543209775 4.623389552209654 4.626418050729 15.166946884958433 0.0 19.60975946760939 50.0 20.48 1.3614056653013034 0.9265244857932537 3.355582661291501 0.0 25.771921073685526 195.0 5.251282051282048 1.8419174397841414 1.3651465031948293 5.869339320126588 0.0 26.37877979725675 145.0 7.06206896551723 6.599812247510329 8.555497930014969 28.568402560419546 0.0 23.60727266036167 44.0 23.272727272727266 1.4685772678168236 1.0158776072768176 3.9592310638267834 0.0 25.16905258271956 175.0 5.851428571428562 1.4821718997126845 3.7743625924153417 41.78745222094094 0.0 29.348448643212514 638.0 1.6050156739811945 24.07319097332853 10.878977035411614 36.9901087825193 0.0 13.537096399266316 42.0 24.380952380952376 0.67316311656262 1.058939836325291 4.365364986724842 0.0 29.23826360004977 667.0 1.535232383808098 1.4169618569110516 3.4117222292526472 32.874741622928155 0.0 29.45164062088824 644.0 1.5900621118012397 26.413959054522664 9.991545507772553 41.631810312897706 0.0 9.48347659176922 38.0 26.947368421052634 0.6580914509313256 1.0264785295261905 3.5217069291965686 0.0 29.384316693613304 680.0 1.505882352941178 1.3946511866458113 3.502690858301952 45.01462284090048 0.0 29.345482224521774 641.0 1.5975039001560107 28.13662262744742 5.58675950686399 35.76295777937128 0.0 7.64368178375316 36.0 28.44444444444444 0.6977944404766012 1.0905571814145025 4.365364986724842 0.0 29.32950224089589 666.0 1.5375375375375404 1.665686179776178 1.2389469097758703 4.6261065484396156 0.0 25.145451460508514 103.0 9.941747572815537 3.0354422592106407 4.078448201725409 13.834661177334347 0.0 15.855074478006044 52.0 19.692307692307697 1.2745681950756136 0.9970473022738118 4.39897999957627 0.0 25.940092066121508 134.0 7.641791044776107 1.5937632030383673 1.2499256035936552 4.6261065484396156 0.0 26.666146136301393 120.0 8.53333333333332 3.195076629727408 4.113516560555482 13.241912419968985 0.0 16.315634863384062 49.0 20.89795918367347 1.280424670861597 0.9131085993137048 3.332808309342373 0.0 26.611561055296562 144.0 7.111111111111123 1.67060950569032 1.3192013130625737 5.6352774948562505 0.0 26.919781295578836 114.0 8.982456140350859 3.776449738212561 6.422096833223004 24.628416408678792 0.0 21.052671963765842 47.0 21.787234042553187 1.4157340124648472 0.9995271490741243 3.6016230121356916 0.0 25.77654602083694 123.0 8.32520325203253 
241.0005150327869 1.6401333040973167 1.2458651652625916 4.6261065484396156 0.0 25.909935310345357 107.0 9.570093457943923 3.056263059684581 4.12259513383657 13.834661177334347 0.0 15.970947686880438 51.0 20.078431372549026 1.3246991553798906 0.9281394053322238 3.4836138576524758 0.0 26.000875782667034 126.0 8.126984126984144 1.6612571975779769 1.271733090329494 4.6261065484396156 0.0 26.745960942726416 112.0 9.142857142857132 3.215174161356519 4.115440220494991 13.241912419968985 0.0 16.309553926498698 49.0 20.89795918367347 1.3812455820019316 0.87736710068841 3.332808309342373 0.0 26.121618557082936 133.0 7.6992481203007515 1.704060319635603 1.3507257260432604 5.6352774948562505 0.0 27.650361082446572 110.0 9.309090909090905 3.8649473481133176 6.466106547867601 24.628416408678792 0.0 21.257994108536618 46.0 22.260869565217398 1.410342496680556 0.9965322428027106 3.6016230121356916 0.0 26.215785468000025 126.0 8.126984126984144 0.0 0.0 0.0 0.0 0.0 1.0 1024.0 0.0 0.0 0.0 0.0 0.0 37.0 27.675675675675677 0.0 0.0 0.0 0.0 0.0 1.0 1024.0 0.0 0.0 0.0 0.0 0.0 1.0 1024.0 0.0 0.0 0.0 0.0 0.0 37.0 27.675675675675677 0.0 0.0 0.0 0.0 0.0 1.0 1024.0 0.0 0.0 0.0 0.0 0.0 1.0 1024.0 0.0 0.0 0.0 0.0 0.0 37.0 27.675675675675677 0.0 0.0 0.0 0.0 0.0 1.0 1024.0 1.7875259986550014 1.2125365004824775 4.805157531375327 0.0 25.3473804620479 150.0 6.826666666666676 4.58106600659779 4.752829121290701 15.074033345448699 0.0 19.31325074437748 51.0 20.078431372549023 1.3834532845382594 0.9662471048660553 3.4864782878754865 0.0 25.306913250458557 179.0 5.720670391061458 1.6991100769199954 1.2140762376122727 4.805157531375327 0.0 26.18490363523283 162.0 6.3209876543209775 4.623389552209654 4.626418050729 15.166946884958433 0.0 19.60975946760939 50.0 20.48 1.3614056653013034 0.9265244857932537 3.355582661291501 0.0 25.771921073685526 195.0 5.251282051282048 1.8419174397841414 1.3651465031948293 5.869339320126588 0.0 26.37877979725675 145.0 7.06206896551723 6.599812247510329 8.555497930014969 28.568402560419546 0.0 23.60727266036167 44.0 23.272727272727266 1.4685772678168236 1.0158776072768176 3.9592310638267834 0.0 25.16905258271956 175.0 5.851428571428562 1.4821718997126845 3.7743625924153417 41.78745222094094 0.0 29.348448643212514 638.0 1.6050156739811945 24.07319097332853 10.878977035411614 36.9901087825193 0.0 13.537096399266316 42.0 24.380952380952376 0.67316311656262 1.058939836325291 4.365364986724842 0.0 29.23826360004977 667.0 1.535232383808098 1.4169618569110516 3.4117222292526472 32.874741622928155 0.0 29.45164062088824 644.0 1.5900621118012397 26.413959054522664 9.991545507772553 41.631810312897706 0.0 9.48347659176922 38.0 26.947368421052634 0.6580914509313256 1.0264785295261905 3.5217069291965686 0.0 29.384316693613304 680.0 1.505882352941178 1.3946511866458113 3.502690858301952 45.01462284090048 0.0 29.345482224521774 641.0 1.5975039001560107 28.13662262744742 5.58675950686399 35.76295777937128 0.0 7.64368178375316 36.0 28.44444444444444 0.6977944404766012 1.0905571814145025 4.365364986724842 0.0 29.32950224089589 666.0 1.5375375375375404 1.6516520914724189 1.244014744138145 4.6261065484396156 0.0 25.127552404568604 104.0 9.846153846153834 2.895991350481014 4.060234080575138 13.834661177334347 0.0 15.64058051593916 54.0 18.962962962962962 1.3333385127048296 0.9815905243346388 4.39897999957627 0.0 25.654634522928244 128.0 8.0 1.5594145376288002 1.2621783082306905 4.6261065484396156 0.0 26.703735940976486 122.0 8.393442622950813 3.195076629727408 4.113516560555482 13.241912419968985 0.0 16.315634863384062 49.0 20.89795918367347 1.279951167036095 0.9130408842064538 3.332808309342373 0.0 26.64991476300147 144.0 7.111111111111124 1.7018881816826132 1.318569027132632 5.6352774948562505 0.0 26.7731562880094 112.0 9.142857142857128 3.6977919557651964 6.376738200239161 24.628416408678792 0.0 20.885343271386837 48.0 21.33333333333333 1.4243928111797877 0.9991298784970193 3.6016230121356916 0.0 25.618160419518656 122.0 8.393442622950813 
242.0005150327869 1.6401333040973167 1.2458651652625916 4.6261065484396156 0.0 25.909935310345357 107.0 9.570093457943923 3.056263059684581 4.12259513383657 13.834661177334347 0.0 15.970947686880438 51.0 20.078431372549026 1.3246991553798906 0.9281394053322238 3.4836138576524758 0.0 26.000875782667034 126.0 8.126984126984144 1.6612571975779769 1.271733090329494 4.6261065484396156 0.0 26.745960942726416 112.0 9.142857142857132 3.215174161356519 4.115440220494991 13.241912419968985 0.0 16.309553926498698 49.0 20.89795918367347 1.3812455820019316 0.87736710068841 3.332808309342373 0.0 26.121618557082936 133.0 7.6992481203007515 1.704060319635603 1.3507257260432604 5.6352774948562505 0.0 27.650361082446572 110.0 9.309090909090905 3.8649473481133176 6.466106547867601 24.628416408678792 0.0 21.257994108536618 46.0 22.260869565217398 1.410342496680556 0.9965322428027106 3.6016230121356916 0.0 26.215785468000025 126.0 8.126984126984144 0.0 0.0 0.0 0.0 0.0 1.0 1024.0 0.0 0.0 0.0 0.0 0.0 37.0 27.675675675675677 0.0 0.0 0.0 0.0 0.0 1.0 1024.0 0.0 0.0 0.0 0.0 0.0 1.0 1024.0 0.0 0.0 0.0 0.0 0.0 37.0 27.675675675675677 0.0 0.0 0.0 0.0 0.0 1.0 1024.0 0.0 0.0 0.0 0.0 0.0 1.0 1024.0 0.0 0.0 0.0 0.0 0.0 37.0 27.675675675675677 0.0 0.0 0.0 0.0 0.0 1.0 1024.0 1.7871693124569672 1.2127026163862171 4.805157531375327 0.0 25.346288920776093 150.0 6.826666666666676 4.58106600659779 4.752829121290701 15.074033345448699 0.0 19.31325074437748 51.0 20.078431372549023 1.3834532845382594 0.9662471048660553 3.4864782878754865 0.0 25.306913250458557 179.0 5.720670391061458 1.6991100769199954 1.2140762376122727 4.805157531375327 0.0 26.18490363523283 162.0 6.3209876543209775 4.623389552209654 4.626418050729 15.166946884958433 0.0 19.60975946760939 50.0 20.48 1.3614056653013034 0.9265244857932537 3.355582661291501 0.0 25.771921073685526 195.0 5.251282051282048 1.8419174397841414 1.3651465031948293 5.869339320126588 0.0 26.37877979725675 145.0 7.06206896551723 6.599812247510329 8.555497930014969 28.568402560419546 0.0 23.60727266036167 44.0 23.272727272727266 1.4685772678168236 1.0158776072768176 3.9592310638267834 0.0 25.16905258271956 175.0 5.851428571428562 1.4821718997126845 3.7743625924153417 41.78745222094094 0.0 29.348448643212514 638.0 1.6050156739811945 24.07319097332853 10.878977035411614 36.9901087825193 0.0 13.537096399266316 42.0 24.380952380952376 0.67316311656262 1.058939836325291 4.365364986724842 0.0 29.23826360004977 667.0 1.535232383808098 1.4169618569110516 3.4117222292526472 32.874741622928155 0.0 29.45164062088824 644.0 1.5900621118012397 26.413959054522664 9.991545507772553 41.631810312897706 0.0 9.48347659176922 38.0 26.947368421052634 0.6580914509313256 1.0264785295261905 3.5217069291965686 0.0 29.384316693613304 680.0 1.505882352941178 1.3946511866458113 3.502690858301952 45.01462284090048 0.0 29.345482224521774 641.0 1.5975039001560107 28.13662262744742 5.58675950686399 35.76295777937128 0.0 7.64368178375316 36.0 28.44444444444444 0.6977944404766012 1.0905571814145025 4.365364986724842 0.0 29.32950224089589 666.0 1.5375375375375404 1.556524235494424 1.2608930431190808 4.6261065484396156 0.0 25.483725152182224 111.0 9.225225225225213 2.7307754425632855 4.011101066911066 13.834661177334347 0.0 15.312715125620599 57.0 17.964912280701753 1.2941145112838028 0.9983543572531183 4.39897999957627 0.0 25.846752304306964 132.0 7.757575757575764 1.4521566898377478 1.2798944929323428 4.6261065484396156 0.0 26.758974396899024 131.0 7.816793893129761 3.195076629727408 4.113516560555482 13.241912419968985 0.0 16.315634863384062 49.0 20.89795918367347 1.3077090071642945 0.9003426602664569 3.332808309342373 0.0 26.577555985684548 142.0 7.21126760563381 1.6161358094878653 1.3373329141505297 5.6352774948562505 0.0 27.124519583055697 118.0 8.67796610169493 3.6972838621452944 6.377037139053898 24.628416408678792 0.0 20.885395436370274 48.0 21.33333333333333 1.36777813972 1.0211578473730059 3.6016230121356916 0.0 26.130867359901927 127.0 8.062992125984264 
243.0005150327869 1.6401333040973167 1.2458651652625916 4.6261065484396156 0.0 25.909935310345357 107.0 9.570093457943923 3.056263059684581 4.12259513383657 13.834661177334347 0.0 15.970947686880438 51.0 20.078431372549026 1.3246991553798906 0.9281394053322238 3.4836138576524758 0.0 26.000875782667034 126.0 8.126984126984144 1.6612571975779769 1.271733090329494 4.6261065484396156 0.0 26.745960942726416 112.0 9.142857142857132 3.215174161356519 4.115440220494991 13.241912419968985 0.0 16.309553926498698 49.0 20.89795918367347 1.3812455820019316 0.87736710068841 3.332808309342373 0.0 26.121618557082936 133.0 7.6992481203007515 1.704060319635603 1.3507257260432604 5.6352774948562505 0.0 27.650361082446572 110.0 9.309090909090905 3.8649473481133176 6.466106547867601 24.628416408678792 0.0 21.257994108536618 46.0 22.260869565217398 1.410342496680556 0.9965322428027106 3.6016230121356916 0.0 26.215785468000025 126.0 8.126984126984144 0.0 0.0 0.0 0.0 0.0 1.0 1024.0 0.0 0.0 0.0 0.0 0.0 37.0 27.675675675675677 0.0 0.0 0.0 0.0 0.0 1.0 1024.0 0.0 0.0 0.0 0.0 0.0 1.0 1024.0 0.0 0.0 0.0 0.0 0.0 37.0 27.675675675675677 0.0 0.0 0.0 0.0 0.0 1.0 1024.0 0.0 0.0 0.0 0.0 0.0 1.0 1024.0 0.0 0.0 0.0 0.0 0.0 37.0 27.675675675675677 0.0 0.0 0.0 0.0 0.0 1.0 1024.0 1.78703898055267 1.2127660595682555 4.805157531375327 0.0 25.34570562286255 150.0 6.826666666666676 4.58106600659779 4.752829121290701 15.074033345448699 0.0 19.31325074437748 51.0 20.078431372549023 1.3834532845382594 0.9662471048660553 3.4864782878754865 0.0 25.306913250458557 179.0 5.720670391061458 1.700508871265377 1.2122334032294413 4.805157531375327 0.0 26.18678658225006 162.0 6.3209876543209775 4.623389552209654 4.626418050729 15.166946884958433 0.0 19.60975946760939 50.0 20.48 1.3614056653013034 0.9265244857932537 3.355582661291501 0.0 25.771921073685526 195.0 5.251282051282048 1.8419174397841414 1.3651465031948293 5.869339320126588 0.0 26.37877979725675 145.0 7.06206896551723 6.599812247510329 8.555497930014969 28.568402560419546 0.0 23.60727266036167 44.0 23.272727272727266 1.4685772678168236 1.0158776072768176 3.9592310638267834 0.0 25.16905258271956 175.0 5.851428571428562 1.4821718997126845 3.7743625924153417 41.78745222094094 0.0 29.348448643212514 638.0 1.6050156739811945 24.07319097332853 10.878977035411614 36.9901087825193 0.0 13.537096399266316 42.0 24.380952380952376 0.67316311656262 1.058939836325291 4.365364986724842 0.0 29.23826360004977 667.0 1.535232383808098 1.4169618569110516 3.4117222292526472 32.874741622928155 0.0 29.45164062088824 644.0 1.5900621118012397 26.413959054522664 9.991545507772553 41.631810312897706 0.0 9.48347659176922 38.0 26.947368421052634 0.6580914509313256 1.0264785295261905 3.5217069291965686 0.0 29.384316693613304 680.0 1.505882352941178 1.3946511866458113 3.502690858301952 45.01462284090048 0.0 29.345482224521774 641.0 1.5975039001560107 28.13662262744742 5.58675950686399 35.76295777937128 0.0 7.64368178375316 36.0 28.44444444444444 0.6977944404766012 1.0905571814145025 4.365364986724842 0.0 29.32950224089589 666.0 1.5375375375375404 1.6076916471296059 1.2371969628203785 4.6261065484396156 0.0 25.43370499841599 109.0 9.394495412844037 2.9402263364565147 4.085484282464804 13.834661177334347 0.0 15.742388157495597 53.0 19.320754716981135 1.2890862978675335 0.9882236354125082 4.39897999957627 0.0 25.95019379026509 134.0 7.641791044776107 1.529556747249475 1.2615543826951034 4.6261065484396156 0.0 26.714742368906425 125.0 8.191999999999993 3.202412124589258 4.11284214345626 13.241912419968985 0.0 16.31386156342311 49.0 20.89795918367347 1.3184235316657225 0.8935789384551805 3.332808309342373 0.0 26.541103879575733 141.0 7.262411347517723 1.551771841482774 1.3468707896860204 5.6352774948562505 0.0 27.346781316222035 123.0 8.32520325203253 3.412927757815125 6.20212809348223 24.628416408678792 0.0 20.248419199163397 52.0 19.6923076923077 1.317382060562077 1.0338652572687153 3.6016230121356916 0.0 26.529436306121635 132.0 7.757575757575764 
244.0005150327869 1.6401333040973167 1.2458651652625916 4.6261065484396156 0.0 25.909935310345357 107.0 9.570093457943923 3.056263059684581 4.12259513383657 13.834661177334347 0.0 15.970947686880438 51.0 20.078431372549026 1.3246991553798906 0.9281394053322238 3.4836138576524758 0.0 26.000875782667034 126.0 8.126984126984144 1.6612571975779769 1.271733090329494 4.6261065484396156 0.0 26.745960942726416 112.0 9.142857142857132 3.215174161356519 4.115440220494991 13.241912419968985 0.0 16.309553926498698 49.0 20.89795918367347 1.3812455820019316 0.87736710068841 3.332808309342373 0.0 26.121618557082936 133.0 7.6992481203007515 1.704060319635603 1.3507257260432604 5.6352774948562505 0.0 27.650361082446572 110.0 9.309090909090905 3.8649473481133176 6.466106547867601 24.628416408678792 0.0 21.257994108536618 46.0 22.260869565217398 1.410342496680556 0.9965322428027106 3.6016230121356916 0.0 26.215785468000025 126.0 8.126984126984144 0.0 0.0 0.0 0.0 0.0 1.0 1024.0 0.0 0.0 0.0 0.0 0.0 37.0 27.675675675675677 0.0 0.0 0.0 0.0 0.0 1.0 1024.0 0.0 0.0 0.0 0.0 0.0 1.0 1024.0 0.0 0.0 0.0 0.0 0.0 37.0 27.675675675675677 0.0 0.0 0.0 0.0 0.0 1.0 1024.0 0.0 0.0 0.0 0.0 0.0 1.0 1024.0 0.0 0.0 0.0 0.0 0.0 37.0 27.675675675675677 0.0 0.0 0.0 0.0 0.0 1.0 1024.0 1.7868411094393724 1.2128631534577023 4.805157531375327 0.0 25.34502462860593 150.0 6.826666666666676 4.58106600659779 4.752829121290701 15.074033345448699 0.0 19.31325074437748 51.0 20.078431372549023 1.3834532845382594 0.9662471048660553 3.4864782878754865 0.0 25.306913250458557 179.0 5.720670391061458 1.700508871265377 1.2122334032294413 4.805157531375327 0.0 26.18678658225006 162.0 6.3209876543209775 4.623389552209654 4.626418050729 15.166946884958433 0.0 19.60975946760939 50.0 20.48 1.3614056653013034 0.9265244857932537 3.355582661291501 0.0 25.771921073685526 195.0 5.251282051282048 1.8419174397841414 1.3651465031948293 5.869339320126588 0.0 26.37877979725675 145.0 7.06206896551723 6.599812247510329 8.555497930014969 28.568402560419546 0.0 23.60727266036167 44.0 23.272727272727266 1.4685772678168236 1.0158776072768176 3.9592310638267834 0.0 25.16905258271956 175.0 5.851428571428562 1.4821718997126845 3.7743625924153417 41.78745222094094 0.0 29.348448643212514 638.0 1.6050156739811945 24.07319097332853 10.878977035411614 36.9901087825193 0.0 13.537096399266316 42.0 24.380952380952376 0.67316311656262 1.058939836325291 4.365364986724842 0.0 29.23826360004977 667.0 1.535232383808098 1.4169618569110516 3.4117222292526472 32.874741622928155 0.0 29.45164062088824 644.0 1.5900621118012397 26.413959054522664 9.991545507772553 41.631810312897706 0.0 9.48347659176922 38.0 26.947368421052634 0.6580914509313256 1.0264785295261905 3.5217069291965686 0.0 29.384316693613304 680.0 1.505882352941178 1.3946511866458113 3.502690858301952 45.01462284090048 0.0 29.345482224521774 641.0 1.5975039001560107 28.13662262744742 5.58675950686399 35.76295777937128 0.0 7.64368178375316 36.0 28.44444444444444 0.6977944404766012 1.0905571814145025 4.365364986724842 0.0 29.32950224089589 666.0 1.5375375375375404 1.6100246006947554 1.251695717873764 4.6261065484396156 0.0 25.281266145181473 107.0 9.570093457943923 2.9408102402515865 4.085148460105336 13.834661177334347 0.0 15.752136376334644 53.0 19.320754716981135 1.2842064943579434 0.9932775866547099 4.39897999957627 0.0 25.95099126397978 134.0 7.641791044776107 1.6416409891734198 1.24020851305971 4.6261065484396156 0.0 26.55042564053226 117.0 8.752136752136739 3.2063147682307673 4.113409238360339 13.241912419968985 0.0 16.312392093283513 49.0 20.89795918367347 1.317392229995298 0.8943004905996305 3.332808309342373 0.0 26.540312966383404 141.0 7.262411347517723 1.6617274993822277 1.3246267053693435 5.6352774948562505 0.0 26.958535028374243 115.0 8.904347826086951 3.412998331593077 6.202088484139407 24.628416408678792 0.0 20.24747504860034 52.0 19.6923076923077 1.4061142977763985 1.005422385238274 3.6016230121356916 0.0 25.856516927297445 124.0 8.25806451612904 
245.0005150327869 1.6401333040973167 1.2458651652625916 4.6261065484396156 0.0 25.909935310345357 107.0 9.570093457943923 3.056263059684581 4.12259513383657 13.834661177334347 0.0 15.970947686880438 51.0 20.078431372549026 1.3246991553798906 0.9281394053322238 3.4836138576524758 0.0 26.000875782667034 126.0 8.126984126984144 1.6612571975779769 1.271733090329494 4.6261065484396156 0.0 26.745960942726416 112.0 9.142857142857132 3.215174161356519 4.115440220494991 13.241912419968985 0.0 16.309553926498698 49.0 20.89795918367347 1.3812455820019316 0.87736710068841 3.332808309342373 0.0 26.121618557082936 133.0 7.6992481203007515 1.704060319635603 1.3507257260432604 5.6352774948562505 0.0 27.650361082446572 110.0 9.309090909090905 3.8649473481133176 6.466106547867601 24.628416408678792 0.0 21.257994108536618 46.0 22.260869565217398 1.410342496680556 0.9965322428027106 3.6016230121356916 0.0 26.215785468000025 126.0 8.126984126984144 0.0 0.0 0.0 0.0 0.0 1.0 1024.0 0.0 0.0 0.0 0.0 0.0 37.0 27.675675675675677 0.0 0.0 0.0 0.0 0.0 1.0 1024.0 0.0 0.0 0.0 0.0 0.0 1.0 1024.0 0.0 0.0 0.0 0.0 0.0 37.0 27.675675675675677 0.0 0.0 0.0 0.0 0.0 1.0 1024.0 0.0 0.0 0.0 0.0 0.0 1.0 1024.0 0.0 0.0 0.0 0.0 0.0 37.0 27.675675675675677 0.0 0.0 0.0 0.0 0.0 1.0 1024.0 1.7865341337201495 1.2130180771838985 4.805157531375327 0.0 25.34422233684455 150.0 6.826666666666676 4.58106600659779 4.752829121290701 15.074033345448699 0.0 19.31325074437748 51.0 20.078431372549023 1.3834532845382594 0.9662471048660553 3.4864782878754865 0.0 25.306913250458557 179.0 5.720670391061458 1.700508871265377 1.2122334032294413 4.805157531375327 0.0 26.18678658225006 162.0 6.3209876543209775 4.623389552209654 4.626418050729 15.166946884958433 0.0 19.60975946760939 50.0 20.48 1.3614056653013034 0.9265244857932537 3.355582661291501 0.0 25.771921073685526 195.0 5.251282051282048 1.8419174397841414 1.3651465031948293 5.869339320126588 0.0 26.37877979725675 145.0 7.06206896551723 6.599812247510329 8.555497930014969 28.568402560419546 0.0 23.60727266036167 44.0 23.272727272727266 1.4685772678168236 1.0158776072768176 3.9592310638267834 0.0 25.16905258271956 175.0 5.851428571428562 1.4821718997126845 3.7743625924153417 41.78745222094094 0.0 29.348448643212514 638.0 1.6050156739811945 24.07319097332853 10.878977035411614 36.9901087825193 0.0 13.537096399266316 42.0 24.380952380952376 0.67316311656262 1.058939836325291 4.365364986724842 0.0 29.23826360004977 667.0 1.535232383808098 1.4169618569110516 3.4117222292526472 32.874741622928155 0.0 29.45164062088824 644.0 1.5900621118012397 26.413959054522664 9.991545507772553 41.631810312897706 0.0 9.48347659176922 38.0 26.947368421052634 0.6580914509313256 1.0264785295261905 3.5217069291965686 0.0 29.384316693613304 680.0 1.505882352941178 1.3946511866458113 3.502690858301952 45.01462284090048 0.0 29.345482224521774 641.0 1.5975039001560107 28.13662262744742 5.58675950686399 35.76295777937128 0.0 7.64368178375316 36.0 28.44444444444444 0.6977944404766012 1.0905571814145025 4.365364986724842 0.0 29.32950224089589 666.0 1.5375375375375404 1.5937337667440135 1.2565191452752609 4.6261065484396156 0.0 25.278009916186505 108.0 9.481481481481493 3.056263059684581 4.12259513383657 13.834661177334347 0.0 15.970947686880438 51.0 20.078431372549026 1.3326222805749939 0.9802926003494624 4.39897999957627 0.0 25.6950616152121 129.0 7.937984496124019 1.616214392091199 1.258254004888676 4.6261065484396156 0.0 26.532340713329894 117.0 8.752136752136739 3.2063147682307673 4.113409238360339 13.241912419968985 0.0 16.312392093283513 49.0 20.89795918367347 1.3035403553897886 0.9060907310885546 3.332808309342373 0.0 26.51648945902215 141.0 7.262411347517723 1.6879796866264252 1.3212192821276019 5.6352774948562505 0.0 26.816943252761643 113.0 9.061946902654856 3.622076136741438 6.3321825294095495 24.628416408678792 0.0 20.720349065483514 49.0 20.89795918367347 1.4147093313530816 1.0051257035108425 3.6016230121356916 0.0 25.729290198925753 123.0 8.32520325203253 
246.0005150327869 1.6401333040973167 1.2458651652625916 4.6261065484396156 0.0 25.909935310345357 107.0 9.570093457943923 3.056263059684581 4.12259513383657 13.834661177334347 0.0 15.970947686880438 51.0 20.078431372549026 1.3246991553798906 0.9281394053322238 3.4836138576524758 0.0 26.000875782667034 126.0 8.126984126984144 1.6612571975779769 1.271733090329494 4.6261065484396156 0.0 26.745960942726416 112.0 9.142857142857132 3.215174161356519 4.115440220494991 13.241912419968985 0.0 16.309553926498698 49.0 20.89795918367347 1.3812455820019316 0.87736710068841 3.332808309342373 0.0 26.121618557082936 133.0 7.6992481203007515 1.704060319635603 1.3507257260432604 5.6352774948562505 0.0 27.650361082446572 110.0 9.309090909090905 3.8649473481133176 6.466106547867601 24.628416408678792 0.0 21.257994108536618 46.0 22.260869565217398 1.410342496680556 0.9965322428027106 3.6016230121356916 0.0 26.215785468000025 126.0 8.126984126984144 0.0 0.0 0.0 0.0 0.0 1.0 1024.0 0.0 0.0 0.0 0.0 0.0 37.0 27.675675675675677 0.0 0.0 0.0 0.0 0.0 1.0 1024.0 0.0 0.0 0.0 0.0 0.0 1.0 1024.0 0.0 0.0 0.0 0.0 0.0 37.0 27.675675675675677 0.0 0.0 0.0 0.0 0.0 1.0 1024.0 0.0 0.0 0.0 0.0 0.0 1.0 1024.0 0.0 0.0 0.0 0.0 0.0 37.0 27.675675675675677 0.0 0.0 0.0 0.0 0.0 1.0 1024.0 1.7862928054011982 1.2131454078948556 4.805157531375327 0.0 25.343748841655007 150.0 6.826666666666676 4.58106600659779 4.752829121290701 15.074033345448699 0.0 19.31325074437748 51.0 20.078431372549023 1.3834532845382594 0.9662471048660553 3.4864782878754865 0.0 25.306913250458557 179.0 5.720670391061458 1.699613299040623 1.213339933310355 4.805157531375327 0.0 26.187529074427058 162.0 6.3209876543209775 4.623389552209654 4.626418050729 15.166946884958433 0.0 19.60975946760939 50.0 20.48 1.3614056653013034 0.9265244857932537 3.355582661291501 0.0 25.771921073685526 195.0 5.251282051282048 1.8419174397841414 1.3651465031948293 5.869339320126588 0.0 26.37877979725675 145.0 7.06206896551723 6.599812247510329 8.555497930014969 28.568402560419546 0.0 23.60727266036167 44.0 23.272727272727266 1.4685772678168236 1.0158776072768176 3.9592310638267834 0.0 25.16905258271956 175.0 5.851428571428562 1.4821718997126845 3.7743625924153417 41.78745222094094 0.0 29.348448643212514 638.0 1.6050156739811945 24.07319097332853 10.878977035411614 36.9901087825193 0.0 13.537096399266316 42.0 24.380952380952376 0.67316311656262 1.058939836325291 4.365364986724842 0.0 29.23826360004977 667.0 1.535232383808098 1.4169618569110516 3.4117222292526472 32.874741622928155 0.0 29.45164062088824 644.0 1.5900621118012397 26.413959054522664 9.991545507772553 41.631810312897706 0.0 9.48347659176922 38.0 26.947368421052634 0.6580914509313256 1.0264785295261905 3.5217069291965686 0.0 29.384316693613304 680.0 1.505882352941178 1.3946511866458113 3.502690858301952 45.01462284090048 0.0 29.345482224521774 641.0 1.5975039001560107 28.13662262744742 5.58675950686399 35.76295777937128 0.0 7.64368178375316 36.0 28.44444444444444 0.6977944404766012 1.0905571814145025 4.365364986724842 0.0 29.32950224089589 666.0 1.5375375375375404 1.5770686089329284 1.2637520900727686 4.6261065484396156 0.0 25.550703508276342 112.0 9.142857142857128 3.056263059684581 4.12259513383657 13.834661177334347 0.0 15.970947686880438 51.0 20.078431372549026 1.2907223221008914 0.9939824488141591 4.39897999957627 0.0 25.88134201100889 133.0 7.6992481203007515 1.5072423348235877 1.2773481758157532 4.6261065484396156 0.0 26.806365591731083 126.0 8.126984126984144 3.2063147682307673 4.113409238360339 13.241912419968985 0.0 16.312392093283513 49.0 20.89795918367347 1.2921469764922349 0.9114551260545976 3.332808309342373 0.0 26.5307149860085 142.0 7.21126760563381 1.6162213248297146 1.3373175331025022 5.6352774948562505 0.0 27.1254435788472 118.0 8.67796610169493 3.697306453051145 6.377023808533557 24.628416408678792 0.0 20.88448013358941 48.0 21.33333333333333 1.359332687344322 1.0230308324967416 3.6016230121356916 0.0 26.20934785195233 128.0 8.0 
247.0005150327869 1.6412594974671766 1.245079246722706 4.6261065484396156 0.0 25.91215058330069 107.0 9.570093457943923 3.056263059684581 4.12259513383657 13.834661177334347 0.0 15.970947686880438 51.0 20.078431372549026 1.3246991553798906 0.9281394053322238 3.4836138576524758 0.0 26.000875782667034 126.0 8.126984126984144 1.6612571975779769 1.271733090329494 4.6261065484396156 0.0 26.745960942726416 112.0 9.142857142857132 3.215174161356519 4.115440220494991 13.241912419968985 0.0 16.309553926498698 49.0 20.89795918367347 1.3812455820019316 0.87736710068841 3.332808309342373 0.0 26.121618557082936 133.0 7.6992481203007515 1.704060319635603 1.3507257260432604 5.6352774948562505 0.0 27.650361082446572 110.0 9.309090909090905 3.8649473481133176 6.466106547867601 24.628416408678792 0.0 21.257994108536618 46.0 22.260869565217398 1.410342496680556 0.9965322428027106 3.6016230121356916 0.0 26.215785468000025 126.0 8.126984126984144 0.0 0.0 0.0 0.0 0.0 1.0 1024.0 0.0 0.0 0.0 0.0 0.0 37.0 27.675675675675677 0.0 0.0 0.0 0.0 0.0 1.0 1024.0 0.0 0.0 0.0 0.0 0.0 1.0 1024.0 0.0 0.0 0.0 0.0 0.0 37.0 27.675675675675677 0.0 0.0 0.0 0.0 0.0 1.0 1024.0 0.0 0.0 0.0 0.0 0.0 1.0 1024.0 0.0 0.0 0.0 0.0 0.0 37.0 27.675675675675677 0.0 0.0 0.0 0.0 0.0 1.0 1024.0 1.7861499107943941 1.2132227194656715 4.805157531375327 0.0 25.34332252298475 150.0 6.826666666666676 4.58106600659779 4.752829121290701 15.074033345448699 0.0 19.31325074437748 51.0 20.078431372549023 1.3834532845382594 0.9662471048660553 3.4864782878754865 0.0 25.306913250458557 179.0 5.720670391061458 1.699613299040623 1.213339933310355 4.805157531375327 0.0 26.187529074427058 162.0 6.3209876543209775 4.623389552209654 4.626418050729 15.166946884958433 0.0 19.60975946760939 50.0 20.48 1.3614056653013034 0.9265244857932537 3.355582661291501 0.0 25.771921073685526 195.0 5.251282051282048 1.8419174397841414 1.3651465031948293 5.869339320126588 0.0 26.37877979725675 145.0 7.06206896551723 6.599812247510329 8.555497930014969 28.568402560419546 0.0 23.60727266036167 44.0 23.272727272727266 1.4685772678168236 1.0158776072768176 3.9592310638267834 0.0 25.16905258271956 175.0 5.851428571428562 1.4821718997126845 3.7743625924153417 41.78745222094094 0.0 29.348448643212514 638.0 1.6050156739811945 24.07319097332853 10.878977035411614 36.9901087825193 0.0 13.537096399266316 42.0 24.380952380952376 0.67316311656262 1.058939836325291 4.365364986724842 0.0 29.23826360004977 667.0 1.535232383808098 1.4169618569110516 3.4117222292526472 32.874741622928155 0.0 29.45164062088824 644.0 1.5900621118012397 26.413959054522664 9.991545507772553 41.631810312897706 0.0 9.48347659176922 38.0 26.947368421052634 0.6580914509313256 1.0264785295261905 3.5217069291965686 0.0 29.384316693613304 680.0 1.505882352941178 1.3946511866458113 3.502690858301952 45.01462284090048 0.0 29.345482224521774 641.0 1.5975039001560107 28.13662262744742 5.58675950686399 35.76295777937128 0.0 7.64368178375316 36.0 28.44444444444444 0.6977944404766012 1.0905571814145025 4.365364986724842 0.0 29.32950224089589 666.0 1.5375375375375404 1.61715350719135 1.246634813392309 4.6261065484396156 0.0 25.438993313326186 110.0 9.309090909090905 3.056263059684581 4.12259513383657 13.834661177334347 0.0 15.970947686880438 51.0 20.078431372549026 1.2812767161189744 0.9885907351720354 4.39897999957627 0.0 25.97357562224512 135.0 7.585185185185177 1.5832925739351418 1.2618998360749636 4.6261065484396156 0.0 26.66108921850673 120.0 8.533333333333319 3.2063147682307673 4.113409238360339 13.241912419968985 0.0 16.312392093283513 49.0 20.89795918367347 1.3123129334089458 0.901322004283195 3.332808309342373 0.0 26.514916442336467 141.0 7.262411347517723 1.5515790350729854 1.3471402430308166 5.6352774948562505 0.0 27.34801975999419 123.0 8.32520325203253 3.6976304949077594 6.376832426592387 24.628416408678792 0.0 20.884588602659417 48.0 21.33333333333333 1.309437826738562 1.0350735464599097 3.6016230121356916 0.0 26.586316991053653 133.0 7.6992481203007515 
248.0005150327869 1.6407124283601726 1.2455852585144043 4.6261065484396156 0.0 25.912336560327628 107.0 9.570093457943923 3.056263059684581 4.12259513383657 13.834661177334347 0.0 15.970947686880438 51.0 20.078431372549026 1.3246991553798906 0.9281394053322238 3.4836138576524758 0.0 26.000875782667034 126.0 8.126984126984144 1.6612571975779769 1.271733090329494 4.6261065484396156 0.0 26.745960942726416 112.0 9.142857142857132 3.215174161356519 4.115440220494991 13.241912419968985 0.0 16.309553926498698 49.0 20.89795918367347 1.3812455820019316 0.87736710068841 3.332808309342373 0.0 26.121618557082936 133.0 7.6992481203007515 1.704060319635603 1.3507257260432604 5.6352774948562505 0.0 27.650361082446572 110.0 9.309090909090905 3.8649473481133176 6.466106547867601 24.628416408678792 0.0 21.257994108536618 46.0 22.260869565217398 1.410342496680556 0.9965322428027106 3.6016230121356916 0.0 26.215785468000025 126.0 8.126984126984144 0.0 0.0 0.0 0.0 0.0 1.0 1024.0 0.0 0.0 0.0 0.0 0.0 37.0 27.675675675675677 0.0 0.0 0.0 0.0 0.0 1.0 1024.0 0.0 0.0 0.0 0.0 0.0 1.0 1024.0 0.0 0.0 0.0 0.0 0.0 37.0 27.675675675675677 0.0 0.0 0.0 0.0 0.0 1.0 1024.0 0.0 0.0 0.0 0.0 0.0 1.0 1024.0 0.0 0.0 0.0 0.0 0.0 37.0 27.675675675675677 0.0 0.0 0.0 0.0 0.0 1.0 1024.0 1.7861499107943941 1.2132227194656715 4.805157531375327 0.0 25.34332252298475 150.0 6.826666666666676 4.58106600659779 4.752829121290701 15.074033345448699 0.0 19.31325074437748 51.0 20.078431372549023 1.3834532845382594 0.9662471048660553 3.4864782878754865 0.0 25.306913250458557 179.0 5.720670391061458 1.699613299040623 1.213339933310355 4.805157531375327 0.0 26.187529074427058 162.0 6.3209876543209775 4.623389552209654 4.626418050729 15.166946884958433 0.0 19.60975946760939 50.0 20.48 1.3614056653013034 0.9265244857932537 3.355582661291501 0.0 25.771921073685526 195.0 5.251282051282048 1.8419174397841414 1.3651465031948293 5.869339320126588 0.0 26.37877979725675 145.0 7.06206896551723 6.599812247510329 8.555497930014969 28.568402560419546 0.0 23.60727266036167 44.0 23.272727272727266 1.4685772678168236 1.0158776072768176 3.9592310638267834 0.0 25.16905258271956 175.0 5.851428571428562 1.4821718997126845 3.7743625924153417 41.78745222094094 0.0 29.348448643212514 638.0 1.6050156739811945 24.07319097332853 10.878977035411614 36.9901087825193 0.0 13.537096399266316 42.0 24.380952380952376 0.67316311656262 1.058939836325291 4.365364986724842 0.0 29.23826360004977 667.0 1.535232383808098 1.4169618569110516 3.4117222292526472 32.874741622928155 0.0 29.45164062088824 644.0 1.5900621118012397 26.413959054522664 9.991545507772553 41.631810312897706 0.0 9.48347659176922 38.0 26.947368421052634 0.6580914509313256 1.0264785295261905 3.5217069291965686 0.0 29.384316693613304 680.0 1.505882352941178 1.3946511866458113 3.502690858301952 45.01462284090048 0.0 29.345482224521774 641.0 1.5975039001560107 28.13662262744742 5.58675950686399 35.76295777937128 0.0 7.64368178375316 36.0 28.44444444444444 0.6977944404766012 1.0905571814145025 4.365364986724842 0.0 29.32950224089589 666.0 1.5375375375375404 1.6623709977373098 1.2444609614196198 4.6261065484396156 0.0 25.27415053705998 106.0 9.660377358490567 3.056263059684581 4.12259513383657 13.834661177334347 0.0 15.970947686880438 51.0 20.078431372549026 1.2655352415241123 0.9963611953981736 4.39897999957627 0.0 25.989310986499415 136.0 7.529411764705898 1.6086896165512985 1.2563882617480848 4.6261065484396156 0.0 26.55938768574474 118.0 8.677966101694928 3.2063147682307673 4.113409238360339 13.241912419968985 0.0 16.312392093283513 49.0 20.89795918367347 1.3232326837554984 0.8956939312466692 3.332808309342373 0.0 26.491802779181995 140.0 7.314285714285727 1.6418045011694729 1.3350396111097058 5.6352774948562505 0.0 26.89258849143686 116.0 8.827586206896541 3.7759864475544704 6.422373417592628 24.628416408678792 0.0 21.05271246886648 47.0 21.787234042553187 1.395863911962096 1.009071404750807 3.6016230121356916 0.0 25.946704422864926 125.0 8.191999999999993 
249.0005150327869 1.6407124283601726 1.2455852585144043 4.6261065484396156 0.0 25.912336560327628 107.0 9.570093457943923 3.056263059684581 4.12259513383657 13.834661177334347 0.0 15.970947686880438 51.0 20.078431372549026 1.3246991553798906 0.9281394053322238 3.4836138576524758 0.0 26.000875782667034 126.0 8.126984126984144 1.6612571975779769 1.271733090329494 4.6261065484396156 0.0 26.745960942726416 112.0 9.142857142857132 3.215174161356519 4.115440220494991 13.241912419968985 0.0 16.309553926498698 49.0 20.89795918367347 1.3812455820019316 0.87736710068841 3.332808309342373 0.0 26.121618557082936 133.0 7.6992481203007515 1.704060319635603 1.3507257260432604 5.6352774948562505 0.0 27.650361082446572 110.0 9.309090909090905 3.8649473481133176 6.466106547867601 24.628416408678792 0.0 21.257994108536618 46.0 22.260869565217398 1.410342496680556 0.9965322428027106 3.6016230121356916 0.0 26.215785468000025 126.0 8.126984126984144 0.0 0.0 0.0 0.0 0.0 1.0 1024.0 0.0 0.0 0.0 0.0 0.0 37.0 27.675675675675677 0.0 0.0 0.0 0.0 0.0 1.0 1024.0 0.0 0.0 0.0 0.0 0.0 1.0 1024.0 0.0 0.0 0.0 0.0 0.0 37.0 27.675675675675677 0.0 0.0 0.0 0.0 0.0 1.0 1024.0 0.0 0.0 0.0 0.0 0.0 1.0 1024.0 0.0 0.0 0.0 0.0 0.0 37.0 27.675675675675677 0.0 0.0 0.0 0.0 0.0 1.0 1024.0 1.7861499107943941 1.2132227194656715 4.805157531375327 0.0 25.34332252298475 150.0 6.826666666666676 4.58106600659779 4.752829121290701 15.074033345448699 0.0 19.31325074437748 51.0 20.078431372549023 1.3834532845382594 0.9662471048660553 3.4864782878754865 0.0 25.306913250458557 179.0 5.720670391061458 1.699613299040623 1.213339933310355 4.805157531375327 0.0 26.187529074427058 162.0 6.3209876543209775 4.623389552209654 4.626418050729 15.166946884958433 0.0 19.60975946760939 50.0 20.48 1.3614056653013034 0.9265244857932537 3.355582661291501 0.0 25.771921073685526 195.0 5.251282051282048 1.8419174397841414 1.3651465031948293 5.869339320126588 0.0 26.37877979725675 145.0 7.06206896551723 6.599812247510329 8.555497930014969 28.568402560419546 0.0 23.60727266036167 44.0 23.272727272727266 1.4685772678168236 1.0158776072768176 3.9592310638267834 0.0 25.16905258271956 175.0 5.851428571428562 1.4821718997126845 3.7743625924153417 41.78745222094094 0.0 29.348448643212514 638.0 1.6050156739811945 24.07319097332853 10.878977035411614 36.9901087825193 0.0 13.537096399266316 42.0 24.380952380952376 0.67316311656262 1.058939836325291 4.365364986724842 0.0 29.23826360004977 667.0 1.535232383808098 1.4169618569110516 3.4117222292526472 32.874741622928155 0.0 29.45164062088824 644.0 1.5900621118012397 26.413959054522664 9.991545507772553 41.631810312897706 0.0 9.48347659176922 38.0 26.947368421052634 0.6580914509313256 1.0264785295261905 3.5217069291965686 0.0 29.384316693613304 680.0 1.505882352941178 1.3946511866458113 3.502690858301952 45.01462284090048 0.0 29.345482224521774 641.0 1.5975039001560107 28.13662262744742 5.58675950686399 35.76295777937128 0.0 7.64368178375316 36.0 28.44444444444444 0.6977944404766012 1.0905571814145025 4.365364986724842 0.0 29.32950224089589 666.0 1.5375375375375404 1.7425653869311917 1.2110861235295534 4.6261065484396156 0.0 25.067321772415543 102.0 10.039215686274497 3.056263059684581 4.12259513383657 13.834661177334347 0.0 15.970947686880438 51.0 20.078431372549026 1.3136080104311776 0.9837116003528038 4.39897999957627 0.0 25.792758230209635 131.0 7.81679389312976 1.5456697826349426 1.2721709563650583 4.6261065484396156 0.0 26.717449121843728 123.0 8.32520325203253 3.2063147682307673 4.113409238360339 13.241912419968985 0.0 16.312392093283513 49.0 20.89795918367347 1.3332473806082947 0.8915547661774667 3.332808309342373 0.0 26.428560910612596 139.0 7.366906474820136 1.6959267485703065 1.3205040194954851 5.6352774948562505 0.0 26.705657403159204 113.0 9.061946902654856 3.7759864475544704 6.422373417592628 24.628416408678792 0.0 21.05271246886648 47.0 21.787234042553187 1.4157220380048934 1.0049481569751746 3.6016230121356916 0.0 25.733896433174312 123.0 8.32520325203253 
250.0005150327869 1.6402306283508576 1.2460461791025947 4.6261065484396156 0.0 25.91230787947457 107.0 9.570093457943923 3.056263059684581 4.12259513383657 13.834661177334347 0.0 15.970947686880438 51.0 20.078431372549026 1.3246991553798906 0.9281394053322238 3.4836138576524758 0.0 26.000875782667034 126.0 8.126984126984144 1.6612571975779769 1.271733090329494 4.6261065484396156 0.0 26.745960942726416 112.0 9.142857142857132 3.215174161356519 4.115440220494991 13.241912419968985 0.0 16.309553926498698 49.0 20.89795918367347 1.3812455820019316 0.87736710068841 3.332808309342373 0.0 26.121618557082936 133.0 7.6992481203007515 1.704060319635603 1.3507257260432604 5.6352774948562505 0.0 27.650361082446572 110.0 9.309090909090905 3.8649473481133176 6.466106547867601 24.628416408678792 0.0 21.257994108536618 46.0 22.260869565217398 1.410342496680556 0.9965322428027106 3.6016230121356916 0.0 26.215785468000025 126.0 8.126984126984144 0.0 0.0 0.0 0.0 0.0 1.0 1024.0 0.0 0.0 0.0 0.0 0.0 37.0 27.675675675675677 0.0 0.0 0.0 0.0 0.0 1.0 1024.0 0.0 0.0 0.0 0.0 0.0 1.0 1024.0 0.0 0.0 0.0 0.0 0.0 37.0 27.675675675675677 0.0 0.0 0.0 0.0 0.0 1.0 1024.0 0.0 0.0 0.0 0.0 0.0 1.0 1024.0 0.0 0.0 0.0 0.0 0.0 37.0 27.675675675675677 0.0 0.0 0.0 0.0 0.0 1.0 1024.0 1.7861499107943941 1.2132227194656715 4.805157531375327 0.0 25.34332252298475 150.0 6.826666666666676 4.58106600659779 4.752829121290701 15.074033345448699 0.0 19.31325074437748 51.0 20.078431372549023 1.3834532845382594 0.9662471048660553 3.4864782878754865 0.0 25.306913250458557 179.0 5.720670391061458 1.699613299040623 1.213339933310355 4.805157531375327 0.0 26.187529074427058 162.0 6.3209876543209775 4.623389552209654 4.626418050729 15.166946884958433 0.0 19.60975946760939 50.0 20.48 1.3614056653013034 0.9265244857932537 3.355582661291501 0.0 25.771921073685526 195.0 5.251282051282048 1.8419174397841414 1.3651465031948293 5.869339320126588 0.0 26.37877979725675 145.0 7.06206896551723 6.599812247510329 8.555497930014969 28.568402560419546 0.0 23.60727266036167 44.0 23.272727272727266 1.4685772678168236 1.0158776072768176 3.9592310638267834 0.0 25.16905258271956 175.0 5.851428571428562 1.4821718997126845 3.7743625924153417 41.78745222094094 0.0 29.348448643212514 638.0 1.6050156739811945 24.07319097332853 10.878977035411614 36.9901087825193 0.0 13.537096399266316 42.0 24.380952380952376 0.67316311656262 1.058939836325291 4.365364986724842 0.0 29.23826360004977 667.0 1.535232383808098 1.4169618569110516 3.4117222292526472 32.874741622928155 0.0 29.45164062088824 644.0 1.5900621118012397 26.413959054522664 9.991545507772553 41.631810312897706 0.0 9.48347659176922 38.0 26.947368421052634 0.6580914509313256 1.0264785295261905 3.5217069291965686 0.0 29.384316693613304 680.0 1.505882352941178 1.3946511866458113 3.502690858301952 45.01462284090048 0.0 29.345482224521774 641.0 1.5975039001560107 28.13662262744742 5.58675950686399 35.76295777937128 0.0 7.64368178375316 36.0 28.44444444444444 0.6977944404766012 1.0905571814145025 4.365364986724842 0.0 29.32950224089589 666.0 1.5375375375375404 1.5729144653582376 1.2621372794140377 4.6261065484396156 0.0 25.568583375725574 111.0 9.225225225225214 3.056263059684581 4.12259513383657 13.834661177334347 0.0 15.970947686880438 51.0 20.078431372549026 1.2605636186221578 1.0013425404670802 4.39897999957627 0.0 25.92320646347717 136.0 7.529411764705899 1.6547704716006362 1.244489792912525 4.6261065484396156 0.0 26.428737812839866 115.0 8.904347826086951 3.2063147682307673 4.113409238360339 13.241912419968985 0.0 16.312392093283513 49.0 20.89795918367347 1.2873054687343968 0.9093858924592482 3.332808309342373 0.0 26.672086124649045 144.0 7.111111111111125 1.649356053726111 1.3344093462289721 5.6352774948562505 0.0 27.14302566100365 116.0 8.827586206896541 3.7759864475544704 6.422373417592628 24.628416408678792 0.0 21.05271246886648 47.0 21.787234042553187 1.3604190935525131 1.0229813480168939 3.6016230121356916 0.0 26.214179047942526 128.0 8.0 
251.0005150327869 1.6402306283508576 1.2460461791025947 4.6261065484396156 0.0 25.91230787947457 107.0 9.570093457943923 3.056263059684581 4.12259513383657 13.834661177334347 0.0 15.970947686880438 51.0 20.078431372549026 1.3246991553798906 0.9281394053322238 3.4836138576524758 0.0 26.000875782667034 126.0 8.126984126984144 1.6612382761686568 1.2717420336803749 4.6261065484396156 0.0 26.746059314754675 112.0 9.142857142857132 3.215174161356519 4.115440220494991 13.241912419968985 0.0 16.309553926498698 49.0 20.89795918367347 1.3812455820019316 0.87736710068841 3.332808309342373 0.0 26.121618557082936 133.0 7.6992481203007515 1.704060319635603 1.3507257260432604 5.6352774948562505 0.0 27.650361082446572 110.0 9.309090909090905 3.8649473481133176 6.466106547867601 24.628416408678792 0.0 21.257994108536618 46.0 22.260869565217398 1.410342496680556 0.9965322428027106 3.6016230121356916 0.0 26.215785468000025 126.0 8.126984126984144 0.0 0.0 0.0 0.0 0.0 1.0 1024.0 0.0 0.0 0.0 0.0 0.0 37.0 27.675675675675677 0.0 0.0 0.0 0.0 0.0 1.0 1024.0 0.0 0.0 0.0 0.0 0.0 1.0 1024.0 0.0 0.0 0.0 0.0 0.0 37.0 27.675675675675677 0.0 0.0 0.0 0.0 0.0 1.0 1024.0 0.0 0.0 0.0 0.0 0.0 1.0 1024.0 0.0 0.0 0.0 0.0 0.0 37.0 27.675675675675677 0.0 0.0 0.0 0.0 0.0 1.0 1024.0 1.7861499107943941 1.2132227194656715 4.805157531375327 0.0 25.34332252298475 150.0 6.826666666666676 4.58106600659779 4.752829121290701 15.074033345448699 0.0 19.31325074437748 51.0 20.078431372549023 1.3834532845382594 0.9662471048660553 3.4864782878754865 0.0 25.306913250458557 179.0 5.720670391061458 1.699613299040623 1.213339933310355 4.805157531375327 0.0 26.187529074427058 162.0 6.3209876543209775 4.623389552209654 4.626418050729 15.166946884958433 0.0 19.60975946760939 50.0 20.48 1.3614056653013034 0.9265244857932537 3.355582661291501 0.0 25.771921073685526 195.0 5.251282051282048 1.8419174397841414 1.3651465031948293 5.869339320126588 0.0 26.37877979725675 145.0 7.06206896551723 6.599812247510329 8.555497930014969 28.568402560419546 0.0 23.60727266036167 44.0 23.272727272727266 1.4685772678168236 1.0158776072768176 3.9592310638267834 0.0 25.16905258271956 175.0 5.851428571428562 1.4821718997126845 3.7743625924153417 41.78745222094094 0.0 29.348448643212514 638.0 1.6050156739811945 24.07319097332853 10.878977035411614 36.9901087825193 0.0 13.537096399266316 42.0 24.380952380952376 0.67316311656262 1.058939836325291 4.365364986724842 0.0 29.23826360004977 667.0 1.535232383808098 1.4169618569110516 3.4117222292526472 32.874741622928155 0.0 29.45164062088824 644.0 1.5900621118012397 26.413959054522664 9.991545507772553 41.631810312897706 0.0 9.48347659176922 38.0 26.947368421052634 0.6580914509313256 1.0264785295261905 3.5217069291965686 0.0 29.384316693613304 680.0 1.505882352941178 1.3946511866458113 3.502690858301952 45.01462284090048 0.0 29.345482224521774 641.0 1.5975039001560107 28.13662262744742 5.58675950686399 35.76295777937128 0.0 7.64368178375316 36.0 28.44444444444444 0.6977944404766012 1.0905571814145025 4.365364986724842 0.0 29.32950224089589 666.0 1.5375375375375404 1.5912156035891467 1.244800842696677 4.6261065484396156 0.0 25.495159735443018 110.0 9.309090909090905 3.056263059684581 4.12259513383657 13.834661177334347 0.0 15.970947686880438 51.0 20.078431372549026 1.2542780748278317 0.9947505322053645 4.39897999957627 0.0 26.000243266159064 138.0 7.420289855072478 1.6528361007690464 1.2461621049884757 4.6261065484396156 0.0 26.418801837566182 115.0 8.904347826086951 3.2063147682307673 4.113409238360339 13.241912419968985 0.0 16.312392093283513 49.0 20.89795918367347 1.2900157960924505 0.9036975499075817 3.332808309342373 0.0 26.70027587871932 144.0 7.111111111111124 1.574059606435795 1.3422420031393139 5.6352774948562505 0.0 27.39921353429983 121.0 8.46280991735539 3.7759864475544704 6.422373417592628 24.628416408678792 0.0 21.05271246886648 47.0 21.787234042553187 1.3007488993724996 1.037507694703326 3.6016230121356916 0.0 26.61980907553857 134.0 7.641791044776107 
252.0005150327869 1.6556552815914674 1.2416269482588567 4.6261065484396156 0.0 25.843739904343746 106.0 9.660377358490567 3.056263059684581 4.12259513383657 13.834661177334347 0.0 15.970947686880438 51.0 20.078431372549026 1.3246991553798906 0.9281394053322238 3.4836138576524758 0.0 26.000875782667034 126.0 8.126984126984144 1.6612382761686568 1.2717420336803749 4.6261065484396156 0.0 26.746059314754675 112.0 9.142857142857132 3.215174161356519 4.115440220494991 13.241912419968985 0.0 16.309553926498698 49.0 20.89795918367347 1.3812455820019316 0.87736710068841 3.332808309342373 0.0 26.121618557082936 133.0 7.6992481203007515 1.704060319635603 1.3507257260432604 5.6352774948562505 0.0 27.650361082446572 110.0 9.309090909090905 3.8649473481133176 6.466106547867601 24.628416408678792 0.0 21.257994108536618 46.0 22.260869565217398 1.410342496680556 0.9965322428027106 3.6016230121356916 0.0 26.215785468000025 126.0 8.126984126984144 0.0 0.0 0.0 0.0 0.0 1.0 1024.0 0.0 0.0 0.0 0.0 0.0 37.0 27.675675675675677 0.0 0.0 0.0 0.0 0.0 1.0 1024.0 0.0 0.0 0.0 0.0 0.0 1.0 1024.0 0.0 0.0 0.0 0.0 0.0 37.0 27.675675675675677 0.0 0.0 0.0 0.0 0.0 1.0 1024.0 0.0 0.0 0.0 0.0 0.0 1.0 1024.0 0.0 0.0 0.0 0.0 0.0 37.0 27.675675675675677 0.0 0.0 0.0 0.0 0.0 1.0 1024.0 1.7861499107943941 1.2132227194656715 4.805157531375327 0.0 25.34332252298475 150.0 6.826666666666676 4.58106600659779 4.752829121290701 15.074033345448699 0.0 19.31325074437748 51.0 20.078431372549023 1.3834532845382594 0.9662471048660553 3.4864782878754865 0.0 25.306913250458557 179.0 5.720670391061458 1.699613299040623 1.213339933310355 4.805157531375327 0.0 26.187529074427058 162.0 6.3209876543209775 4.623389552209654 4.626418050729 15.166946884958433 0.0 19.60975946760939 50.0 20.48 1.3614056653013034 0.9265244857932537 3.355582661291501 0.0 25.771921073685526 195.0 5.251282051282048 1.8419174397841414 1.3651465031948293 5.869339320126588 0.0 26.37877979725675 145.0 7.06206896551723 6.599812247510329 8.555497930014969 28.568402560419546 0.0 23.60727266036167 44.0 23.272727272727266 1.4685772678168236 1.0158776072768176 3.9592310638267834 0.0 25.16905258271956 175.0 5.851428571428562 1.4821718997126845 3.7743625924153417 41.78745222094094 0.0 29.348448643212514 638.0 1.6050156739811945 24.07319097332853 10.878977035411614 36.9901087825193 0.0 13.537096399266316 42.0 24.380952380952376 0.67316311656262 1.058939836325291 4.365364986724842 0.0 29.23826360004977 667.0 1.535232383808098 1.4169618569110516 3.4117222292526472 32.874741622928155 0.0 29.45164062088824 644.0 1.5900621118012397 26.413959054522664 9.991545507772553 41.631810312897706 0.0 9.48347659176922 38.0 26.947368421052634 0.6580914509313256 1.0264785295261905 3.5217069291965686 0.0 29.384316693613304 680.0 1.505882352941178 1.3946511866458113 3.502690858301952 45.01462284090048 0.0 29.345482224521774 641.0 1.5975039001560107 28.13662262744742 5.58675950686399 35.76295777937128 0.0 7.64368178375316 36.0 28.44444444444444 0.6977944404766012 1.0905571814145025 4.365364986724842 0.0 29.32950224089589 666.0 1.5375375375375404 1.5982815259083074 1.2548414620027517 4.6261065484396156 0.0 25.242989107124203 108.0 9.481481481481493 3.056263059684581 4.12259513383657 13.834661177334347 0.0 15.970947686880438 51.0 20.078431372549026 1.2773726310885818 0.9942458731616605 4.39897999957627 0.0 26.007427698746767 136.0 7.529411764705898 1.531769370196154 1.2755923490570447 4.6261065484396156 0.0 26.766221743455894 124.0 8.25806451612904 3.2108678311444296 4.114248576811646 13.241912419968985 0.0 16.310928040262407 49.0 20.89795918367347 1.2676803044027323 0.915746807169526 3.332808309342373 0.0 26.811396224317665 146.0 7.01369863013697 1.6297198434725082 1.3362073659770803 5.6352774948562505 0.0 26.946225180474862 116.0 8.827586206896541 3.7759864475544704 6.422373417592628 24.628416408678792 0.0 21.05271246886648 47.0 21.787234042553187 1.3867264466695068 1.0137063377438276 3.6016230121356916 0.0 26.010565598918987 126.0 8.126984126984144 
253.0005150327869 1.6558749344503536 1.241344186930298 4.6261065484396156 0.0 25.84271051405614 106.0 9.660377358490567 3.056263059684581 4.12259513383657 13.834661177334347 0.0 15.970947686880438 51.0 20.078431372549026 1.3246991553798906 0.9281394053322238 3.4836138576524758 0.0 26.000875782667034 126.0 8.126984126984144 1.6612382761686568 1.2717420336803749 4.6261065484396156 0.0 26.746059314754675 112.0 9.142857142857132 3.215174161356519 4.115440220494991 13.241912419968985 0.0 16.309553926498698 49.0 20.89795918367347 1.3812455820019316 0.87736710068841 3.332808309342373 0.0 26.121618557082936 133.0 7.6992481203007515 1.704060319635603 1.3507257260432604 5.6352774948562505 0.0 27.650361082446572 110.0 9.309090909090905 3.8649473481133176 6.466106547867601 24.628416408678792 0.0 21.257994108536618 46.0 22.260869565217398 1.410342496680556 0.9965322428027106 3.6016230121356916 0.0 26.215785468000025 126.0 8.126984126984144 0.0 0.0 0.0 0.0 0.0 1.0 1024.0 0.0 0.0 0.0 0.0 0.0 37.0 27.675675675675677 0.0 0.0 0.0 0.0 0.0 1.0 1024.0 0.0 0.0 0.0 0.0 0.0 1.0 1024.0 0.0 0.0 0.0 0.0 0.0 37.0 27.675675675675677 0.0 0.0 0.0 0.0 0.0 1.0 1024.0 0.0 0.0 0.0 0.0 0.0 1.0 1024.0 0.0 0.0 0.0 0.0 0.0 37.0 27.675675675675677 0.0 0.0 0.0 0.0 0.0 1.0 1024.0 1.7861499107943941 1.2132227194656715 4.805157531375327 0.0 25.34332252298475 150.0 6.826666666666676 4.58106600659779 4.752829121290701 15.074033345448699 0.0 19.31325074437748 51.0 20.078431372549023 1.3834532845382594 0.9662471048660553 3.4864782878754865 0.0 25.306913250458557 179.0 5.720670391061458 1.699613299040623 1.213339933310355 4.805157531375327 0.0 26.187529074427058 162.0 6.3209876543209775 4.623389552209654 4.626418050729 15.166946884958433 0.0 19.60975946760939 50.0 20.48 1.3614056653013034 0.9265244857932537 3.355582661291501 0.0 25.771921073685526 195.0 5.251282051282048 1.8419174397841414 1.3651465031948293 5.869339320126588 0.0 26.37877979725675 145.0 7.06206896551723 6.599812247510329 8.555497930014969 28.568402560419546 0.0 23.60727266036167 44.0 23.272727272727266 1.4685772678168236 1.0158776072768176 3.9592310638267834 0.0 25.16905258271956 175.0 5.851428571428562 1.4821718997126845 3.7743625924153417 41.78745222094094 0.0 29.348448643212514 638.0 1.6050156739811945 24.07319097332853 10.878977035411614 36.9901087825193 0.0 13.537096399266316 42.0 24.380952380952376 0.67316311656262 1.058939836325291 4.365364986724842 0.0 29.23826360004977 667.0 1.535232383808098 1.4169618569110516 3.4117222292526472 32.874741622928155 0.0 29.45164062088824 644.0 1.5900621118012397 26.413959054522664 9.991545507772553 41.631810312897706 0.0 9.48347659176922 38.0 26.947368421052634 0.6580914509313256 1.0264785295261905 3.5217069291965686 0.0 29.384316693613304 680.0 1.505882352941178 1.3946511866458113 3.502690858301952 45.01462284090048 0.0 29.345482224521774 641.0 1.5975039001560107 28.13662262744742 5.58675950686399 35.76295777937128 0.0 7.64368178375316 36.0 28.44444444444444 0.6977944404766012 1.0905571814145025 4.365364986724842 0.0 29.32950224089589 666.0 1.5375375375375404 1.6335256697015699 1.2423883272141314 4.6261065484396156 0.0 25.168635069041727 106.0 9.660377358490567 3.056263059684581 4.12259513383657 13.834661177334347 0.0 15.970947686880438 51.0 20.078431372549026 1.331938444882591 0.9835923266822154 4.39897999957627 0.0 25.791589676512395 130.0 7.876923076923094 1.6374137708921317 1.2504614824494344 4.6261065484396156 0.0 26.423289204555296 116.0 8.827586206896543 3.215174161356519 4.115440220494991 13.241912419968985 0.0 16.309553926498698 49.0 20.89795918367347 1.3310510387308663 0.8924350441870538 3.332808309342373 0.0 26.449057176480874 139.0 7.366906474820136 1.6881533665750632 1.3202977882717468 5.6352774948562505 0.0 26.82523112202527 113.0 9.061946902654856 3.7759864475544704 6.422373417592628 24.628416408678792 0.0 21.05271246886648 47.0 21.787234042553187 1.4137852455552005 1.0049122380880608 3.6016230121356916 0.0 25.800149981021143 124.0 8.25806451612904 
254.0005150327869 1.6554679078956125 1.2413266012305424 4.6261065484396156 0.0 25.842651488111606 106.0 9.660377358490567 3.056263059684581 4.12259513383657 13.834661177334347 0.0 15.970947686880438 51.0 20.078431372549026 1.3246991553798906 0.9281394053322238 3.4836138576524758 0.0 26.000875782667034 126.0 8.126984126984144 1.6452670157201237 1.2771832559539502 4.6261065484396156 0.0 26.794603388804408 113.0 9.061946902654856 3.215174161356519 4.115440220494991 13.241912419968985 0.0 16.309553926498698 49.0 20.89795918367347 1.3812455820019316 0.87736710068841 3.332808309342373 0.0 26.121618557082936 133.0 7.6992481203007515 1.704060319635603 1.3507257260432604 5.6352774948562505 0.0 27.650361082446572 110.0 9.309090909090905 3.8649473481133176 6.466106547867601 24.628416408678792 0.0 21.257994108536618 46.0 22.260869565217398 1.410342496680556 0.9965322428027106 3.6016230121356916 0.0 26.215785468000025 126.0 8.126984126984144 0.0 0.0 0.0 0.0 0.0 1.0 1024.0 0.0 0.0 0.0 0.0 0.0 37.0 27.675675675675677 0.0 0.0 0.0 0.0 0.0 1.0 1024.0 0.0 0.0 0.0 0.0 0.0 1.0 1024.0 0.0 0.0 0.0 0.0 0.0 37.0 27.675675675675677 0.0 0.0 0.0 0.0 0.0 1.0 1024.0 0.0 0.0 0.0 0.0 0.0 1.0 1024.0 0.0 0.0 0.0 0.0 0.0 37.0 27.675675675675677 0.0 0.0 0.0 0.0 0.0 1.0 1024.0 1.7861499107943941 1.2132227194656715 4.805157531375327 0.0 25.34332252298475 150.0 6.826666666666676 4.58106600659779 4.752829121290701 15.074033345448699 0.0 19.31325074437748 51.0 20.078431372549023 1.3834532845382594 0.9662471048660553 3.4864782878754865 0.0 25.306913250458557 179.0 5.720670391061458 1.699613299040623 1.213339933310355 4.805157531375327 0.0 26.187529074427058 162.0 6.3209876543209775 4.623389552209654 4.626418050729 15.166946884958433 0.0 19.60975946760939 50.0 20.48 1.3614056653013034 0.9265244857932537 3.355582661291501 0.0 25.771921073685526 195.0 5.251282051282048 1.8419174397841414 1.3651465031948293 5.869339320126588 0.0 26.37877979725675 145.0 7.06206896551723 6.599812247510329 8.555497930014969 28.568402560419546 0.0 23.60727266036167 44.0 23.272727272727266 1.4685772678168236 1.0158776072768176 3.9592310638267834 0.0 25.16905258271956 175.0 5.851428571428562 1.4821718997126845 3.7743625924153417 41.78745222094094 0.0 29.348448643212514 638.0 1.6050156739811945 24.07319097332853 10.878977035411614 36.9901087825193 0.0 13.537096399266316 42.0 24.380952380952376 0.67316311656262 1.058939836325291 4.365364986724842 0.0 29.23826360004977 667.0 1.535232383808098 1.4169618569110516 3.4117222292526472 32.874741622928155 0.0 29.45164062088824 644.0 1.5900621118012397 26.413959054522664 9.991545507772553 41.631810312897706 0.0 9.48347659176922 38.0 26.947368421052634 0.6580914509313256 1.0264785295261905 3.5217069291965686 0.0 29.384316693613304 680.0 1.505882352941178 1.3946511866458113 3.502690858301952 45.01462284090048 0.0 29.345482224521774 641.0 1.5975039001560107 28.13662262744742 5.58675950686399 35.76295777937128 0.0 7.64368178375316 36.0 28.44444444444444 0.6977944404766012 1.0905571814145025 4.365364986724842 0.0 29.32950224089589 666.0 1.5375375375375404 1.5792420507719662 1.2525296710206333 4.6261065484396156 0.0 25.575909701928747 109.0 9.394495412844037 3.056263059684581 4.12259513383657 13.834661177334347 0.0 15.970947686880438 51.0 20.078431372549026 1.2887790979702254 0.9970248590099476 4.39897999957627 0.0 25.963038459123077 134.0 7.641791044776107 1.6358041831804222 1.251555386535281 4.6261065484396156 0.0 26.413120872373526 116.0 8.827586206896543 3.215174161356519 4.115440220494991 13.241912419968985 0.0 16.309553926498698 49.0 20.89795918367347 1.3402978957435379 0.8940892016811475 3.332808309342373 0.0 26.32646480955808 137.0 7.474452554744532 1.6453198516913905 1.3433411290102772 5.6352774948562505 0.0 27.200477625317973 116.0 8.827586206896541 3.7759864475544704 6.422373417592628 24.628416408678792 0.0 21.05271246886648 47.0 21.787234042553187 1.3586231876144403 1.0226852920746465 3.6016230121356916 0.0 26.25913507558245 129.0 7.937984496124019 
255.0005150327869 1.6551029173101264 1.241276264192882 4.6261065484396156 0.0 25.842724836085893 106.0 9.660377358490567 3.056263059684581 4.12259513383657 13.834661177334347 0.0 15.970947686880438 51.0 20.078431372549026 1.3246991553798906 0.9281394053322238 3.4836138576524758 0.0 26.000875782667034 126.0 8.126984126984144 1.6613236995250327 1.2715812903089094 4.6261065484396156 0.0 26.743848129284313 112.0 9.142857142857132 3.215174161356519 4.115440220494991 13.241912419968985 0.0 16.309553926498698 49.0 20.89795918367347 1.3812455820019316 0.87736710068841 3.332808309342373 0.0 26.121618557082936 133.0 7.6992481203007515 1.704060319635603 1.3507257260432604 5.6352774948562505 0.0 27.650361082446572 110.0 9.309090909090905 3.8649473481133176 6.466106547867601 24.628416408678792 0.0 21.257994108536618 46.0 22.260869565217398 1.410342496680556 0.9965322428027106 3.6016230121356916 0.0 26.215785468000025 126.0 8.126984126984144 0.0 0.0 0.0 0.0 0.0 1.0 1024.0 0.0 0.0 0.0 0.0 0.0 37.0 27.675675675675677 0.0 0.0 0.0 0.0 0.0 1.0 1024.0 0.0 0.0 0.0 0.0 0.0 1.0 1024.0 0.0 0.0 0.0 0.0 0.0 37.0 27.675675675675677 0.0 0.0 0.0 0.0 0.0 1.0 1024.0 0.0 0.0 0.0 0.0 0.0 1.0 1024.0 0.0 0.0 0.0 0.0 0.0 37.0 27.675675675675677 0.0 0.0 0.0 0.0 0.0 1.0 1024.0 1.7743217411327936 1.2178767668448984 4.805157531375327 0.0 25.43306361754179 151.0 6.781456953642391 4.58106600659779 4.752829121290701 15.074033345448699 0.0 19.31325074437748 51.0 20.078431372549023 1.3834532845382594 0.9662471048660553 3.4864782878754865 0.0 25.306913250458557 179.0 5.720670391061458 1.699613299040623 1.213339933310355 4.805157531375327 0.0 26.187529074427058 162.0 6.3209876543209775 4.623389552209654 4.626418050729 15.166946884958433 0.0 19.60975946760939 50.0 20.48 1.3614056653013034 0.9265244857932537 3.355582661291501 0.0 25.771921073685526 195.0 5.251282051282048 1.8419174397841414 1.3651465031948293 5.869339320126588 0.0 26.37877979725675 145.0 7.06206896551723 6.599812247510329 8.555497930014969 28.568402560419546 0.0 23.60727266036167 44.0 23.272727272727266 1.4685772678168236 1.0158776072768176 3.9592310638267834 0.0 25.16905258271956 175.0 5.851428571428562 1.4821718997126845 3.7743625924153417 41.78745222094094 0.0 29.348448643212514 638.0 1.6050156739811945 24.07319097332853 10.878977035411614 36.9901087825193 0.0 13.537096399266316 42.0 24.380952380952376 0.67316311656262 1.058939836325291 4.365364986724842 0.0 29.23826360004977 667.0 1.535232383808098 1.4169618569110516 3.4117222292526472 32.874741622928155 0.0 29.45164062088824 644.0 1.5900621118012397 26.413959054522664 9.991545507772553 41.631810312897706 0.0 9.48347659176922 38.0 26.947368421052634 0.6580914509313256 1.0264785295261905 3.5217069291965686 0.0 29.384316693613304 680.0 1.505882352941178 1.3946511866458113 3.502690858301952 45.01462284090048 0.0 29.345482224521774 641.0 1.5975039001560107 28.13662262744742 5.58675950686399 35.76295777937128 0.0 7.64368178375316 36.0 28.44444444444444 0.6977944404766012 1.0905571814145025 4.365364986724842 0.0 29.32950224089589 666.0 1.5375375375375404 1.6072739226112562 1.2304730841525293 4.6261065484396156 0.0 25.4428276125368 106.0 9.660377358490567 3.056263059684581 4.12259513383657 13.834661177334347 0.0 15.970947686880438 51.0 20.078431372549026 1.2754244738718212 0.9955022003543685 4.39897999957627 0.0 26.043062079220153 136.0 7.529411764705899 1.5344411205771975 1.2701865602070128 4.6261065484396156 0.0 26.72472576182638 124.0 8.25806451612904 3.215174161356519 4.115440220494991 13.241912419968985 0.0 16.309553926498698 49.0 20.89795918367347 1.3501428175508239 0.8897501823799595 3.332808309342373 0.0 26.298537719831526 136.0 7.5294117647058965 1.5525334248190843 1.3545962694932063 5.6352774948562505 0.0 27.44368891432293 122.0 8.393442622950813 3.7759864475544704 6.422373417592628 24.628416408678792 0.0 21.05271246886648 47.0 21.787234042553187 1.3089456973805103 1.0346544199723116 3.6016230121356916 0.0 26.61949003980387 134.0 7.641791044776107 
256.0005150327869 1.6547340830309551 1.2416420580012777 4.6261065484396156 0.0 25.843014736221633 106.0 9.660377358490567 3.056263059684581 4.12259513383657 13.834661177334347 0.0 15.970947686880438 51.0 20.078431372549026 1.3246991553798906 0.9281394053322238 3.4836138576524758 0.0 26.000875782667034 126.0 8.126984126984144 1.6613236995250327 1.2715812903089094 4.6261065484396156 0.0 26.743848129284313 112.0 9.142857142857132 3.215174161356519 4.115440220494991 13.241912419968985 0.0 16.309553926498698 49.0 20.89795918367347 1.3812455820019316 0.87736710068841 3.332808309342373 0.0 26.121618557082936 133.0 7.6992481203007515 1.704060319635603 1.3507257260432604 5.6352774948562505 0.0 27.650361082446572 110.0 9.309090909090905 3.8649473481133176 6.466106547867601 24.628416408678792 0.0 21.257994108536618 46.0 22.260869565217398 1.410342496680556 0.9965322428027106 3.6016230121356916 0.0 26.215785468000025 126.0 8.126984126984144 0.0 0.0 0.0 0.0 0.0 1.0 1024.0 0.0 0.0 0.0 0.0 0.0 37.0 27.675675675675677 0.0 0.0 0.0 0.0 0.0 1.0 1024.0 0.0 0.0 0.0 0.0 0.0 1.0 1024.0 0.0 0.0 0.0 0.0 0.0 37.0 27.675675675675677 0.0 0.0 0.0 0.0 0.0 1.0 1024.0 0.0 0.0 0.0 0.0 0.0 1.0 1024.0 0.0 0.0 0.0 0.0 0.0 37.0 27.675675675675677 0.0 0.0 0.0 0.0 0.0 1.0 1024.0 1.7741963871738615 1.2181941619737666 4.805157531375327 0.0 25.43334078541035 151.0 6.781456953642391 4.58106600659779 4.752829121290701 15.074033345448699 0.0 19.31325074437748 51.0 20.078431372549023 1.3834532845382594 0.9662471048660553 3.4864782878754865 0.0 25.306913250458557 179.0 5.720670391061458 1.699613299040623 1.213339933310355 4.805157531375327 0.0 26.187529074427058 162.0 6.3209876543209775 4.623389552209654 4.626418050729 15.166946884958433 0.0 19.60975946760939 50.0 20.48 1.3614056653013034 0.9265244857932537 3.355582661291501 0.0 25.771921073685526 195.0 5.251282051282048 1.8419634040303123 1.365122044970642 5.869339320126588 0.0 26.379117161638593 145.0 7.06206896551723 6.599812247510329 8.555497930014969 28.568402560419546 0.0 23.60727266036167 44.0 23.272727272727266 1.4685772678168236 1.0158776072768176 3.9592310638267834 0.0 25.16905258271956 175.0 5.851428571428562 1.4821718997126845 3.7743625924153417 41.78745222094094 0.0 29.348448643212514 638.0 1.6050156739811945 24.07319097332853 10.878977035411614 36.9901087825193 0.0 13.537096399266316 42.0 24.380952380952376 0.67316311656262 1.058939836325291 4.365364986724842 0.0 29.23826360004977 667.0 1.535232383808098 1.4169618569110516 3.4117222292526472 32.874741622928155 0.0 29.45164062088824 644.0 1.5900621118012397 26.413959054522664 9.991545507772553 41.631810312897706 0.0 9.48347659176922 38.0 26.947368421052634 0.6580914509313256 1.0264785295261905 3.5217069291965686 0.0 29.384316693613304 680.0 1.505882352941178 1.3946511866458113 3.502690858301952 45.01462284090048 0.0 29.345482224521774 641.0 1.5975039001560107 28.13662262744742 5.58675950686399 35.76295777937128 0.0 7.64368178375316 36.0 28.44444444444444 0.6977944404766012 1.0905571814145025 4.365364986724842 0.0 29.32950224089589 666.0 1.5375375375375404 1.6074787043925085 1.2386317088898982 4.6261065484396156 0.0 25.297164062485965 105.0 9.75238095238094 3.056263059684581 4.12259513383657 13.834661177334347 0.0 15.970947686880438 51.0 20.078431372549026 1.2709103770052053 1.0002536547874799 4.39897999957627 0.0 26.04554682426085 136.0 7.529411764705898 1.5604035368851423 1.2709394442187114 4.6261065484396156 0.0 26.71994009207275 122.0 8.393442622950813 3.215174161356519 4.115440220494991 13.241912419968985 0.0 16.309553926498698 49.0 20.89795918367347 1.3685779581802193 0.8828441529879704 3.332808309342373 0.0 26.17784073439731 134.0 7.641791044776109 1.627452530889128 1.3400196186549191 5.6352774948562505 0.0 27.12121819786093 116.0 8.827586206896541 3.7759864475544704 6.422373417592628 24.628416408678792 0.0 21.05271246886648 47.0 21.787234042553187 1.3918892952146968 1.010263594541536 3.6016230121356916 0.0 26.008590337437607 126.0 8.126984126984144 
257.0005150327869 1.6547340830309551 1.2416420580012777 4.6261065484396156 0.0 25.843014736221633 106.0 9.660377358490567 3.056263059684581 4.12259513383657 13.834661177334347 0.0 15.970947686880438 51.0 20.078431372549026 1.3246991553798906 0.9281394053322238 3.4836138576524758 0.0 26.000875782667034 126.0 8.126984126984144 1.6613236995250327 1.2715812903089094 4.6261065484396156 0.0 26.743848129284313 112.0 9.142857142857132 3.215174161356519 4.115440220494991 13.241912419968985 0.0 16.309553926498698 49.0 20.89795918367347 1.3812455820019316 0.87736710068841 3.332808309342373 0.0 26.121618557082936 133.0 7.6992481203007515 1.704060319635603 1.3507257260432604 5.6352774948562505 0.0 27.650361082446572 110.0 9.309090909090905 3.8649473481133176 6.466106547867601 24.628416408678792 0.0 21.257994108536618 46.0 22.260869565217398 1.410342496680556 0.9965322428027106 3.6016230121356916 0.0 26.215785468000025 126.0 8.126984126984144 0.0 0.0 0.0 0.0 0.0 1.0 1024.0 0.0 0.0 0.0 0.0 0.0 37.0 27.675675675675677 0.0 0.0 0.0 0.0 0.0 1.0 1024.0 0.0 0.0 0.0 0.0 0.0 1.0 1024.0 0.0 0.0 0.0 0.0 0.0 37.0 27.675675675675677 0.0 0.0 0.0 0.0 0.0 1.0 1024.0 0.0 0.0 0.0 0.0 0.0 1.0 1024.0 0.0 0.0 0.0 0.0 0.0 37.0 27.675675675675677 0.0 0.0 0.0 0.0 0.0 1.0 1024.0 1.7741963871738615 1.2181941619737666 4.805157531375327 0.0 25.43334078541035 151.0 6.781456953642391 4.58106600659779 4.752829121290701 15.074033345448699 0.0 19.31325074437748 51.0 20.078431372549023 1.3834532845382594 0.9662471048660553 3.4864782878754865 0.0 25.306913250458557 179.0 5.720670391061458 1.699613299040623 1.213339933310355 4.805157531375327 0.0 26.187529074427058 162.0 6.3209876543209775 4.623389552209654 4.626418050729 15.166946884958433 0.0 19.60975946760939 50.0 20.48 1.3614056653013034 0.9265244857932537 3.355582661291501 0.0 25.771921073685526 195.0 5.251282051282048 1.8419634040303123 1.365122044970642 5.869339320126588 0.0 26.379117161638593 145.0 7.06206896551723 6.599812247510329 8.555497930014969 28.568402560419546 0.0 23.60727266036167 44.0 23.272727272727266 1.4685772678168236 1.0158776072768176 3.9592310638267834 0.0 25.16905258271956 175.0 5.851428571428562 1.4821718997126845 3.7743625924153417 41.78745222094094 0.0 29.348448643212514 638.0 1.6050156739811945 24.07319097332853 10.878977035411614 36.9901087825193 0.0 13.537096399266316 42.0 24.380952380952376 0.67316311656262 1.058939836325291 4.365364986724842 0.0 29.23826360004977 667.0 1.535232383808098 1.4169618569110516 3.4117222292526472 32.874741622928155 0.0 29.45164062088824 644.0 1.5900621118012397 26.413959054522664 9.991545507772553 41.631810312897706 0.0 9.48347659176922 38.0 26.947368421052634 0.6580914509313256 1.0264785295261905 3.5217069291965686 0.0 29.384316693613304 680.0 1.505882352941178 1.3946511866458113 3.502690858301952 45.01462284090048 0.0 29.345482224521774 641.0 1.5975039001560107 28.13662262744742 5.58675950686399 35.76295777937128 0.0 7.64368178375316 36.0 28.44444444444444 0.6977944404766012 1.0905571814145025 4.365364986724842 0.0 29.32950224089589 666.0 1.5375375375375404 1.604235801487066 1.243028817775103 4.6261065484396156 0.0 25.228602738764398 105.0 9.75238095238094 3.056263059684581 4.12259513383657 13.834661177334347 0.0 15.970947686880438 51.0 20.078431372549026 1.3288458842779962 0.9848128202914511 4.39897999957627 0.0 25.79587306139848 130.0 7.876923076923094 1.6136525353746718 1.2617883157753225 4.6261065484396156 0.0 26.637827463330023 118.0 8.677966101694928 3.215174161356519 4.115440220494991 13.241912419968985 0.0 16.309553926498698 49.0 20.89795918367347 1.3682689607464351 0.8831991093740269 3.332808309342373 0.0 26.177766725558477 134.0 7.641791044776109 1.6528685383757942 1.3376327846829632 5.6352774948562505 0.0 26.98257443671673 114.0 8.982456140350859 3.7759864475544704 6.422373417592628 24.628416408678792 0.0 21.05271246886648 47.0 21.787234042553187 1.4115257315152725 1.0062807087336223 3.6016230121356916 0.0 25.805220701525126 124.0 8.25806451612904 
258.0005150327869 1.6544787236645195 1.2418991975592257 4.6261065484396156 0.0 25.843399698950858 106.0 9.660377358490567 3.056263059684581 4.12259513383657 13.834661177334347 0.0 15.970947686880438 51.0 20.078431372549026 1.3246991553798906 0.9281394053322238 3.4836138576524758 0.0 26.000875782667034 126.0 8.126984126984144 1.646164650461392 1.2760863789326287 4.6261065484396156 0.0 26.789702006689136 113.0 9.061946902654856 3.215174161356519 4.115440220494991 13.241912419968985 0.0 16.309553926498698 49.0 20.89795918367347 1.3812455820019316 0.87736710068841 3.332808309342373 0.0 26.121618557082936 133.0 7.6992481203007515 1.704060319635603 1.3507257260432604 5.6352774948562505 0.0 27.650361082446572 110.0 9.309090909090905 3.8649473481133176 6.466106547867601 24.628416408678792 0.0 21.257994108536618 46.0 22.260869565217398 1.410342496680556 0.9965322428027106 3.6016230121356916 0.0 26.215785468000025 126.0 8.126984126984144 0.0 0.0 0.0 0.0 0.0 1.0 1024.0 0.0 0.0 0.0 0.0 0.0 37.0 27.675675675675677 0.0 0.0 0.0 0.0 0.0 1.0 1024.0 0.0 0.0 0.0 0.0 0.0 1.0 1024.0 0.0 0.0 0.0 0.0 0.0 37.0 27.675675675675677 0.0 0.0 0.0 0.0 0.0 1.0 1024.0 0.0 0.0 0.0 0.0 0.0 1.0 1024.0 0.0 0.0 0.0 0.0 0.0 37.0 27.675675675675677 0.0 0.0 0.0 0.0 0.0 1.0 1024.0 1.7741963871738615 1.2181941619737666 4.805157531375327 0.0 25.43334078541035 151.0 6.781456953642391 4.58106600659779 4.752829121290701 15.074033345448699 0.0 19.31325074437748 51.0 20.078431372549023 1.3834532845382594 0.9662471048660553 3.4864782878754865 0.0 25.306913250458557 179.0 5.720670391061458 1.699613299040623 1.213339933310355 4.805157531375327 0.0 26.187529074427058 162.0 6.3209876543209775 4.623389552209654 4.626418050729 15.166946884958433 0.0 19.60975946760939 50.0 20.48 1.3614056653013034 0.9265244857932537 3.355582661291501 0.0 25.771921073685526 195.0 5.251282051282048 1.8419634040303123 1.365122044970642 5.869339320126588 0.0 26.379117161638593 145.0 7.06206896551723 6.599812247510329 8.555497930014969 28.568402560419546 0.0 23.60727266036167 44.0 23.272727272727266 1.4685772678168236 1.0158776072768176 3.9592310638267834 0.0 25.16905258271956 175.0 5.851428571428562 1.4821718997126845 3.7743625924153417 41.78745222094094 0.0 29.348448643212514 638.0 1.6050156739811945 24.07319097332853 10.878977035411614 36.9901087825193 0.0 13.537096399266316 42.0 24.380952380952376 0.67316311656262 1.058939836325291 4.365364986724842 0.0 29.23826360004977 667.0 1.535232383808098 1.4169618569110516 3.4117222292526472 32.874741622928155 0.0 29.45164062088824 644.0 1.5900621118012397 26.413959054522664 9.991545507772553 41.631810312897706 0.0 9.48347659176922 38.0 26.947368421052634 0.6580914509313256 1.0264785295261905 3.5217069291965686 0.0 29.384316693613304 680.0 1.505882352941178 1.3946511866458113 3.502690858301952 45.01462284090048 0.0 29.345482224521774 641.0 1.5975039001560107 28.13662262744742 5.58675950686399 35.76295777937128 0.0 7.64368178375316 36.0 28.44444444444444 0.6977944404766012 1.0905571814145025 4.365364986724842 0.0 29.32950224089589 666.0 1.5375375375375404 1.5300984935844573 1.256811186634069 4.6261065484396156 0.0 25.60895783342239 111.0 9.225225225225214 3.056263059684581 4.12259513383657 13.834661177334347 0.0 15.970947686880438 51.0 20.078431372549026 1.291878152372067 0.9977850010064125 4.39897999957627 0.0 25.967245088401842 134.0 7.641791044776107 1.5357733549502526 1.2786367201929631 4.6261065484396156 0.0 26.806771353457325 124.0 8.25806451612904 3.215174161356519 4.115440220494991 13.241912419968985 0.0 16.309553926498698 49.0 20.89795918367347 1.368108456757529 0.8834196269418423 3.332808309342373 0.0 26.177609496774675 134.0 7.641791044776109 1.580939003743547 1.340569604417626 5.6352774948562505 0.0 27.344495304169808 120.0 8.533333333333317 3.7759864475544704 6.422373417592628 24.628416408678792 0.0 21.05271246886648 47.0 21.787234042553187 1.3567022532741877 1.023827229724147 3.6016230121356916 0.0 26.263093089905958 129.0 7.937984496124019 
259.0005150327869 1.6544787236645195 1.2418991975592257 4.6261065484396156 0.0 25.843399698950858 106.0 9.660377358490567 3.056263059684581 4.12259513383657 13.834661177334347 0.0 15.970947686880438 51.0 20.078431372549026 1.3246991553798906 0.9281394053322238 3.4836138576524758 0.0 26.000875782667034 126.0 8.126984126984144 1.6316755918121373 1.2798115671230499 4.6261065484396156 0.0 26.831128254778392 114.0 8.982456140350862 3.215174161356519 4.115440220494991 13.241912419968985 0.0 16.309553926498698 49.0 20.89795918367347 1.3812455820019316 0.87736710068841 3.332808309342373 0.0 26.121618557082936 133.0 7.6992481203007515 1.704060319635603 1.3507257260432604 5.6352774948562505 0.0 27.650361082446572 110.0 9.309090909090905 3.8649473481133176 6.466106547867601 24.628416408678792 0.0 21.257994108536618 46.0 22.260869565217398 1.410342496680556 0.9965322428027106 3.6016230121356916 0.0 26.215785468000025 126.0 8.126984126984144 0.0 0.0 0.0 0.0 0.0 1.0 1024.0 0.0 0.0 0.0 0.0 0.0 37.0 27.675675675675677 0.0 0.0 0.0 0.0 0.0 1.0 1024.0 0.0 0.0 0.0 0.0 0.0 1.0 1024.0 0.0 0.0 0.0 0.0 0.0 37.0 27.675675675675677 0.0 0.0 0.0 0.0 0.0 1.0 1024.0 0.0 0.0 0.0 0.0 0.0 1.0 1024.0 0.0 0.0 0.0 0.0 0.0 37.0 27.675675675675677 0.0 0.0 0.0 0.0 0.0 1.0 1024.0 1.7741963871738615 1.2181941619737666 4.805157531375327 0.0 25.43334078541035 151.0 6.781456953642391 4.58106600659779 4.752829121290701 15.074033345448699 0.0 19.31325074437748 51.0 20.078431372549023 1.3834532845382594 0.9662471048660553 3.4864782878754865 0.0 25.306913250458557 179.0 5.720670391061458 1.699613299040623 1.213339933310355 4.805157531375327 0.0 26.187529074427058 162.0 6.3209876543209775 4.623389552209654 4.626418050729 15.166946884958433 0.0 19.60975946760939 50.0 20.48 1.3614056653013034 0.9265244857932537 3.355582661291501 0.0 25.771921073685526 195.0 5.251282051282048 1.8419634040303123 1.365122044970642 5.869339320126588 0.0 26.379117161638593 145.0 7.06206896551723 6.599812247510329 8.555497930014969 28.568402560419546 0.0 23.60727266036167 44.0 23.272727272727266 1.4685772678168236 1.0158776072768176 3.9592310638267834 0.0 25.16905258271956 175.0 5.851428571428562 1.4821718997126845 3.7743625924153417 41.78745222094094 0.0 29.348448643212514 638.0 1.6050156739811945 24.07319097332853 10.878977035411614 36.9901087825193 0.0 13.537096399266316 42.0 24.380952380952376 0.67316311656262 1.058939836325291 4.365364986724842 0.0 29.23826360004977 667.0 1.535232383808098 1.4169618569110516 3.4117222292526472 32.874741622928155 0.0 29.45164062088824 644.0 1.5900621118012397 26.413959054522664 9.991545507772553 41.631810312897706 0.0 9.48347659176922 38.0 26.947368421052634 0.6580914509313256 1.0264785295261905 3.5217069291965686 0.0 29.384316693613304 680.0 1.505882352941178 1.3946511866458113 3.502690858301952 45.01462284090048 0.0 29.345482224521774 641.0 1.5975039001560107 28.13662262744742 5.58675950686399 35.76295777937128 0.0 7.64368178375316 36.0 28.44444444444444 0.6977944404766012 1.0905571814145025 4.365364986724842 0.0 29.32950224089589 666.0 1.5375375375375404 1.5664226079260903 1.23384789889576 4.6261065484396156 0.0 25.527649285218438 109.0 9.394495412844037 3.056263059684581 4.12259513383657 13.834661177334347 0.0 15.970947686880438 51.0 20.078431372549026 1.2843919809711462 0.9919416276991174 4.39897999957627 0.0 26.062384310105212 135.0 7.585185185185177 1.614612313694295 1.2613528255674826 4.6261065484396156 0.0 26.64423725535288 118.0 8.677966101694928 3.215174161356519 4.115440220494991 13.241912419968985 0.0 16.309553926498698 49.0 20.89795918367347 1.3676977766720033 0.8839632314125543 3.332808309342373 0.0 26.17814189729321 134.0 7.641791044776109 1.4970847908418154 1.3468844001943492 5.6352774948562505 0.0 27.52244950834553 126.0 8.126984126984144 3.7759864475544704 6.422373417592628 24.628416408678792 0.0 21.05271246886648 47.0 21.787234042553187 1.3072774627291561 1.0356265448074815 3.6016230121356916 0.0 26.622487609163368 134.0 7.641791044776107 
260.0005150327869 1.6544787236645195 1.2418991975592257 4.6261065484396156 0.0 25.843399698950858 106.0 9.660377358490567 3.056263059684581 4.12259513383657 13.834661177334347 0.0 15.970947686880438 51.0 20.078431372549026 1.3246991553798906 0.9281394053322238 3.4836138576524758 0.0 26.000875782667034 126.0 8.126984126984144 1.646884868886077 1.2752552885052832 4.6261065484396156 0.0 26.787541573231135 113.0 9.061946902654856 3.215174161356519 4.115440220494991 13.241912419968985 0.0 16.309553926498698 49.0 20.89795918367347 1.3812455820019316 0.87736710068841 3.332808309342373 0.0 26.121618557082936 133.0 7.6992481203007515 1.704060319635603 1.3507257260432604 5.6352774948562505 0.0 27.650361082446572 110.0 9.309090909090905 3.8649473481133176 6.466106547867601 24.628416408678792 0.0 21.257994108536618 46.0 22.260869565217398 1.410342496680556 0.9965322428027106 3.6016230121356916 0.0 26.215785468000025 126.0 8.126984126984144 0.0 0.0 0.0 0.0 0.0 1.0 1024.0 0.0 0.0 0.0 0.0 0.0 37.0 27.675675675675677 0.0 0.0 0.0 0.0 0.0 1.0 1024.0 0.0 0.0 0.0 0.0 0.0 1.0 1024.0 0.0 0.0 0.0 0.0 0.0 37.0 27.675675675675677 0.0 0.0 0.0 0.0 0.0 1.0 1024.0 0.0 0.0 0.0 0.0 0.0 1.0 1024.0 0.0 0.0 0.0 0.0 0.0 37.0 27.675675675675677 0.0 0.0 0.0 0.0 0.0 1.0 1024.0 1.7625362790130212 1.222645661498674 4.805157531375327 0.0 25.51850268179278 152.0 6.736842105263151 4.58106600659779 4.752829121290701 15.074033345448699 0.0 19.31325074437748 51.0 20.078431372549023 1.3834532845382594 0.9662471048660553 3.4864782878754865 0.0 25.306913250458557 179.0 5.720670391061458 1.699613299040623 1.213339933310355 4.805157531375327 0.0 26.187529074427058 162.0 6.3209876543209775 4.623389552209654 4.626418050729 15.166946884958433 0.0 19.60975946760939 50.0 20.48 1.3614056653013034 0.9265244857932537 3.355582661291501 0.0 25.771921073685526 195.0 5.251282051282048 1.8419634040303123 1.365122044970642 5.869339320126588 0.0 26.379117161638593 145.0 7.06206896551723 6.599812247510329 8.555497930014969 28.568402560419546 0.0 23.60727266036167 44.0 23.272727272727266 1.4685772678168236 1.0158776072768176 3.9592310638267834 0.0 25.16905258271956 175.0 5.851428571428562 1.4821718997126845 3.7743625924153417 41.78745222094094 0.0 29.348448643212514 638.0 1.6050156739811945 24.07319097332853 10.878977035411614 36.9901087825193 0.0 13.537096399266316 42.0 24.380952380952376 0.67316311656262 1.058939836325291 4.365364986724842 0.0 29.23826360004977 667.0 1.535232383808098 1.4169618569110516 3.4117222292526472 32.874741622928155 0.0 29.45164062088824 644.0 1.5900621118012397 26.413959054522664 9.991545507772553 41.631810312897706 0.0 9.48347659176922 38.0 26.947368421052634 0.6580914509313256 1.0264785295261905 3.5217069291965686 0.0 29.384316693613304 680.0 1.505882352941178 1.3946511866458113 3.502690858301952 45.01462284090048 0.0 29.345482224521774 641.0 1.5975039001560107 28.13662262744742 5.58675950686399 35.76295777937128 0.0 7.64368178375316 36.0 28.44444444444444 0.6977944404766012 1.0905571814145025 4.365364986724842 0.0 29.32950224089589 666.0 1.5375375375375404 1.600362384781842 1.2305321363544013 4.6261065484396156 0.0 25.328110649278596 106.0 9.660377358490567 3.056263059684581 4.12259513383657 13.834661177334347 0.0 15.970947686880438 51.0 20.078431372549026 1.2740409434454825 0.9940131570199722 4.39897999957627 0.0 26.073404194130866 135.0 7.585185185185177 1.627193128795166 1.2585284081920107 4.6261065484396156 0.0 26.580414452455454 117.0 8.752136752136739 3.215174161356519 4.115440220494991 13.241912419968985 0.0 16.309553926498698 49.0 20.89795918367347 1.3676286279248684 0.8840203010046724 3.332808309342373 0.0 26.17002256283449 134.0 7.641791044776109 1.6130320632822224 1.3293734725402415 5.6352774948562505 0.0 27.151627070345615 117.0 8.752136752136737 3.7759864475544704 6.422373417592628 24.628416408678792 0.0 21.05271246886648 47.0 21.787234042553187 1.3808373891560948 1.0138051366704257 3.6016230121356916 0.0 26.064472148577583 127.0 8.062992125984264 
261.0005150327869 1.6544787236645195 1.2418991975592257 4.6261065484396156 0.0 25.843399698950858 106.0 9.660377358490567 3.056263059684581 4.12259513383657 13.834661177334347 0.0 15.970947686880438 51.0 20.078431372549026 1.3246991553798906 0.9281394053322238 3.4836138576524758 0.0 26.000875782667034 126.0 8.126984126984144 1.676686810301916 1.2669968499997712 4.6261065484396156 0.0 26.69153073179759 111.0 9.225225225225216 3.215174161356519 4.115440220494991 13.241912419968985 0.0 16.309553926498698 49.0 20.89795918367347 1.3812455820019316 0.87736710068841 3.332808309342373 0.0 26.121618557082936 133.0 7.6992481203007515 1.704060319635603 1.3507257260432604 5.6352774948562505 0.0 27.650361082446572 110.0 9.309090909090905 3.8649473481133176 6.466106547867601 24.628416408678792 0.0 21.257994108536618 46.0 22.260869565217398 1.410342496680556 0.9965322428027106 3.6016230121356916 0.0 26.215785468000025 126.0 8.126984126984144 0.0 0.0 0.0 0.0 0.0 1.0 1024.0 0.0 0.0 0.0 0.0 0.0 37.0 27.675675675675677 0.0 0.0 0.0 0.0 0.0 1.0 1024.0 0.0 0.0 0.0 0.0 0.0 1.0 1024.0 0.0 0.0 0.0 0.0 0.0 37.0 27.675675675675677 0.0 0.0 0.0 0.0 0.0 1.0 1024.0 0.0 0.0 0.0 0.0 0.0 1.0 1024.0 0.0 0.0 0.0 0.0 0.0 37.0 27.675675675675677 0.0 0.0 0.0 0.0 0.0 1.0 1024.0 1.739484304407859 1.2311005068166319 4.805157531375327 0.0 25.68313166740574 154.0 6.649350649350648 4.58106600659779 4.752829121290701 15.074033345448699 0.0 19.31325074437748 51.0 20.078431372549023 1.3834532845382594 0.9662471048660553 3.4864782878754865 0.0 25.306913250458557 179.0 5.720670391061458 1.699613299040623 1.213339933310355 4.805157531375327 0.0 26.187529074427058 162.0 6.3209876543209775 4.623389552209654 4.626418050729 15.166946884958433 0.0 19.60975946760939 50.0 20.48 1.3614056653013034 0.9265244857932537 3.355582661291501 0.0 25.771921073685526 195.0 5.251282051282048 1.8419634040303123 1.365122044970642 5.869339320126588 0.0 26.379117161638593 145.0 7.06206896551723 6.599812247510329 8.555497930014969 28.568402560419546 0.0 23.60727266036167 44.0 23.272727272727266 1.4685772678168236 1.0158776072768176 3.9592310638267834 0.0 25.16905258271956 175.0 5.851428571428562 1.4821718997126845 3.7743625924153417 41.78745222094094 0.0 29.348448643212514 638.0 1.6050156739811945 24.07319097332853 10.878977035411614 36.9901087825193 0.0 13.537096399266316 42.0 24.380952380952376 0.67316311656262 1.058939836325291 4.365364986724842 0.0 29.23826360004977 667.0 1.535232383808098 1.4169618569110516 3.4117222292526472 32.874741622928155 0.0 29.45164062088824 644.0 1.5900621118012397 26.413959054522664 9.991545507772553 41.631810312897706 0.0 9.48347659176922 38.0 26.947368421052634 0.6580914509313256 1.0264785295261905 3.5217069291965686 0.0 29.384316693613304 680.0 1.505882352941178 1.3946511866458113 3.502690858301952 45.01462284090048 0.0 29.345482224521774 641.0 1.5975039001560107 28.13662262744742 5.58675950686399 35.76295777937128 0.0 7.64368178375316 36.0 28.44444444444444 0.6977944404766012 1.0905571814145025 4.365364986724842 0.0 29.32950224089589 666.0 1.5375375375375404 1.6114538022845832 1.2310697828900705 4.6261065484396156 0.0 25.24966110491274 105.0 9.75238095238094 3.056263059684581 4.12259513383657 13.834661177334347 0.0 15.970947686880438 51.0 20.078431372549026 1.2794373286984746 0.9935473677541427 4.39897999957627 0.0 25.97419889340767 133.0 7.6992481203007515 1.5346807196637584 1.2792108102804172 4.6261065484396156 0.0 26.805554182391504 124.0 8.25806451612904 3.215174161356519 4.115440220494991 13.241912419968985 0.0 16.309553926498698 49.0 20.89795918367347 1.3676286279248684 0.8840203010046724 3.332808309342373 0.0 26.17002256283449 134.0 7.641791044776109 1.6453125071654313 1.3246337834311452 5.6352774948562505 0.0 27.051261003288698 115.0 8.904347826086951 3.7759864475544704 6.422373417592628 24.628416408678792 0.0 21.05271246886648 47.0 21.787234042553187 1.3995091964127369 1.0099149128154514 3.6016230121356916 0.0 25.871279395101492 125.0 8.191999999999993 
262.0005150327869 1.6544787236645195 1.2418991975592257 4.6261065484396156 0.0 25.843399698950858 106.0 9.660377358490567 3.056263059684581 4.12259513383657 13.834661177334347 0.0 15.970947686880438 51.0 20.078431372549026 1.3246991553798906 0.9281394053322238 3.4836138576524758 0.0 26.000875782667034 126.0 8.126984126984144 1.676686810301916 1.2669968499997712 4.6261065484396156 0.0 26.69153073179759 111.0 9.225225225225216 3.215174161356519 4.115440220494991 13.241912419968985 0.0 16.309553926498698 49.0 20.89795918367347 1.382329465965499 0.8759607930217629 3.332808309342373 0.0 26.12276253788965 133.0 7.6992481203007515 1.704060319635603 1.3507257260432604 5.6352774948562505 0.0 27.650361082446572 110.0 9.309090909090905 3.8649473481133176 6.466106547867601 24.628416408678792 0.0 21.257994108536618 46.0 22.260869565217398 1.410342496680556 0.9965322428027106 3.6016230121356916 0.0 26.215785468000025 126.0 8.126984126984144 0.0 0.0 0.0 0.0 0.0 1.0 1024.0 0.0 0.0 0.0 0.0 0.0 37.0 27.675675675675677 0.0 0.0 0.0 0.0 0.0 1.0 1024.0 0.0 0.0 0.0 0.0 0.0 1.0 1024.0 0.0 0.0 0.0 0.0 0.0 37.0 27.675675675675677 0.0 0.0 0.0 0.0 0.0 1.0 1024.0 0.0 0.0 0.0 0.0 0.0 1.0 1024.0 0.0 0.0 0.0 0.0 0.0 37.0 27.675675675675677 0.0 0.0 0.0 0.0 0.0 1.0 1024.0 1.7635464242991283 1.2211150741741414 4.805157531375327 0.0 25.51939499085785 152.0 6.736842105263152 4.58106600659779 4.752829121290701 15.074033345448699 0.0 19.31325074437748 51.0 20.078431372549023 1.3834532845382594 0.9662471048660553 3.4864782878754865 0.0 25.306913250458557 179.0 5.720670391061458 1.699613299040623 1.213339933310355 4.805157531375327 0.0 26.187529074427058 162.0 6.3209876543209775 4.623389552209654 4.626418050729 15.166946884958433 0.0 19.60975946760939 50.0 20.48 1.3614056653013034 0.9265244857932537 3.355582661291501 0.0 25.771921073685526 195.0 5.251282051282048 1.8421150993965583 1.3649933964053178 5.869339320126588 0.0 26.379687365993746 145.0 7.06206896551723 6.599812247510329 8.555497930014969 28.568402560419546 0.0 23.60727266036167 44.0 23.272727272727266 1.4685772678168236 1.0158776072768176 3.9592310638267834 0.0 25.16905258271956 175.0 5.851428571428562 1.4821718997126845 3.7743625924153417 41.78745222094094 0.0 29.348448643212514 638.0 1.6050156739811945 24.07319097332853 10.878977035411614 36.9901087825193 0.0 13.537096399266316 42.0 24.380952380952376 0.67316311656262 1.058939836325291 4.365364986724842 0.0 29.23826360004977 667.0 1.535232383808098 1.4169618569110516 3.4117222292526472 32.874741622928155 0.0 29.45164062088824 644.0 1.5900621118012397 26.413959054522664 9.991545507772553 41.631810312897706 0.0 9.48347659176922 38.0 26.947368421052634 0.6580914509313256 1.0264785295261905 3.5217069291965686 0.0 29.384316693613304 680.0 1.505882352941178 1.3946511866458113 3.502690858301952 45.01462284090048 0.0 29.345482224521774 641.0 1.5975039001560107 28.13662262744742 5.58675950686399 35.76295777937128 0.0 7.64368178375316 36.0 28.44444444444444 0.6977944404766012 1.0905571814145025 4.365364986724842 0.0 29.32950224089589 666.0 1.5375375375375404 1.523088886039738 1.2530676261496556 4.6261065484396156 0.0 25.61126694947493 111.0 9.225225225225214 3.056263059684581 4.12259513383657 13.834661177334347 0.0 15.970947686880438 51.0 20.078431372549026 1.2696211321045623 1.0043523654866902 4.39897999957627 0.0 26.062048194726433 135.0 7.585185185185177 1.6073778635189016 1.2673604176456752 4.6261065484396156 0.0 26.5175734711694 118.0 8.677966101694928 3.215174161356519 4.115440220494991 13.241912419968985 0.0 16.309553926498698 49.0 20.89795918367347 1.3676286279248684 0.8840203010046724 3.332808309342373 0.0 26.17002256283449 134.0 7.641791044776109 1.5766298117287743 1.3380698534110866 5.6352774948562505 0.0 27.33169699209852 120.0 8.533333333333317 3.7759864475544704 6.422373417592628 24.628416408678792 0.0 21.05271246886648 47.0 21.787234042553187 1.3323869193751339 1.03255581477763 3.6016230121356916 0.0 26.335251546015705 131.0 7.81679389312976 
263.0005150327869 1.6544787236645195 1.2418991975592257 4.6261065484396156 0.0 25.843399698950858 106.0 9.660377358490567 3.056263059684581 4.12259513383657 13.834661177334347 0.0 15.970947686880438 51.0 20.078431372549026 1.3246991553798906 0.9281394053322238 3.4836138576524758 0.0 26.000875782667034 126.0 8.126984126984144 1.676686810301916 1.2669968499997712 4.6261065484396156 0.0 26.69153073179759 111.0 9.225225225225216 3.215174161356519 4.115440220494991 13.241912419968985 0.0 16.309553926498698 49.0 20.89795918367347 1.382329465965499 0.8759607930217629 3.332808309342373 0.0 26.12276253788965 133.0 7.6992481203007515 1.704060319635603 1.3507257260432604 5.6352774948562505 0.0 27.650361082446572 110.0 9.309090909090905 3.8649473481133176 6.466106547867601 24.628416408678792 0.0 21.257994108536618 46.0 22.260869565217398 1.410342496680556 0.9965322428027106 3.6016230121356916 0.0 26.215785468000025 126.0 8.126984126984144 0.0 0.0 0.0 0.0 0.0 1.0 1024.0 0.0 0.0 0.0 0.0 0.0 37.0 27.675675675675677 0.0 0.0 0.0 0.0 0.0 1.0 1024.0 0.0 0.0 0.0 0.0 0.0 1.0 1024.0 0.0 0.0 0.0 0.0 0.0 37.0 27.675675675675677 0.0 0.0 0.0 0.0 0.0 1.0 1024.0 0.0 0.0 0.0 0.0 0.0 1.0 1024.0 0.0 0.0 0.0 0.0 0.0 37.0 27.675675675675677 0.0 0.0 0.0 0.0 0.0 1.0 1024.0 1.7751456029953951 1.2167292084812056 4.805157531375327 0.0 25.42363886864505 151.0 6.781456953642391 4.58106600659779 4.752829121290701 15.074033345448699 0.0 19.31325074437748 51.0 20.078431372549023 1.3834532845382594 0.9662471048660553 3.4864782878754865 0.0 25.306913250458557 179.0 5.720670391061458 1.699613299040623 1.213339933310355 4.805157531375327 0.0 26.187529074427058 162.0 6.3209876543209775 4.623389552209654 4.626418050729 15.166946884958433 0.0 19.60975946760939 50.0 20.48 1.3614056653013034 0.9265244857932537 3.355582661291501 0.0 25.771921073685526 195.0 5.251282051282048 1.8421150993965583 1.3649933964053178 5.869339320126588 0.0 26.379687365993746 145.0 7.06206896551723 6.599812247510329 8.555497930014969 28.568402560419546 0.0 23.60727266036167 44.0 23.272727272727266 1.4685772678168236 1.0158776072768176 3.9592310638267834 0.0 25.16905258271956 175.0 5.851428571428562 1.4821718997126845 3.7743625924153417 41.78745222094094 0.0 29.348448643212514 638.0 1.6050156739811945 24.07319097332853 10.878977035411614 36.9901087825193 0.0 13.537096399266316 42.0 24.380952380952376 0.67316311656262 1.058939836325291 4.365364986724842 0.0 29.23826360004977 667.0 1.535232383808098 1.4169618569110516 3.4117222292526472 32.874741622928155 0.0 29.45164062088824 644.0 1.5900621118012397 26.413959054522664 9.991545507772553 41.631810312897706 0.0 9.48347659176922 38.0 26.947368421052634 0.6580914509313256 1.0264785295261905 3.5217069291965686 0.0 29.384316693613304 680.0 1.505882352941178 1.3946511866458113 3.502690858301952 45.01462284090048 0.0 29.345482224521774 641.0 1.5975039001560107 28.13662262744742 5.58675950686399 35.76295777937128 0.0 7.64368178375316 36.0 28.44444444444444 0.6977944404766012 1.0905571814145025 4.365364986724842 0.0 29.32950224089589 666.0 1.5375375375375404 1.5633599048972104 1.233944317964551 4.6261065484396156 0.0 25.522843234444466 109.0 9.394495412844037 3.056263059684581 4.12259513383657 13.834661177334347 0.0 15.970947686880438 51.0 20.078431372549026 1.2866292065408418 1.0032781876832306 4.797910562281938 0.0 26.090966018323936 135.0 7.585185185185177 1.6082439126685038 1.2620650734174255 4.6261065484396156 0.0 26.513101677178028 118.0 8.677966101694928 3.215174161356519 4.115440220494991 13.241912419968985 0.0 16.309553926498698 49.0 20.89795918367347 1.3574656913342142 0.8885715043843886 3.332808309342373 0.0 26.233925341993356 135.0 7.5851851851851775 1.4751887486932125 1.351767769738465 5.6352774948562505 0.0 27.53367746608947 128.0 8.0 3.692147190387234 6.379811535444887 24.628416408678792 0.0 20.84302593706171 48.0 21.33333333333333 1.2962755731006446 1.0382061475283015 3.6016230121356916 0.0 26.63817236229771 135.0 7.585185185185177 
264.0005150327869 1.6544787236645195 1.2418991975592257 4.6261065484396156 0.0 25.843399698950858 106.0 9.660377358490567 3.056263059684581 4.12259513383657 13.834661177334347 0.0 15.970947686880438 51.0 20.078431372549026 1.3246991553798906 0.9281394053322238 3.4836138576524758 0.0 26.000875782667034 126.0 8.126984126984144 1.676686810301916 1.2669968499997712 4.6261065484396156 0.0 26.69153073179759 111.0 9.225225225225216 3.215174161356519 4.115440220494991 13.241912419968985 0.0 16.309553926498698 49.0 20.89795918367347 1.382329465965499 0.8759607930217629 3.332808309342373 0.0 26.12276253788965 133.0 7.6992481203007515 1.704060319635603 1.3507257260432604 5.6352774948562505 0.0 27.650361082446572 110.0 9.309090909090905 3.8649473481133176 6.466106547867601 24.628416408678792 0.0 21.257994108536618 46.0 22.260869565217398 1.410342496680556 0.9965322428027106 3.6016230121356916 0.0 26.215785468000025 126.0 8.126984126984144 0.0 0.0 0.0 0.0 0.0 1.0 1024.0 0.0 0.0 0.0 0.0 0.0 37.0 27.675675675675677 0.0 0.0 0.0 0.0 0.0 1.0 1024.0 0.0 0.0 0.0 0.0 0.0 1.0 1024.0 0.0 0.0 0.0 0.0 0.0 37.0 27.675675675675677 0.0 0.0 0.0 0.0 0.0 1.0 1024.0 0.0 0.0 0.0 0.0 0.0 1.0 1024.0 0.0 0.0 0.0 0.0 0.0 37.0 27.675675675675677 0.0 0.0 0.0 0.0 0.0 1.0 1024.0 1.7751456029953951 1.2167292084812056 4.805157531375327 0.0 25.42363886864505 151.0 6.781456953642391 4.58106600659779 4.752829121290701 15.074033345448699 0.0 19.31325074437748 51.0 20.078431372549023 1.3834532845382594 0.9662471048660553 3.4864782878754865 0.0 25.306913250458557 179.0 5.720670391061458 1.699613299040623 1.213339933310355 4.805157531375327 0.0 26.187529074427058 162.0 6.3209876543209775 4.623389552209654 4.626418050729 15.166946884958433 0.0 19.60975946760939 50.0 20.48 1.3614056653013034 0.9265244857932537 3.355582661291501 0.0 25.771921073685526 195.0 5.251282051282048 1.8421150993965583 1.3649933964053178 5.869339320126588 0.0 26.379687365993746 145.0 7.06206896551723 6.599812247510329 8.555497930014969 28.568402560419546 0.0 23.60727266036167 44.0 23.272727272727266 1.4685772678168236 1.0158776072768176 3.9592310638267834 0.0 25.16905258271956 175.0 5.851428571428562 1.4821718997126845 3.7743625924153417 41.78745222094094 0.0 29.348448643212514 638.0 1.6050156739811945 24.07319097332853 10.878977035411614 36.9901087825193 0.0 13.537096399266316 42.0 24.380952380952376 0.67316311656262 1.058939836325291 4.365364986724842 0.0 29.23826360004977 667.0 1.535232383808098 1.4169618569110516 3.4117222292526472 32.874741622928155 0.0 29.45164062088824 644.0 1.5900621118012397 26.413959054522664 9.991545507772553 41.631810312897706 0.0 9.48347659176922 38.0 26.947368421052634 0.6580914509313256 1.0264785295261905 3.5217069291965686 0.0 29.384316693613304 680.0 1.505882352941178 1.3946511866458113 3.502690858301952 45.01462284090048 0.0 29.345482224521774 641.0 1.5975039001560107 28.13662262744742 5.58675950686399 35.76295777937128 0.0 7.64368178375316 36.0 28.44444444444444 0.6977944404766012 1.0905571814145025 4.365364986724842 0.0 29.32950224089589 666.0 1.5375375375375404 1.5857004231471974 1.233787260537061 4.6261065484396156 0.0 25.405922391612386 107.0 9.570093457943923 3.056263059684581 4.12259513383657 13.834661177334347 0.0 15.970947686880438 51.0 20.078431372549026 1.2565958159298345 1.0229969540918395 5.12274872007827 0.0 26.091870646012307 138.0 7.420289855072477 1.507539098874782 1.2814946955002238 4.6261065484396156 0.0 26.76841802057112 125.0 8.191999999999993 3.215174161356519 4.115440220494991 13.241912419968985 0.0 16.309553926498698 49.0 20.89795918367347 1.3657429794260867 0.8784931630219797 3.332808309342373 0.0 26.243336775246306 135.0 7.5851851851851775 1.5486877498550025 1.342091824878659 5.6352774948562505 0.0 27.278842189824125 122.0 8.393442622950813 3.6428101412984546 6.323174449285853 24.628416408678792 0.0 20.66728365309561 49.0 20.89795918367347 1.3795251469522076 1.0142806469507637 3.6016230121356916 0.0 26.049860783830024 127.0 8.062992125984264 
265.0005150327869 1.6544787236645195 1.2418991975592257 4.6261065484396156 0.0 25.843399698950858 106.0 9.660377358490567 3.056263059684581 4.12259513383657 13.834661177334347 0.0 15.970947686880438 51.0 20.078431372549026 1.3246991553798906 0.9281394053322238 3.4836138576524758 0.0 26.000875782667034 126.0 8.126984126984144 1.676686810301916 1.2669968499997712 4.6261065484396156 0.0 26.69153073179759 111.0 9.225225225225216 3.215174161356519 4.115440220494991 13.241912419968985 0.0 16.309553926498698 49.0 20.89795918367347 1.382329465965499 0.8759607930217629 3.332808309342373 0.0 26.12276253788965 133.0 7.6992481203007515 1.704060319635603 1.3507257260432604 5.6352774948562505 0.0 27.650361082446572 110.0 9.309090909090905 3.8649473481133176 6.466106547867601 24.628416408678792 0.0 21.257994108536618 46.0 22.260869565217398 1.410342496680556 0.9965322428027106 3.6016230121356916 0.0 26.215785468000025 126.0 8.126984126984144 0.0 0.0 0.0 0.0 0.0 1.0 1024.0 0.0 0.0 0.0 0.0 0.0 37.0 27.675675675675677 0.0 0.0 0.0 0.0 0.0 1.0 1024.0 0.0 0.0 0.0 0.0 0.0 1.0 1024.0 0.0 0.0 0.0 0.0 0.0 37.0 27.675675675675677 0.0 0.0 0.0 0.0 0.0 1.0 1024.0 0.0 0.0 0.0 0.0 0.0 1.0 1024.0 0.0 0.0 0.0 0.0 0.0 37.0 27.675675675675677 0.0 0.0 0.0 0.0 0.0 1.0 1024.0 1.7751456029953951 1.2167292084812056 4.805157531375327 0.0 25.42363886864505 151.0 6.781456953642391 4.58106600659779 4.752829121290701 15.074033345448699 0.0 19.31325074437748 51.0 20.078431372549023 1.3834532845382594 0.9662471048660553 3.4864782878754865 0.0 25.306913250458557 179.0 5.720670391061458 1.699613299040623 1.213339933310355 4.805157531375327 0.0 26.187529074427058 162.0 6.3209876543209775 4.623389552209654 4.626418050729 15.166946884958433 0.0 19.60975946760939 50.0 20.48 1.3614056653013034 0.9265244857932537 3.355582661291501 0.0 25.771921073685526 195.0 5.251282051282048 1.8421103650242912 1.3650215390062854 5.869339320126588 0.0 26.380185659086525 145.0 7.06206896551723 6.599812247510329 8.555497930014969 28.568402560419546 0.0 23.60727266036167 44.0 23.272727272727266 1.4685772678168236 1.0158776072768176 3.9592310638267834 0.0 25.16905258271956 175.0 5.851428571428562 1.4821718997126845 3.7743625924153417 41.78745222094094 0.0 29.348448643212514 638.0 1.6050156739811945 24.07319097332853 10.878977035411614 36.9901087825193 0.0 13.537096399266316 42.0 24.380952380952376 0.67316311656262 1.058939836325291 4.365364986724842 0.0 29.23826360004977 667.0 1.535232383808098 1.4169618569110516 3.4117222292526472 32.874741622928155 0.0 29.45164062088824 644.0 1.5900621118012397 26.413959054522664 9.991545507772553 41.631810312897706 0.0 9.48347659176922 38.0 26.947368421052634 0.6580914509313256 1.0264785295261905 3.5217069291965686 0.0 29.384316693613304 680.0 1.505882352941178 1.3946511866458113 3.502690858301952 45.01462284090048 0.0 29.345482224521774 641.0 1.5975039001560107 28.13662262744742 5.58675950686399 35.76295777937128 0.0 7.64368178375316 36.0 28.44444444444444 0.6977944404766012 1.0905571814145025 4.365364986724842 0.0 29.32950224089589 666.0 1.5375375375375404 1.6094326484946853 1.2331376214383607 4.6261065484396156 0.0 25.269405979188146 105.0 9.75238095238094 3.056263059684581 4.12259513383657 13.834661177334347 0.0 15.970947686880438 51.0 20.078431372549026 1.2749839679259225 1.0188929832365936 5.12274872007827 0.0 26.007036659412837 136.0 7.529411764705899 1.590032828738484 1.266185134697761 4.6261065484396156 0.0 26.65911547203875 118.0 8.677966101694928 3.215174161356519 4.115440220494991 13.241912419968985 0.0 16.309553926498698 49.0 20.89795918367347 1.3606885715040904 0.8844414676780364 3.332808309342373 0.0 26.247469684877238 135.0 7.5851851851851775 1.6121186502573104 1.3284875793218505 5.6352774948562505 0.0 27.170865058247117 118.0 8.677966101694928 3.482180563873873 6.244521027997327 24.628416408678792 0.0 20.37759424007711 51.0 20.07843137254903 1.3988105592657816 1.0106548095836496 3.6016230121356916 0.0 25.854718613260246 125.0 8.191999999999993 
266.0005150327869 1.654293207994169 1.2421223979486438 4.6261065484396156 0.0 25.84384314711307 106.0 9.660377358490567 3.056263059684581 4.12259513383657 13.834661177334347 0.0 15.970947686880438 51.0 20.078431372549026 1.3246991553798906 0.9281394053322238 3.4836138576524758 0.0 26.000875782667034 126.0 8.126984126984144 1.6760671160533103 1.2677150777477326 4.6261065484396156 0.0 26.692054056601716 111.0 9.225225225225216 3.215174161356519 4.115440220494991 13.241912419968985 0.0 16.309553926498698 49.0 20.89795918367347 1.382329465965499 0.8759607930217629 3.332808309342373 0.0 26.12276253788965 133.0 7.6992481203007515 1.704060319635603 1.3507257260432604 5.6352774948562505 0.0 27.650361082446572 110.0 9.309090909090905 3.8649473481133176 6.466106547867601 24.628416408678792 0.0 21.257994108536618 46.0 22.260869565217398 1.410342496680556 0.9965322428027106 3.6016230121356916 0.0 26.215785468000025 126.0 8.126984126984144 0.0 0.0 0.0 0.0 0.0 1.0 1024.0 0.0 0.0 0.0 0.0 0.0 37.0 27.675675675675677 0.0 0.0 0.0 0.0 0.0 1.0 1024.0 0.0 0.0 0.0 0.0 0.0 1.0 1024.0 0.0 0.0 0.0 0.0 0.0 37.0 27.675675675675677 0.0 0.0 0.0 0.0 0.0 1.0 1024.0 0.0 0.0 0.0 0.0 0.0 1.0 1024.0 0.0 0.0 0.0 0.0 0.0 37.0 27.675675675675677 0.0 0.0 0.0 0.0 0.0 1.0 1024.0 1.7738796852625875 1.2184176310666366 4.805157531375327 0.0 25.42181721903607 151.0 6.781456953642391 4.58106600659779 4.752829121290701 15.074033345448699 0.0 19.31325074437748 51.0 20.078431372549023 1.3834532845382594 0.9662471048660553 3.4864782878754865 0.0 25.306913250458557 179.0 5.720670391061458 1.699613299040623 1.213339933310355 4.805157531375327 0.0 26.187529074427058 162.0 6.3209876543209775 4.623389552209654 4.626418050729 15.166946884958433 0.0 19.60975946760939 50.0 20.48 1.3614056653013034 0.9265244857932537 3.355582661291501 0.0 25.771921073685526 195.0 5.251282051282048 1.8421103650242912 1.3650215390062854 5.869339320126588 0.0 26.380185659086525 145.0 7.06206896551723 6.599812247510329 8.555497930014969 28.568402560419546 0.0 23.60727266036167 44.0 23.272727272727266 1.4685772678168236 1.0158776072768176 3.9592310638267834 0.0 25.16905258271956 175.0 5.851428571428562 1.4821718997126845 3.7743625924153417 41.78745222094094 0.0 29.348448643212514 638.0 1.6050156739811945 24.07319097332853 10.878977035411614 36.9901087825193 0.0 13.537096399266316 42.0 24.380952380952376 0.67316311656262 1.058939836325291 4.365364986724842 0.0 29.23826360004977 667.0 1.535232383808098 1.4169618569110516 3.4117222292526472 32.874741622928155 0.0 29.45164062088824 644.0 1.5900621118012397 26.413959054522664 9.991545507772553 41.631810312897706 0.0 9.48347659176922 38.0 26.947368421052634 0.6580914509313256 1.0264785295261905 3.5217069291965686 0.0 29.384316693613304 680.0 1.505882352941178 1.3946511866458113 3.502690858301952 45.01462284090048 0.0 29.345482224521774 641.0 1.5975039001560107 28.13662262744742 5.58675950686399 35.76295777937128 0.0 7.64368178375316 36.0 28.44444444444444 0.6977944404766012 1.0905571814145025 4.365364986724842 0.0 29.32950224089589 666.0 1.5375375375375404 1.5363372671951232 1.2507060350916537 4.6261065484396156 0.0 25.576843575651118 110.0 9.309090909090905 3.056263059684581 4.12259513383657 13.834661177334347 0.0 15.970947686880438 51.0 20.078431372549026 1.2908316112095266 1.0368921751298081 5.806578010700421 0.0 26.087873029482502 136.0 7.529411764705899 1.5632649541659638 1.2717867473928097 4.6261065484396156 0.0 26.584767946261845 120.0 8.533333333333319 3.215174161356519 4.115440220494991 13.241912419968985 0.0 16.309553926498698 49.0 20.89795918367347 1.321407658013146 0.9011117883016398 3.332808309342373 0.0 26.50057481150268 139.0 7.366906474820135 1.5477542834461897 1.3402132470911023 5.6352774948562505 0.0 27.415685401766353 123.0 8.32520325203253 3.2268448390103925 6.078766678072975 24.628416408678792 0.0 19.774106641237747 55.0 18.618181818181814 1.344885035041695 1.027190675805831 3.6016230121356916 0.0 26.29420361480359 130.0 7.876923076923095 
267.0005150327869 1.6551972369267867 1.2415565322517774 4.6261065484396156 0.0 25.845937632552094 106.0 9.660377358490567 3.056263059684581 4.12259513383657 13.834661177334347 0.0 15.970947686880438 51.0 20.078431372549026 1.3246991553798906 0.9281394053322238 3.4836138576524758 0.0 26.000875782667034 126.0 8.126984126984144 1.6760671160533103 1.2677150777477326 4.6261065484396156 0.0 26.692054056601716 111.0 9.225225225225216 3.215174161356519 4.115440220494991 13.241912419968985 0.0 16.309553926498698 49.0 20.89795918367347 1.382329465965499 0.8759607930217629 3.332808309342373 0.0 26.12276253788965 133.0 7.6992481203007515 1.704060319635603 1.3507257260432604 5.6352774948562505 0.0 27.650361082446572 110.0 9.309090909090905 3.8649473481133176 6.466106547867601 24.628416408678792 0.0 21.257994108536618 46.0 22.260869565217398 1.410342496680556 0.9965322428027106 3.6016230121356916 0.0 26.215785468000025 126.0 8.126984126984144 0.0 0.0 0.0 0.0 0.0 1.0 1024.0 0.0 0.0 0.0 0.0 0.0 37.0 27.675675675675677 0.0 0.0 0.0 0.0 0.0 1.0 1024.0 0.0 0.0 0.0 0.0 0.0 1.0 1024.0 0.0 0.0 0.0 0.0 0.0 37.0 27.675675675675677 0.0 0.0 0.0 0.0 0.0 1.0 1024.0 0.0 0.0 0.0 0.0 0.0 1.0 1024.0 0.0 0.0 0.0 0.0 0.0 37.0 27.675675675675677 0.0 0.0 0.0 0.0 0.0 1.0 1024.0 1.7856483367380853 1.2139460631254886 4.805157531375327 0.0 25.33172404479195 150.0 6.826666666666676 4.58106600659779 4.752829121290701 15.074033345448699 0.0 19.31325074437748 51.0 20.078431372549023 1.3834532845382594 0.9662471048660553 3.4864782878754865 0.0 25.306913250458557 179.0 5.720670391061458 1.699613299040623 1.213339933310355 4.805157531375327 0.0 26.187529074427058 162.0 6.3209876543209775 4.623389552209654 4.626418050729 15.166946884958433 0.0 19.60975946760939 50.0 20.48 1.3614056653013034 0.9265244857932537 3.355582661291501 0.0 25.771921073685526 195.0 5.251282051282048 1.8421103650242912 1.3650215390062854 5.869339320126588 0.0 26.380185659086525 145.0 7.06206896551723 6.599812247510329 8.555497930014969 28.568402560419546 0.0 23.60727266036167 44.0 23.272727272727266 1.4685772678168236 1.0158776072768176 3.9592310638267834 0.0 25.16905258271956 175.0 5.851428571428562 1.4821718997126845 3.7743625924153417 41.78745222094094 0.0 29.348448643212514 638.0 1.6050156739811945 24.07319097332853 10.878977035411614 36.9901087825193 0.0 13.537096399266316 42.0 24.380952380952376 0.67316311656262 1.058939836325291 4.365364986724842 0.0 29.23826360004977 667.0 1.535232383808098 1.4169618569110516 3.4117222292526472 32.874741622928155 0.0 29.45164062088824 644.0 1.5900621118012397 26.413959054522664 9.991545507772553 41.631810312897706 0.0 9.48347659176922 38.0 26.947368421052634 0.6580914509313256 1.0264785295261905 3.5217069291965686 0.0 29.384316693613304 680.0 1.505882352941178 1.3946511866458113 3.502690858301952 45.01462284090048 0.0 29.345482224521774 641.0 1.5975039001560107 28.13662262744742 5.58675950686399 35.76295777937128 0.0 7.64368178375316 36.0 28.44444444444444 0.6977944404766012 1.0905571814145025 4.365364986724842 0.0 29.32950224089589 666.0 1.5375375375375404 1.5770762497653177 1.2320631778975477 4.6261065484396156 0.0 25.48930925055797 108.0 9.481481481481493 3.056263059684581 4.12259513383657 13.834661177334347 0.0 15.970947686880438 51.0 20.078431372549026 1.2635268195480993 1.0330148807309472 5.806578010700421 0.0 26.099226904653545 138.0 7.420289855072478 1.487402831869598 1.280746036534972 4.6261065484396156 0.0 26.794710703647905 127.0 8.062992125984263 3.215174161356519 4.115440220494991 13.241912419968985 0.0 16.309553926498698 49.0 20.89795918367347 1.3354083763301132 0.8921067801453865 3.332808309342373 0.0 26.44528693415253 138.0 7.420289855072476 1.4958561970821935 1.3444771557524828 5.6352774948562505 0.0 27.563949314825187 127.0 8.062992125984264 3.492403313661464 6.238808913575386 24.628416408678792 0.0 20.389683410588013 51.0 20.078431372549026 1.2867183997106035 1.0403179527224176 3.6016230121356916 0.0 26.678645614905985 136.0 7.529411764705898 
268.0005150327869 1.6556953920249455 1.2410628349456856 4.6261065484396156 0.0 25.84684098680092 106.0 9.660377358490567 3.056263059684581 4.12259513383657 13.834661177334347 0.0 15.970947686880438 51.0 20.078431372549026 1.3246991553798906 0.9281394053322238 3.4836138576524758 0.0 26.000875782667034 126.0 8.126984126984144 1.6760671160533103 1.2677150777477326 4.6261065484396156 0.0 26.692054056601716 111.0 9.225225225225216 3.215174161356519 4.115440220494991 13.241912419968985 0.0 16.309553926498698 49.0 20.89795918367347 1.3828626967541797 0.8753369106634029 3.332808309342373 0.0 26.123687704807793 133.0 7.6992481203007515 1.704060319635603 1.3507257260432604 5.6352774948562505 0.0 27.650361082446572 110.0 9.309090909090905 3.8649473481133176 6.466106547867601 24.628416408678792 0.0 21.257994108536618 46.0 22.260869565217398 1.410342496680556 0.9965322428027106 3.6016230121356916 0.0 26.215785468000025 126.0 8.126984126984144 0.0 0.0 0.0 0.0 0.0 1.0 1024.0 0.0 0.0 0.0 0.0 0.0 37.0 27.675675675675677 0.0 0.0 0.0 0.0 0.0 1.0 1024.0 0.0 0.0 0.0 0.0 0.0 1.0 1024.0 0.0 0.0 0.0 0.0 0.0 37.0 27.675675675675677 0.0 0.0 0.0 0.0 0.0 1.0 1024.0 0.0 0.0 0.0 0.0 0.0 1.0 1024.0 0.0 0.0 0.0 0.0 0.0 37.0 27.675675675675677 0.0 0.0 0.0 0.0 0.0 1.0 1024.0 1.7856483367380853 1.2139460631254886 4.805157531375327 0.0 25.33172404479195 150.0 6.826666666666676 4.58106600659779 4.752829121290701 15.074033345448699 0.0 19.31325074437748 51.0 20.078431372549023 1.3834532845382594 0.9662471048660553 3.4864782878754865 0.0 25.306913250458557 179.0 5.720670391061458 1.699613299040623 1.213339933310355 4.805157531375327 0.0 26.187529074427058 162.0 6.3209876543209775 4.623389552209654 4.626418050729 15.166946884958433 0.0 19.60975946760939 50.0 20.48 1.3614056653013034 0.9265244857932537 3.355582661291501 0.0 25.771921073685526 195.0 5.251282051282048 1.8421103650242912 1.3650215390062854 5.869339320126588 0.0 26.380185659086525 145.0 7.06206896551723 6.599812247510329 8.555497930014969 28.568402560419546 0.0 23.60727266036167 44.0 23.272727272727266 1.4685772678168236 1.0158776072768176 3.9592310638267834 0.0 25.16905258271956 175.0 5.851428571428562 1.4821718997126845 3.7743625924153417 41.78745222094094 0.0 29.348448643212514 638.0 1.6050156739811945 24.07319097332853 10.878977035411614 36.9901087825193 0.0 13.537096399266316 42.0 24.380952380952376 0.67316311656262 1.058939836325291 4.365364986724842 0.0 29.23826360004977 667.0 1.535232383808098 1.4169618569110516 3.4117222292526472 32.874741622928155 0.0 29.45164062088824 644.0 1.5900621118012397 26.413959054522664 9.991545507772553 41.631810312897706 0.0 9.48347659176922 38.0 26.947368421052634 0.6580914509313256 1.0264785295261905 3.5217069291965686 0.0 29.384316693613304 680.0 1.505882352941178 1.3946511866458113 3.502690858301952 45.01462284090048 0.0 29.345482224521774 641.0 1.5975039001560107 28.13662262744742 5.58675950686399 35.76295777937128 0.0 7.64368178375316 36.0 28.44444444444444 0.6977944404766012 1.0905571814145025 4.365364986724842 0.0 29.32950224089589 666.0 1.5375375375375404 1.584819660787992 1.2346713179533912 4.6261065484396156 0.0 25.430161522601956 107.0 9.570093457943923 3.056263059684581 4.12259513383657 13.834661177334347 0.0 15.970947686880438 51.0 20.078431372549026 1.2669573741020113 1.0351848381519133 5.806578010700421 0.0 26.153688146078615 138.0 7.420289855072478 1.565174859250601 1.264538927952675 4.6261065484396156 0.0 26.716850272357604 121.0 8.46280991735539 3.215174161356519 4.115440220494991 13.241912419968985 0.0 16.309553926498698 49.0 20.89795918367347 1.3346585982677326 0.8927080666410753 3.332808309342373 0.0 26.43985693756576 138.0 7.420289855072476 1.6054304242787394 1.3310908204776681 5.6352774948562505 0.0 27.25459718083607 118.0 8.677966101694928 3.625283660081764 6.331318822783785 24.628416408678792 0.0 20.715465560092866 49.0 20.89795918367347 1.3699327905041592 1.0164443508133296 3.6016230121356916 0.0 26.122276611178584 128.0 8.0 
269.0005150327869 1.6556953920249455 1.2410628349456856 4.6261065484396156 0.0 25.84684098680092 106.0 9.660377358490567 3.056263059684581 4.12259513383657 13.834661177334347 0.0 15.970947686880438 51.0 20.078431372549026 1.3246991553798906 0.9281394053322238 3.4836138576524758 0.0 26.000875782667034 126.0 8.126984126984144 1.6760671160533103 1.2677150777477326 4.6261065484396156 0.0 26.692054056601716 111.0 9.225225225225216 3.215174161356519 4.115440220494991 13.241912419968985 0.0 16.309553926498698 49.0 20.89795918367347 1.3828626967541797 0.8753369106634029 3.332808309342373 0.0 26.123687704807793 133.0 7.6992481203007515 1.704060319635603 1.3507257260432604 5.6352774948562505 0.0 27.650361082446572 110.0 9.309090909090905 3.8649473481133176 6.466106547867601 24.628416408678792 0.0 21.257994108536618 46.0 22.260869565217398 1.410342496680556 0.9965322428027106 3.6016230121356916 0.0 26.215785468000025 126.0 8.126984126984144 0.0 0.0 0.0 0.0 0.0 1.0 1024.0 0.0 0.0 0.0 0.0 0.0 37.0 27.675675675675677 0.0 0.0 0.0 0.0 0.0 1.0 1024.0 0.0 0.0 0.0 0.0 0.0 1.0 1024.0 0.0 0.0 0.0 0.0 0.0 37.0 27.675675675675677 0.0 0.0 0.0 0.0 0.0 1.0 1024.0 0.0 0.0 0.0 0.0 0.0 1.0 1024.0 0.0 0.0 0.0 0.0 0.0 37.0 27.675675675675677 0.0 0.0 0.0 0.0 0.0 1.0 1024.0 1.7738297952664779 1.2185841349105848 4.805157531375327 0.0 25.41956517430784 151.0 6.781456953642391 4.58106600659779 4.752829121290701 15.074033345448699 0.0 19.31325074437748 51.0 20.078431372549023 1.3834532845382594 0.9662471048660553 3.4864782878754865 0.0 25.306913250458557 179.0 5.720670391061458 1.699613299040623 1.213339933310355 4.805157531375327 0.0 26.187529074427058 162.0 6.3209876543209775 4.623389552209654 4.626418050729 15.166946884958433 0.0 19.60975946760939 50.0 20.48 1.3614056653013034 0.9265244857932537 3.355582661291501 0.0 25.771921073685526 195.0 5.251282051282048 1.8421103650242912 1.3650215390062854 5.869339320126588 0.0 26.380185659086525 145.0 7.06206896551723 6.599812247510329 8.555497930014969 28.568402560419546 0.0 23.60727266036167 44.0 23.272727272727266 1.4685772678168236 1.0158776072768176 3.9592310638267834 0.0 25.16905258271956 175.0 5.851428571428562 1.4821718997126845 3.7743625924153417 41.78745222094094 0.0 29.348448643212514 638.0 1.6050156739811945 24.07319097332853 10.878977035411614 36.9901087825193 0.0 13.537096399266316 42.0 24.380952380952376 0.67316311656262 1.058939836325291 4.365364986724842 0.0 29.23826360004977 667.0 1.535232383808098 1.4169618569110516 3.4117222292526472 32.874741622928155 0.0 29.45164062088824 644.0 1.5900621118012397 26.413959054522664 9.991545507772553 41.631810312897706 0.0 9.48347659176922 38.0 26.947368421052634 0.6580914509313256 1.0264785295261905 3.5217069291965686 0.0 29.384316693613304 680.0 1.505882352941178 1.3946511866458113 3.502690858301952 45.01462284090048 0.0 29.345482224521774 641.0 1.5975039001560107 28.13662262744742 5.58675950686399 35.76295777937128 0.0 7.64368178375316 36.0 28.44444444444444 0.6977944404766012 1.0905571814145025 4.365364986724842 0.0 29.32950224089589 666.0 1.5375375375375404 1.5954333653552366 1.2351890953251532 4.6261065484396156 0.0 25.349359431744134 106.0 9.660377358490567 3.056263059684581 4.12259513383657 13.834661177334347 0.0 15.970947686880438 51.0 20.078431372549026 1.2858405725991344 1.0278871099112818 5.806578010700421 0.0 26.043557458108825 134.0 7.641791044776107 1.5637519250064884 1.2634883983818472 4.6261065484396156 0.0 26.711957427484304 121.0 8.46280991735539 3.215174161356519 4.115440220494991 13.241912419968985 0.0 16.309553926498698 49.0 20.89795918367347 1.3248410694380013 0.8968713981268728 3.332808309342373 0.0 26.499065840841176 139.0 7.366906474820136 1.6620347995940024 1.3233411933249275 5.6352774948562505 0.0 27.05597078018452 114.0 8.982456140350859 3.6999414412184026 6.376484825018198 24.628416408678792 0.0 20.879776583936792 48.0 21.33333333333333 1.3889113203681391 1.0130779274357447 3.6016230121356916 0.0 25.93643272332041 126.0 8.126984126984144 
270.0005150327869 1.6556953920249455 1.2410628349456856 4.6261065484396156 0.0 25.84684098680092 106.0 9.660377358490567 3.056263059684581 4.12259513383657 13.834661177334347 0.0 15.970947686880438 51.0 20.078431372549026 1.3246991553798906 0.9281394053322238 3.4836138576524758 0.0 26.000875782667034 126.0 8.126984126984144 1.6760671160533103 1.2677150777477326 4.6261065484396156 0.0 26.692054056601716 111.0 9.225225225225216 3.215174161356519 4.115440220494991 13.241912419968985 0.0 16.309553926498698 49.0 20.89795918367347 1.3828626967541797 0.8753369106634029 3.332808309342373 0.0 26.123687704807793 133.0 7.6992481203007515 1.704060319635603 1.3507257260432604 5.6352774948562505 0.0 27.650361082446572 110.0 9.309090909090905 3.8649473481133176 6.466106547867601 24.628416408678792 0.0 21.257994108536618 46.0 22.260869565217398 1.410342496680556 0.9965322428027106 3.6016230121356916 0.0 26.215785468000025 126.0 8.126984126984144 0.0 0.0 0.0 0.0 0.0 1.0 1024.0 0.0 0.0 0.0 0.0 0.0 37.0 27.675675675675677 0.0 0.0 0.0 0.0 0.0 1.0 1024.0 0.0 0.0 0.0 0.0 0.0 1.0 1024.0 0.0 0.0 0.0 0.0 0.0 37.0 27.675675675675677 0.0 0.0 0.0 0.0 0.0 1.0 1024.0 0.0 0.0 0.0 0.0 0.0 1.0 1024.0 0.0 0.0 0.0 0.0 0.0 37.0 27.675675675675677 0.0 0.0 0.0 0.0 0.0 1.0 1024.0 1.7738297952664779 1.2185841349105848 4.805157531375327 0.0 25.41956517430784 151.0 6.781456953642391 4.58106600659779 4.752829121290701 15.074033345448699 0.0 19.31325074437748 51.0 20.078431372549023 1.3834532845382594 0.9662471048660553 3.4864782878754865 0.0 25.306913250458557 179.0 5.720670391061458 1.699613299040623 1.213339933310355 4.805157531375327 0.0 26.187529074427058 162.0 6.3209876543209775 4.623389552209654 4.626418050729 15.166946884958433 0.0 19.60975946760939 50.0 20.48 1.3614056653013034 0.9265244857932537 3.355582661291501 0.0 25.771921073685526 195.0 5.251282051282048 1.8421103650242912 1.3650215390062854 5.869339320126588 0.0 26.380185659086525 145.0 7.06206896551723 6.599812247510329 8.555497930014969 28.568402560419546 0.0 23.60727266036167 44.0 23.272727272727266 1.4685772678168236 1.0158776072768176 3.9592310638267834 0.0 25.16905258271956 175.0 5.851428571428562 1.4821718997126845 3.7743625924153417 41.78745222094094 0.0 29.348448643212514 638.0 1.6050156739811945 24.07319097332853 10.878977035411614 36.9901087825193 0.0 13.537096399266316 42.0 24.380952380952376 0.67316311656262 1.058939836325291 4.365364986724842 0.0 29.23826360004977 667.0 1.535232383808098 1.4169618569110516 3.4117222292526472 32.874741622928155 0.0 29.45164062088824 644.0 1.5900621118012397 26.413959054522664 9.991545507772553 41.631810312897706 0.0 9.48347659176922 38.0 26.947368421052634 0.6580914509313256 1.0264785295261905 3.5217069291965686 0.0 29.384316693613304 680.0 1.505882352941178 1.3946511866458113 3.502690858301952 45.01462284090048 0.0 29.345482224521774 641.0 1.5975039001560107 28.13662262744742 5.58675950686399 35.76295777937128 0.0 7.64368178375316 36.0 28.44444444444444 0.6977944404766012 1.0905571814145025 4.365364986724842 0.0 29.32950224089589 666.0 1.5375375375375404 1.5354862126310975 1.2519003749095283 4.6261065484396156 0.0 25.590731705782062 110.0 9.309090909090905 3.056263059684581 4.12259513383657 13.834661177334347 0.0 15.970947686880438 51.0 20.078431372549026 1.2507950460835087 1.0352670459886757 5.806578010700421 0.0 26.11898944636593 137.0 7.474452554744532 1.4603673244882465 1.2836152245082848 4.6261065484396156 0.0 26.878047651553626 129.0 7.93798449612402 3.215174161356519 4.115440220494991 13.241912419968985 0.0 16.309553926498698 49.0 20.89795918367347 1.3248410694380013 0.8968713981268728 3.332808309342373 0.0 26.499065840841176 139.0 7.366906474820136 1.5888918101082143 1.340010199860016 5.6352774948562505 0.0 27.349630056538185 119.0 8.605042016806706 3.6999414412184026 6.376484825018198 24.628416408678792 0.0 20.879776583936792 48.0 21.33333333333333 1.3357886202297786 1.0288664488986021 3.6016230121356916 0.0 26.353934518043204 131.0 7.81679389312976 
271.0005150327869 1.6556953920249455 1.2410628349456856 4.6261065484396156 0.0 25.84684098680092 106.0 9.660377358490567 3.056263059684581 4.12259513383657 13.834661177334347 0.0 15.970947686880438 51.0 20.078431372549026 1.3246991553798906 0.9281394053322238 3.4836138576524758 0.0 26.000875782667034 126.0 8.126984126984144 1.6758670039583103 1.2679556965186127 4.6261065484396156 0.0 26.69183431779009 111.0 9.225225225225216 3.215174161356519 4.115440220494991 13.241912419968985 0.0 16.309553926498698 49.0 20.89795918367347 1.3828626967541797 0.8753369106634029 3.332808309342373 0.0 26.123687704807793 133.0 7.6992481203007515 1.704060319635603 1.3507257260432604 5.6352774948562505 0.0 27.650361082446572 110.0 9.309090909090905 3.8649473481133176 6.466106547867601 24.628416408678792 0.0 21.257994108536618 46.0 22.260869565217398 1.410342496680556 0.9965322428027106 3.6016230121356916 0.0 26.215785468000025 126.0 8.126984126984144 0.0 0.0 0.0 0.0 0.0 1.0 1024.0 0.0 0.0 0.0 0.0 0.0 37.0 27.675675675675677 0.0 0.0 0.0 0.0 0.0 1.0 1024.0 0.0 0.0 0.0 0.0 0.0 1.0 1024.0 0.0 0.0 0.0 0.0 0.0 37.0 27.675675675675677 0.0 0.0 0.0 0.0 0.0 1.0 1024.0 0.0 0.0 0.0 0.0 0.0 1.0 1024.0 0.0 0.0 0.0 0.0 0.0 37.0 27.675675675675677 0.0 0.0 0.0 0.0 0.0 1.0 1024.0 1.7738297952664779 1.2185841349105848 4.805157531375327 0.0 25.41956517430784 151.0 6.781456953642391 4.58106600659779 4.752829121290701 15.074033345448699 0.0 19.31325074437748 51.0 20.078431372549023 1.3834532845382594 0.9662471048660553 3.4864782878754865 0.0 25.306913250458557 179.0 5.720670391061458 1.699613299040623 1.213339933310355 4.805157531375327 0.0 26.187529074427058 162.0 6.3209876543209775 4.623389552209654 4.626418050729 15.166946884958433 0.0 19.60975946760939 50.0 20.48 1.3614056653013034 0.9265244857932537 3.355582661291501 0.0 25.771921073685526 195.0 5.251282051282048 1.8421103650242912 1.3650215390062854 5.869339320126588 0.0 26.380185659086525 145.0 7.06206896551723 6.599812247510329 8.555497930014969 28.568402560419546 0.0 23.60727266036167 44.0 23.272727272727266 1.4685772678168236 1.0158776072768176 3.9592310638267834 0.0 25.16905258271956 175.0 5.851428571428562 1.4821718997126845 3.7743625924153417 41.78745222094094 0.0 29.348448643212514 638.0 1.6050156739811945 24.07319097332853 10.878977035411614 36.9901087825193 0.0 13.537096399266316 42.0 24.380952380952376 0.67316311656262 1.058939836325291 4.365364986724842 0.0 29.23826360004977 667.0 1.535232383808098 1.4169618569110516 3.4117222292526472 32.874741622928155 0.0 29.45164062088824 644.0 1.5900621118012397 26.413959054522664 9.991545507772553 41.631810312897706 0.0 9.48347659176922 38.0 26.947368421052634 0.6580914509313256 1.0264785295261905 3.5217069291965686 0.0 29.384316693613304 680.0 1.505882352941178 1.3946511866458113 3.502690858301952 45.01462284090048 0.0 29.345482224521774 641.0 1.5975039001560107 28.13662262744742 5.58675950686399 35.76295777937128 0.0 7.64368178375316 36.0 28.44444444444444 0.6977944404766012 1.0905571814145025 4.365364986724842 0.0 29.32950224089589 666.0 1.5375375375375404 1.5760430376012509 1.2326708975066718 4.6261065484396156 0.0 25.501152138056483 108.0 9.481481481481493 3.056263059684581 4.12259513383657 13.834661177334347 0.0 15.970947686880438 51.0 20.078431372549026 1.2564550958127059 1.0294733867467114 5.806578010700421 0.0 26.12595308550925 137.0 7.474452554744532 1.5659812027785731 1.2592274299650599 4.6261065484396156 0.0 26.721958644323873 121.0 8.462809917355388 3.215174161356519 4.115440220494991 13.241912419968985 0.0 16.309553926498698 49.0 20.89795918367347 1.324936049981455 0.896690160083128 3.332808309342373 0.0 26.499902041366344 139.0 7.366906474820136 1.5369839535985348 1.3467605692405151 5.6352774948562505 0.0 27.633012058328628 123.0 8.32520325203253 3.7790165899859485 6.421589460456598 24.628416408678792 0.0 21.047037717333243 47.0 21.787234042553187 1.2879296146548518 1.0393766810993215 3.6016230121356916 0.0 26.681787571763913 136.0 7.529411764705898 
272.0005150327869 1.6556953920249455 1.2410628349456856 4.6261065484396156 0.0 25.84684098680092 106.0 9.660377358490567 3.056263059684581 4.12259513383657 13.834661177334347 0.0 15.970947686880438 51.0 20.078431372549026 1.3246991553798906 0.9281394053322238 3.4836138576524758 0.0 26.000875782667034 126.0 8.126984126984144 1.6758670039583103 1.2679556965186127 4.6261065484396156 0.0 26.69183431779009 111.0 9.225225225225216 3.215174161356519 4.115440220494991 13.241912419968985 0.0 16.309553926498698 49.0 20.89795918367347 1.3828626967541797 0.8753369106634029 3.332808309342373 0.0 26.123687704807793 133.0 7.6992481203007515 1.704060319635603 1.3507257260432604 5.6352774948562505 0.0 27.650361082446572 110.0 9.309090909090905 3.8649473481133176 6.466106547867601 24.628416408678792 0.0 21.257994108536618 46.0 22.260869565217398 1.410342496680556 0.9965322428027106 3.6016230121356916 0.0 26.215785468000025 126.0 8.126984126984144 0.0 0.0 0.0 0.0 0.0 1.0 1024.0 0.0 0.0 0.0 0.0 0.0 37.0 27.675675675675677 0.0 0.0 0.0 0.0 0.0 1.0 1024.0 0.0 0.0 0.0 0.0 0.0 1.0 1024.0 0.0 0.0 0.0 0.0 0.0 37.0 27.675675675675677 0.0 0.0 0.0 0.0 0.0 1.0 1024.0 0.0 0.0 0.0 0.0 0.0 1.0 1024.0 0.0 0.0 0.0 0.0 0.0 37.0 27.675675675675677 0.0 0.0 0.0 0.0 0.0 1.0 1024.0 1.7738297952664779 1.2185841349105848 4.805157531375327 0.0 25.41956517430784 151.0 6.781456953642391 4.58106600659779 4.752829121290701 15.074033345448699 0.0 19.31325074437748 51.0 20.078431372549023 1.3834532845382594 0.9662471048660553 3.4864782878754865 0.0 25.306913250458557 179.0 5.720670391061458 1.699613299040623 1.213339933310355 4.805157531375327 0.0 26.187529074427058 162.0 6.3209876543209775 4.623389552209654 4.626418050729 15.166946884958433 0.0 19.60975946760939 50.0 20.48 1.3614056653013034 0.9265244857932537 3.355582661291501 0.0 25.771921073685526 195.0 5.251282051282048 1.8421103650242912 1.3650215390062854 5.869339320126588 0.0 26.380185659086525 145.0 7.06206896551723 6.599812247510329 8.555497930014969 28.568402560419546 0.0 23.60727266036167 44.0 23.272727272727266 1.4685772678168236 1.0158776072768176 3.9592310638267834 0.0 25.16905258271956 175.0 5.851428571428562 1.4821718997126845 3.7743625924153417 41.78745222094094 0.0 29.348448643212514 638.0 1.6050156739811945 24.07319097332853 10.878977035411614 36.9901087825193 0.0 13.537096399266316 42.0 24.380952380952376 0.67316311656262 1.058939836325291 4.365364986724842 0.0 29.23826360004977 667.0 1.535232383808098 1.4169618569110516 3.4117222292526472 32.874741622928155 0.0 29.45164062088824 644.0 1.5900621118012397 26.413959054522664 9.991545507772553 41.631810312897706 0.0 9.48347659176922 38.0 26.947368421052634 0.6580914509313256 1.0264785295261905 3.5217069291965686 0.0 29.384316693613304 680.0 1.505882352941178 1.3946511866458113 3.502690858301952 45.01462284090048 0.0 29.345482224521774 641.0 1.5975039001560107 28.13662262744742 5.58675950686399 35.76295777937128 0.0 7.64368178375316 36.0 28.44444444444444 0.6977944404766012 1.0905571814145025 4.365364986724842 0.0 29.32950224089589 666.0 1.5375375375375404 1.5846196583536893 1.2354478164801492 4.6261065484396156 0.0 25.440798955949482 107.0 9.570093457943923 3.056263059684581 4.12259513383657 13.834661177334347 0.0 15.970947686880438 51.0 20.078431372549026 1.2226826421103485 1.039236437801381 5.806578010700421 0.0 26.13132800232929 140.0 7.31428571428573 1.5960879192601864 1.257436568560672 4.6261065484396156 0.0 26.607893776551027 118.0 8.677966101694928 3.215174161356519 4.115440220494991 13.241912419968985 0.0 16.309553926498698 49.0 20.89795918367347 1.3278023650858581 0.8962155684200459 3.332808309342373 0.0 26.509457633574467 139.0 7.366906474820136 1.6407899860643131 1.3254173590356535 5.6352774948562505 0.0 27.382685392848224 116.0 8.827586206896543 3.780869985369613 6.420952362840875 24.628416408678792 0.0 21.04613391435674 47.0 21.787234042553187 1.37009606552475 1.0164630833172457 3.6016230121356916 0.0 26.12349373263365 128.0 8.0 
273.0005150327869 1.6561037239589615 1.240830143069087 4.6261065484396156 0.0 25.848522788767255 106.0 9.660377358490567 3.056263059684581 4.12259513383657 13.834661177334347 0.0 15.970947686880438 51.0 20.078431372549026 1.3246991553798906 0.9281394053322238 3.4836138576524758 0.0 26.000875782667034 126.0 8.126984126984144 1.6758670039583103 1.2679556965186127 4.6261065484396156 0.0 26.69183431779009 111.0 9.225225225225216 3.215174161356519 4.115440220494991 13.241912419968985 0.0 16.309553926498698 49.0 20.89795918367347 1.3828626967541797 0.8753369106634029 3.332808309342373 0.0 26.123687704807793 133.0 7.6992481203007515 1.704060319635603 1.3507257260432604 5.6352774948562505 0.0 27.650361082446572 110.0 9.309090909090905 3.8649473481133176 6.466106547867601 24.628416408678792 0.0 21.257994108536618 46.0 22.260869565217398 1.410342496680556 0.9965322428027106 3.6016230121356916 0.0 26.215785468000025 126.0 8.126984126984144 0.0 0.0 0.0 0.0 0.0 1.0 1024.0 0.0 0.0 0.0 0.0 0.0 37.0 27.675675675675677 0.0 0.0 0.0 0.0 0.0 1.0 1024.0 0.0 0.0 0.0 0.0 0.0 1.0 1024.0 0.0 0.0 0.0 0.0 0.0 37.0 27.675675675675677 0.0 0.0 0.0 0.0 0.0 1.0 1024.0 0.0 0.0 0.0 0.0 0.0 1.0 1024.0 0.0 0.0 0.0 0.0 0.0 37.0 27.675675675675677 0.0 0.0 0.0 0.0 0.0 1.0 1024.0 1.762231323931726 1.2229957906589766 4.805157531375327 0.0 25.500780797518587 152.0 6.73684210526315 4.58106600659779 4.752829121290701 15.074033345448699 0.0 19.31325074437748 51.0 20.078431372549023 1.3834532845382594 0.9662471048660553 3.4864782878754865 0.0 25.306913250458557 179.0 5.720670391061458 1.699613299040623 1.213339933310355 4.805157531375327 0.0 26.187529074427058 162.0 6.3209876543209775 4.623389552209654 4.626418050729 15.166946884958433 0.0 19.60975946760939 50.0 20.48 1.3614056653013034 0.9265244857932537 3.355582661291501 0.0 25.771921073685526 195.0 5.251282051282048 1.8421103650242912 1.3650215390062854 5.869339320126588 0.0 26.380185659086525 145.0 7.06206896551723 6.599812247510329 8.555497930014969 28.568402560419546 0.0 23.60727266036167 44.0 23.272727272727266 1.4685772678168236 1.0158776072768176 3.9592310638267834 0.0 25.16905258271956 175.0 5.851428571428562 1.4821718997126845 3.7743625924153417 41.78745222094094 0.0 29.348448643212514 638.0 1.6050156739811945 24.07319097332853 10.878977035411614 36.9901087825193 0.0 13.537096399266316 42.0 24.380952380952376 0.67316311656262 1.058939836325291 4.365364986724842 0.0 29.23826360004977 667.0 1.535232383808098 1.4169618569110516 3.4117222292526472 32.874741622928155 0.0 29.45164062088824 644.0 1.5900621118012397 26.413959054522664 9.991545507772553 41.631810312897706 0.0 9.48347659176922 38.0 26.947368421052634 0.6580914509313256 1.0264785295261905 3.5217069291965686 0.0 29.384316693613304 680.0 1.505882352941178 1.3946511866458113 3.502690858301952 45.01462284090048 0.0 29.345482224521774 641.0 1.5975039001560107 28.13662262744742 5.58675950686399 35.76295777937128 0.0 7.64368178375316 36.0 28.44444444444444 0.6977944404766012 1.0905571814145025 4.365364986724842 0.0 29.32950224089589 666.0 1.5375375375375404 1.595618371722057 1.2360095993876121 4.6261065484396156 0.0 25.358511682326426 106.0 9.660377358490567 3.056263059684581 4.12259513383657 13.834661177334347 0.0 15.970947686880438 51.0 20.078431372549026 1.2740896286265735 1.0292478467861579 5.806578010700421 0.0 25.95501581552656 134.0 7.641791044776107 1.561470755651454 1.264092541217242 4.6261065484396156 0.0 26.765786591399614 121.0 8.46280991735539 3.215174161356519 4.115440220494991 13.241912419968985 0.0 16.309553926498698 49.0 20.89795918367347 1.3276199156625488 0.896407472503433 3.332808309342373 0.0 26.509488604746178 139.0 7.366906474820136 1.664488158765311 1.326284850233411 5.6352774948562505 0.0 27.246070606372005 114.0 8.982456140350859 3.8649473481133176 6.466106547867601 24.628416408678792 0.0 21.257994108536618 46.0 22.260869565217398 1.379901168634708 1.0191732578751884 3.6016230121356916 0.0 25.992474702346247 127.0 8.062992125984264 
274.0005150327869 1.6561037239589615 1.240830143069087 4.6261065484396156 0.0 25.848522788767255 106.0 9.660377358490567 3.056263059684581 4.12259513383657 13.834661177334347 0.0 15.970947686880438 51.0 20.078431372549026 1.3246991553798906 0.9281394053322238 3.4836138576524758 0.0 26.000875782667034 126.0 8.126984126984144 1.6758755465397226 1.268027329635979 4.6261065484396156 0.0 26.69261767425189 111.0 9.225225225225216 3.215174161356519 4.115440220494991 13.241912419968985 0.0 16.309553926498698 49.0 20.89795918367347 1.3828626967541797 0.8753369106634029 3.332808309342373 0.0 26.123687704807793 133.0 7.6992481203007515 1.704060319635603 1.3507257260432604 5.6352774948562505 0.0 27.650361082446572 110.0 9.309090909090905 3.8649473481133176 6.466106547867601 24.628416408678792 0.0 21.257994108536618 46.0 22.260869565217398 1.410342496680556 0.9965322428027106 3.6016230121356916 0.0 26.215785468000025 126.0 8.126984126984144 0.0 0.0 0.0 0.0 0.0 1.0 1024.0 0.0 0.0 0.0 0.0 0.0 37.0 27.675675675675677 0.0 0.0 0.0 0.0 0.0 1.0 1024.0 0.0 0.0 0.0 0.0 0.0 1.0 1024.0 0.0 0.0 0.0 0.0 0.0 37.0 27.675675675675677 0.0 0.0 0.0 0.0 0.0 1.0 1024.0 0.0 0.0 0.0 0.0 0.0 1.0 1024.0 0.0 0.0 0.0 0.0 0.0 37.0 27.675675675675677 0.0 0.0 0.0 0.0 0.0 1.0 1024.0 1.7759554953049759 1.2158535875913847 4.805157531375327 0.0 25.415852140858124 151.0 6.781456953642391 4.58106600659779 4.752829121290701 15.074033345448699 0.0 19.31325074437748 51.0 20.078431372549023 1.3834532845382594 0.9662471048660553 3.4864782878754865 0.0 25.306913250458557 179.0 5.720670391061458 1.699613299040623 1.213339933310355 4.805157531375327 0.0 26.187529074427058 162.0 6.3209876543209775 4.623389552209654 4.626418050729 15.166946884958433 0.0 19.60975946760939 50.0 20.48 1.3543625168231732 0.9293573889602302 3.355582661291501 0.0 25.83830572633807 196.0 5.224489795918362 1.8421103650242912 1.3650215390062854 5.869339320126588 0.0 26.380185659086525 145.0 7.06206896551723 6.599812247510329 8.555497930014969 28.568402560419546 0.0 23.60727266036167 44.0 23.272727272727266 1.4685772678168236 1.0158776072768176 3.9592310638267834 0.0 25.16905258271956 175.0 5.851428571428562 1.4821718997126845 3.7743625924153417 41.78745222094094 0.0 29.348448643212514 638.0 1.6050156739811945 24.07319097332853 10.878977035411614 36.9901087825193 0.0 13.537096399266316 42.0 24.380952380952376 0.67316311656262 1.058939836325291 4.365364986724842 0.0 29.23826360004977 667.0 1.535232383808098 1.4169618569110516 3.4117222292526472 32.874741622928155 0.0 29.45164062088824 644.0 1.5900621118012397 26.413959054522664 9.991545507772553 41.631810312897706 0.0 9.48347659176922 38.0 26.947368421052634 0.6580914509313256 1.0264785295261905 3.5217069291965686 0.0 29.384316693613304 680.0 1.505882352941178 1.3946511866458113 3.502690858301952 45.01462284090048 0.0 29.345482224521774 641.0 1.5975039001560107 28.13662262744742 5.58675950686399 35.76295777937128 0.0 7.64368178375316 36.0 28.44444444444444 0.6977944404766012 1.0905571814145025 4.365364986724842 0.0 29.32950224089589 666.0 1.5375375375375404 1.5351827565654486 1.2524261661217222 4.6261065484396156 0.0 25.596746947914056 110.0 9.309090909090905 3.056263059684581 4.12259513383657 13.834661177334347 0.0 15.970947686880438 51.0 20.078431372549026 1.253107193508996 1.0326376550876601 5.806578010700421 0.0 26.107589776836313 137.0 7.474452554744532 1.6601461251499008 1.239252756130726 4.6261065484396156 0.0 26.50669430543837 114.0 8.98245614035086 3.215174161356519 4.115440220494991 13.241912419968985 0.0 16.309553926498698 49.0 20.89795918367347 1.3275280179221995 0.8965415774161682 3.332808309342373 0.0 26.511552033880168 139.0 7.366906474820136 1.5867862419560457 1.3472273020245393 5.6352774948562505 0.0 27.526429941389182 119.0 8.605042016806706 3.8649473481133176 6.466106547867601 24.628416408678792 0.0 21.257994108536618 46.0 22.260869565217398 1.334052888445095 1.0289423926602939 3.6016230121356916 0.0 26.384362888646503 132.0 7.757575757575764 
275.0005150327869 1.6561037239589615 1.240830143069087 4.6261065484396156 0.0 25.848522788767255 106.0 9.660377358490567 3.056263059684581 4.12259513383657 13.834661177334347 0.0 15.970947686880438 51.0 20.078431372549026 1.3246991553798906 0.9281394053322238 3.4836138576524758 0.0 26.000875782667034 126.0 8.126984126984144 1.6758755465397226 1.268027329635979 4.6261065484396156 0.0 26.69261767425189 111.0 9.225225225225216 3.215174161356519 4.115440220494991 13.241912419968985 0.0 16.309553926498698 49.0 20.89795918367347 1.3828626967541797 0.8753369106634029 3.332808309342373 0.0 26.123687704807793 133.0 7.6992481203007515 1.704060319635603 1.3507257260432604 5.6352774948562505 0.0 27.650361082446572 110.0 9.309090909090905 3.8649473481133176 6.466106547867601 24.628416408678792 0.0 21.257994108536618 46.0 22.260869565217398 1.410342496680556 0.9965322428027106 3.6016230121356916 0.0 26.215785468000025 126.0 8.126984126984144 0.0 0.0 0.0 0.0 0.0 1.0 1024.0 0.0 0.0 0.0 0.0 0.0 37.0 27.675675675675677 0.0 0.0 0.0 0.0 0.0 1.0 1024.0 0.0 0.0 0.0 0.0 0.0 1.0 1024.0 0.0 0.0 0.0 0.0 0.0 37.0 27.675675675675677 0.0 0.0 0.0 0.0 0.0 1.0 1024.0 0.0 0.0 0.0 0.0 0.0 1.0 1024.0 0.0 0.0 0.0 0.0 0.0 37.0 27.675675675675677 0.0 0.0 0.0 0.0 0.0 1.0 1024.0 1.7758271150836262 1.2160763618983381 4.805157531375327 0.0 25.412099673001233 151.0 6.781456953642391 4.58106600659779 4.752829121290701 15.074033345448699 0.0 19.31325074437748 51.0 20.078431372549023 1.3834532845382594 0.9662471048660553 3.4864782878754865 0.0 25.306913250458557 179.0 5.720670391061458 1.699613299040623 1.213339933310355 4.805157531375327 0.0 26.187529074427058 162.0 6.3209876543209775 4.623389552209654 4.626418050729 15.166946884958433 0.0 19.60975946760939 50.0 20.48 1.3543625168231732 0.9293573889602302 3.355582661291501 0.0 25.83830572633807 196.0 5.224489795918362 1.8421103650242912 1.3650215390062854 5.869339320126588 0.0 26.380185659086525 145.0 7.06206896551723 6.599812247510329 8.555497930014969 28.568402560419546 0.0 23.60727266036167 44.0 23.272727272727266 1.4685772678168236 1.0158776072768176 3.9592310638267834 0.0 25.16905258271956 175.0 5.851428571428562 1.4821718997126845 3.7743625924153417 41.78745222094094 0.0 29.348448643212514 638.0 1.6050156739811945 24.07319097332853 10.878977035411614 36.9901087825193 0.0 13.537096399266316 42.0 24.380952380952376 0.67316311656262 1.058939836325291 4.365364986724842 0.0 29.23826360004977 667.0 1.535232383808098 1.4169618569110516 3.4117222292526472 32.874741622928155 0.0 29.45164062088824 644.0 1.5900621118012397 26.413959054522664 9.991545507772553 41.631810312897706 0.0 9.48347659176922 38.0 26.947368421052634 0.6580914509313256 1.0264785295261905 3.5217069291965686 0.0 29.384316693613304 680.0 1.505882352941178 1.3946511866458113 3.502690858301952 45.01462284090048 0.0 29.345482224521774 641.0 1.5975039001560107 28.13662262744742 5.58675950686399 35.76295777937128 0.0 7.64368178375316 36.0 28.44444444444444 0.6977944404766012 1.0905571814145025 4.365364986724842 0.0 29.32950224089589 666.0 1.5375375375375404 1.5760430376012509 1.2326708975066718 4.6261065484396156 0.0 25.501152138056483 108.0 9.481481481481493 3.056263059684581 4.12259513383657 13.834661177334347 0.0 15.970947686880438 51.0 20.078431372549026 1.289443778281018 1.0158582314264977 5.806578010700421 0.0 26.09317403598612 134.0 7.641791044776108 1.6691586402074552 1.2396797464346807 4.6261065484396156 0.0 26.430064184407104 113.0 9.061946902654856 3.215174161356519 4.115440220494991 13.241912419968985 0.0 16.309553926498698 49.0 20.89795918367347 1.3287922577130833 0.8947725279953161 3.332808309342373 0.0 26.51441184652522 139.0 7.366906474820136 1.5241635800199984 1.3548678979883602 5.6352774948562505 0.0 27.720498690240053 124.0 8.25806451612904 3.8649473481133176 6.466106547867601 24.628416408678792 0.0 21.257994108536618 46.0 22.260869565217398 1.277112964391189 1.0412693231864374 3.6016230121356916 0.0 26.720062513678055 138.0 7.420289855072478 
276.0005150327869 1.6561037239589615 1.240830143069087 4.6261065484396156 0.0 25.848522788767255 106.0 9.660377358490567 3.056263059684581 4.12259513383657 13.834661177334347 0.0 15.970947686880438 51.0 20.078431372549026 1.3246991553798906 0.9281394053322238 3.4836138576524758 0.0 26.000875782667034 126.0 8.126984126984144 1.6758755465397226 1.268027329635979 4.6261065484396156 0.0 26.69261767425189 111.0 9.225225225225216 3.215174161356519 4.115440220494991 13.241912419968985 0.0 16.309553926498698 49.0 20.89795918367347 1.3828626967541797 0.8753369106634029 3.332808309342373 0.0 26.123687704807793 133.0 7.6992481203007515 1.7040415150953219 1.3507382915746007 5.6352774948562505 0.0 27.650436931581453 110.0 9.309090909090905 3.8649473481133176 6.466106547867601 24.628416408678792 0.0 21.257994108536618 46.0 22.260869565217398 1.410342496680556 0.9965322428027106 3.6016230121356916 0.0 26.215785468000025 126.0 8.126984126984144 0.0 0.0 0.0 0.0 0.0 1.0 1024.0 0.0 0.0 0.0 0.0 0.0 37.0 27.675675675675677 0.0 0.0 0.0 0.0 0.0 1.0 1024.0 0.0 0.0 0.0 0.0 0.0 1.0 1024.0 0.0 0.0 0.0 0.0 0.0 37.0 27.675675675675677 0.0 0.0 0.0 0.0 0.0 1.0 1024.0 0.0 0.0 0.0 0.0 0.0 1.0 1024.0 0.0 0.0 0.0 0.0 0.0 37.0 27.675675675675677 0.0 0.0 0.0 0.0 0.0 1.0 1024.0 1.777721844527741 1.2135216496226167 4.805157531375327 0.0 25.41373862895159 151.0 6.781456953642391 4.58106600659779 4.752829121290701 15.074033345448699 0.0 19.31325074437748 51.0 20.078431372549023 1.3834532845382594 0.9662471048660553 3.4864782878754865 0.0 25.306913250458557 179.0 5.720670391061458 1.699613299040623 1.213339933310355 4.805157531375327 0.0 26.187529074427058 162.0 6.3209876543209775 4.623389552209654 4.626418050729 15.166946884958433 0.0 19.60975946760939 50.0 20.48 1.3543625168231732 0.9293573889602302 3.355582661291501 0.0 25.83830572633807 196.0 5.224489795918362 1.8421103650242912 1.3650215390062854 5.869339320126588 0.0 26.380185659086525 145.0 7.06206896551723 6.599812247510329 8.555497930014969 28.568402560419546 0.0 23.60727266036167 44.0 23.272727272727266 1.4685772678168236 1.0158776072768176 3.9592310638267834 0.0 25.16905258271956 175.0 5.851428571428562 1.4821718997126845 3.7743625924153417 41.78745222094094 0.0 29.348448643212514 638.0 1.6050156739811945 24.07319097332853 10.878977035411614 36.9901087825193 0.0 13.537096399266316 42.0 24.380952380952376 0.67316311656262 1.058939836325291 4.365364986724842 0.0 29.23826360004977 667.0 1.535232383808098 1.4169618569110516 3.4117222292526472 32.874741622928155 0.0 29.45164062088824 644.0 1.5900621118012397 26.413959054522664 9.991545507772553 41.631810312897706 0.0 9.48347659176922 38.0 26.947368421052634 0.6580914509313256 1.0264785295261905 3.5217069291965686 0.0 29.384316693613304 680.0 1.505882352941178 1.3946511866458113 3.502690858301952 45.01462284090048 0.0 29.345482224521774 641.0 1.5975039001560107 28.13662262744742 5.58675950686399 35.76295777937128 0.0 7.64368178375316 36.0 28.44444444444444 0.6977944404766012 1.0905571814145025 4.365364986724842 0.0 29.32950224089589 666.0 1.5375375375375404 1.5705105936300066 1.2387455390188573 4.6261065484396156 0.0 25.503260164606587 108.0 9.481481481481493 3.056263059684581 4.12259513383657 13.834661177334347 0.0 15.970947686880438 51.0 20.078431372549026 1.3129001854272864 1.0150798439657294 5.806578010700421 0.0 25.92241676640552 131.0 7.81679389312976 1.59266831779405 1.2590990188957703 4.6261065484396156 0.0 26.731840265349486 119.0 8.605042016806708 3.215174161356519 4.115440220494991 13.241912419968985 0.0 16.309553926498698 49.0 20.89795918367347 1.3253362846863626 0.8990472629537436 3.332808309342373 0.0 26.52037359616467 139.0 7.366906474820136 1.6303563392658436 1.3367019146549999 5.6352774948562505 0.0 27.381904295029113 116.0 8.827586206896543 3.8649473481133176 6.466106547867601 24.628416408678792 0.0 21.257994108536618 46.0 22.260869565217398 1.3572618767116436 1.0198732498521819 3.6016230121356916 0.0 26.20971855913869 130.0 7.876923076923094 
277.0005150327869 1.6561037239589615 1.240830143069087 4.6261065484396156 0.0 25.848522788767255 106.0 9.660377358490567 3.056263059684581 4.12259513383657 13.834661177334347 0.0 15.970947686880438 51.0 20.078431372549026 1.3246991553798906 0.9281394053322238 3.4836138576524758 0.0 26.000875782667034 126.0 8.126984126984144 1.6758755465397226 1.268027329635979 4.6261065484396156 0.0 26.69261767425189 111.0 9.225225225225216 3.215174161356519 4.115440220494991 13.241912419968985 0.0 16.309553926498698 49.0 20.89795918367347 1.3828626967541797 0.8753369106634029 3.332808309342373 0.0 26.123687704807793 133.0 7.6992481203007515 1.7040415150953219 1.3507382915746007 5.6352774948562505 0.0 27.650436931581453 110.0 9.309090909090905 3.8649473481133176 6.466106547867601 24.628416408678792 0.0 21.257994108536618 46.0 22.260869565217398 1.410342496680556 0.9965322428027106 3.6016230121356916 0.0 26.215785468000025 126.0 8.126984126984144 0.0 0.0 0.0 0.0 0.0 1.0 1024.0 0.0 0.0 0.0 0.0 0.0 37.0 27.675675675675677 0.0 0.0 0.0 0.0 0.0 1.0 1024.0 0.0 0.0 0.0 0.0 0.0 1.0 1024.0 0.0 0.0 0.0 0.0 0.0 37.0 27.675675675675677 0.0 0.0 0.0 0.0 0.0 1.0 1024.0 0.0 0.0 0.0 0.0 0.0 1.0 1024.0 0.0 0.0 0.0 0.0 0.0 37.0 27.675675675675677 0.0 0.0 0.0 0.0 0.0 1.0 1024.0 1.7876241961880475 1.2114410153453734 4.805157531375327 0.0 25.327292197881352 150.0 6.826666666666676 4.58106600659779 4.752829121290701 15.074033345448699 0.0 19.31325074437748 51.0 20.078431372549023 1.3834532845382594 0.9662471048660553 3.4864782878754865 0.0 25.306913250458557 179.0 5.720670391061458 1.699613299040623 1.213339933310355 4.805157531375327 0.0 26.187529074427058 162.0 6.3209876543209775 4.623389552209654 4.626418050729 15.166946884958433 0.0 19.60975946760939 50.0 20.48 1.3543625168231732 0.9293573889602302 3.355582661291501 0.0 25.83830572633807 196.0 5.224489795918362 1.8421103650242912 1.3650215390062854 5.869339320126588 0.0 26.380185659086525 145.0 7.06206896551723 6.599812247510329 8.555497930014969 28.568402560419546 0.0 23.60727266036167 44.0 23.272727272727266 1.4685772678168236 1.0158776072768176 3.9592310638267834 0.0 25.16905258271956 175.0 5.851428571428562 1.4821718997126845 3.7743625924153417 41.78745222094094 0.0 29.348448643212514 638.0 1.6050156739811945 24.07319097332853 10.878977035411614 36.9901087825193 0.0 13.537096399266316 42.0 24.380952380952376 0.67316311656262 1.058939836325291 4.365364986724842 0.0 29.23826360004977 667.0 1.535232383808098 1.4169618569110516 3.4117222292526472 32.874741622928155 0.0 29.45164062088824 644.0 1.5900621118012397 26.413959054522664 9.991545507772553 41.631810312897706 0.0 9.48347659176922 38.0 26.947368421052634 0.6580914509313256 1.0264785295261905 3.5217069291965686 0.0 29.384316693613304 680.0 1.505882352941178 1.3946511866458113 3.502690858301952 45.01462284090048 0.0 29.345482224521774 641.0 1.5975039001560107 28.13662262744742 5.58675950686399 35.76295777937128 0.0 7.64368178375316 36.0 28.44444444444444 0.6977944404766012 1.0905571814145025 4.365364986724842 0.0 29.32950224089589 666.0 1.5375375375375404 1.5803194506705447 1.2399236614635443 4.6261065484396156 0.0 25.430767300136026 107.0 9.570093457943923 3.056263059684581 4.12259513383657 13.834661177334347 0.0 15.970947686880438 51.0 20.078431372549026 1.354915334262655 1.005539564920797 5.806578010700421 0.0 25.78341399079828 127.0 8.062992125984264 1.656281120818727 1.2424875440527783 4.6261065484396156 0.0 26.49795636608249 114.0 8.98245614035086 3.215174161356519 4.115440220494991 13.241912419968985 0.0 16.309553926498698 49.0 20.89795918367347 1.3248131703069324 0.8991855530844648 3.332808309342373 0.0 26.521648038467994 139.0 7.366906474820136 1.6557909390621668 1.3342298246798938 5.6352774948562505 0.0 27.255132548229398 114.0 8.982456140350859 3.8649473481133176 6.466106547867601 24.628416408678792 0.0 21.257994108536618 46.0 22.260869565217398 1.375879489569767 1.0168550038925024 3.6016230121356916 0.0 26.040655653949287 128.0 8.0 
278.0005150327869 1.6561037239589615 1.240830143069087 4.6261065484396156 0.0 25.848522788767255 106.0 9.660377358490567 3.056263059684581 4.12259513383657 13.834661177334347 0.0 15.970947686880438 51.0 20.078431372549026 1.3246991553798906 0.9281394053322238 3.4836138576524758 0.0 26.000875782667034 126.0 8.126984126984144 1.6758755465397226 1.268027329635979 4.6261065484396156 0.0 26.69261767425189 111.0 9.225225225225216 3.215174161356519 4.115440220494991 13.241912419968985 0.0 16.309553926498698 49.0 20.89795918367347 1.3828626967541797 0.8753369106634029 3.332808309342373 0.0 26.123687704807793 133.0 7.6992481203007515 1.7040415150953219 1.3507382915746007 5.6352774948562505 0.0 27.650436931581453 110.0 9.309090909090905 3.8649473481133176 6.466106547867601 24.628416408678792 0.0 21.257994108536618 46.0 22.260869565217398 1.410342496680556 0.9965322428027106 3.6016230121356916 0.0 26.215785468000025 126.0 8.126984126984144 0.0 0.0 0.0 0.0 0.0 1.0 1024.0 0.0 0.0 0.0 0.0 0.0 37.0 27.675675675675677 0.0 0.0 0.0 0.0 0.0 1.0 1024.0 0.0 0.0 0.0 0.0 0.0 1.0 1024.0 0.0 0.0 0.0 0.0 0.0 37.0 27.675675675675677 0.0 0.0 0.0 0.0 0.0 1.0 1024.0 0.0 0.0 0.0 0.0 0.0 1.0 1024.0 0.0 0.0 0.0 0.0 0.0 37.0 27.675675675675677 0.0 0.0 0.0 0.0 0.0 1.0 1024.0 1.7876241961880475 1.2114410153453734 4.805157531375327 0.0 25.327292197881352 150.0 6.826666666666676 4.58106600659779 4.752829121290701 15.074033345448699 0.0 19.31325074437748 51.0 20.078431372549023 1.3834532845382594 0.9662471048660553 3.4864782878754865 0.0 25.306913250458557 179.0 5.720670391061458 1.699613299040623 1.213339933310355 4.805157531375327 0.0 26.187529074427058 162.0 6.3209876543209775 4.623389552209654 4.626418050729 15.166946884958433 0.0 19.60975946760939 50.0 20.48 1.3543625168231732 0.9293573889602302 3.355582661291501 0.0 25.83830572633807 196.0 5.224489795918362 1.8421103650242912 1.3650215390062854 5.869339320126588 0.0 26.380185659086525 145.0 7.06206896551723 6.599812247510329 8.555497930014969 28.568402560419546 0.0 23.60727266036167 44.0 23.272727272727266 1.4685772678168236 1.0158776072768176 3.9592310638267834 0.0 25.16905258271956 175.0 5.851428571428562 1.4821718997126845 3.7743625924153417 41.78745222094094 0.0 29.348448643212514 638.0 1.6050156739811945 24.07319097332853 10.878977035411614 36.9901087825193 0.0 13.537096399266316 42.0 24.380952380952376 0.67316311656262 1.058939836325291 4.365364986724842 0.0 29.23826360004977 667.0 1.535232383808098 1.4169618569110516 3.4117222292526472 32.874741622928155 0.0 29.45164062088824 644.0 1.5900621118012397 26.413959054522664 9.991545507772553 41.631810312897706 0.0 9.48347659176922 38.0 26.947368421052634 0.6580914509313256 1.0264785295261905 3.5217069291965686 0.0 29.384316693613304 680.0 1.505882352941178 1.3946511866458113 3.502690858301952 45.01462284090048 0.0 29.345482224521774 641.0 1.5975039001560107 28.13662262744742 5.58675950686399 35.76295777937128 0.0 7.64368178375316 36.0 28.44444444444444 0.6977944404766012 1.0905571814145025 4.365364986724842 0.0 29.32950224089589 666.0 1.5375375375375404 1.5203098974139864 1.2562232074824993 4.6261065484396156 0.0 25.65100860561624 111.0 9.225225225225214 3.056263059684581 4.12259513383657 13.834661177334347 0.0 15.970947686880438 51.0 20.078431372549026 1.2864988803431432 1.0253737714814042 5.806578010700421 0.0 26.057065094696387 133.0 7.6992481203007515 1.6379741415356608 1.2496837325429977 4.6261065484396156 0.0 26.55440581092597 115.0 8.904347826086951 3.215174161356519 4.115440220494991 13.241912419968985 0.0 16.309553926498698 49.0 20.89795918367347 1.324861204350617 0.8992078904642943 3.332808309342373 0.0 26.522294379277753 139.0 7.366906474820136 1.5864603378381967 1.3475736395432616 5.6352774948562505 0.0 27.52950739539295 119.0 8.605042016806706 3.8649473481133176 6.466106547867601 24.628416408678792 0.0 21.257994108536618 46.0 22.260869565217398 1.3246726879572843 1.031514915024254 3.6016230121356916 0.0 26.424507697379216 133.0 7.6992481203007515 
279.0005150327869 1.6561037239589615 1.240830143069087 4.6261065484396156 0.0 25.848522788767255 106.0 9.660377358490567 3.056263059684581 4.12259513383657 13.834661177334347 0.0 15.970947686880438 51.0 20.078431372549026 1.3246991553798906 0.9281394053322238 3.4836138576524758 0.0 26.000875782667034 126.0 8.126984126984144 1.6758755465397226 1.268027329635979 4.6261065484396156 0.0 26.69261767425189 111.0 9.225225225225216 3.215174161356519 4.115440220494991 13.241912419968985 0.0 16.309553926498698 49.0 20.89795918367347 1.3828626967541797 0.8753369106634029 3.332808309342373 0.0 26.123687704807793 133.0 7.6992481203007515 1.7040415150953219 1.3507382915746007 5.6352774948562505 0.0 27.650436931581453 110.0 9.309090909090905 3.8649473481133176 6.466106547867601 24.628416408678792 0.0 21.257994108536618 46.0 22.260869565217398 1.410342496680556 0.9965322428027106 3.6016230121356916 0.0 26.215785468000025 126.0 8.126984126984144 0.0 0.0 0.0 0.0 0.0 1.0 1024.0 0.0 0.0 0.0 0.0 0.0 37.0 27.675675675675677 0.0 0.0 0.0 0.0 0.0 1.0 1024.0 0.0 0.0 0.0 0.0 0.0 1.0 1024.0 0.0 0.0 0.0 0.0 0.0 37.0 27.675675675675677 0.0 0.0 0.0 0.0 0.0 1.0 1024.0 0.0 0.0 0.0 0.0 0.0 1.0 1024.0 0.0 0.0 0.0 0.0 0.0 37.0 27.675675675675677 0.0 0.0 0.0 0.0 0.0 1.0 1024.0 1.7876241961880475 1.2114410153453734 4.805157531375327 0.0 25.327292197881352 150.0 6.826666666666676 4.58106600659779 4.752829121290701 15.074033345448699 0.0 19.31325074437748 51.0 20.078431372549023 1.3834532845382594 0.9662471048660553 3.4864782878754865 0.0 25.306913250458557 179.0 5.720670391061458 1.699613299040623 1.213339933310355 4.805157531375327 0.0 26.187529074427058 162.0 6.3209876543209775 4.623389552209654 4.626418050729 15.166946884958433 0.0 19.60975946760939 50.0 20.48 1.3543625168231732 0.9293573889602302 3.355582661291501 0.0 25.83830572633807 196.0 5.224489795918362 1.8421103650242912 1.3650215390062854 5.869339320126588 0.0 26.380185659086525 145.0 7.06206896551723 6.599812247510329 8.555497930014969 28.568402560419546 0.0 23.60727266036167 44.0 23.272727272727266 1.4685772678168236 1.0158776072768176 3.9592310638267834 0.0 25.16905258271956 175.0 5.851428571428562 1.4821718997126845 3.7743625924153417 41.78745222094094 0.0 29.348448643212514 638.0 1.6050156739811945 24.07319097332853 10.878977035411614 36.9901087825193 0.0 13.537096399266316 42.0 24.380952380952376 0.67316311656262 1.058939836325291 4.365364986724842 0.0 29.23826360004977 667.0 1.535232383808098 1.4169618569110516 3.4117222292526472 32.874741622928155 0.0 29.45164062088824 644.0 1.5900621118012397 26.413959054522664 9.991545507772553 41.631810312897706 0.0 9.48347659176922 38.0 26.947368421052634 0.6580914509313256 1.0264785295261905 3.5217069291965686 0.0 29.384316693613304 680.0 1.505882352941178 1.3946511866458113 3.502690858301952 45.01462284090048 0.0 29.345482224521774 641.0 1.5975039001560107 28.13662262744742 5.58675950686399 35.76295777937128 0.0 7.64368178375316 36.0 28.44444444444444 0.6977944404766012 1.0905571814145025 4.365364986724842 0.0 29.32950224089589 666.0 1.5375375375375404 1.5598849444588396 1.237369346352569 4.6261065484396156 0.0 25.450660547957405 109.0 9.394495412844037 3.056263059684581 4.12259513383657 13.834661177334347 0.0 15.970947686880438 51.0 20.078431372549026 1.2911331142092748 1.0146574541535653 5.806578010700421 0.0 26.099383677157345 134.0 7.641791044776108 1.6683066229180799 1.242233257245901 4.6261065484396156 0.0 26.450929978406226 113.0 9.061946902654856 3.215174161356519 4.115440220494991 13.241912419968985 0.0 16.309553926498698 49.0 20.89795918367347 1.3349859926400185 0.8946823973339598 3.332808309342373 0.0 26.471891318705417 138.0 7.420289855072476 1.5286125706878242 1.353152672957828 5.6352774948562505 0.0 27.7097551206783 124.0 8.25806451612904 3.8649473481133176 6.466106547867601 24.628416408678792 0.0 21.257994108536618 46.0 22.260869565217398 1.2778398872111394 1.0412265029325933 3.6016230121356916 0.0 26.72313091807397 138.0 7.420289855072478 
280.0005150327869 1.6561037239589615 1.240830143069087 4.6261065484396156 0.0 25.848522788767255 106.0 9.660377358490567 3.056263059684581 4.12259513383657 13.834661177334347 0.0 15.970947686880438 51.0 20.078431372549026 1.3246991553798906 0.9281394053322238 3.4836138576524758 0.0 26.000875782667034 126.0 8.126984126984144 1.6758755465397226 1.268027329635979 4.6261065484396156 0.0 26.69261767425189 111.0 9.225225225225216 3.215174161356519 4.115440220494991 13.241912419968985 0.0 16.309553926498698 49.0 20.89795918367347 1.383379776823826 0.8747629863705805 3.332808309342373 0.0 26.12452101114728 133.0 7.6992481203007515 1.7040415150953219 1.3507382915746007 5.6352774948562505 0.0 27.650436931581453 110.0 9.309090909090905 3.8649473481133176 6.466106547867601 24.628416408678792 0.0 21.257994108536618 46.0 22.260869565217398 1.410342496680556 0.9965322428027106 3.6016230121356916 0.0 26.215785468000025 126.0 8.126984126984144 0.0 0.0 0.0 0.0 0.0 1.0 1024.0 0.0 0.0 0.0 0.0 0.0 37.0 27.675675675675677 0.0 0.0 0.0 0.0 0.0 1.0 1024.0 0.0 0.0 0.0 0.0 0.0 1.0 1024.0 0.0 0.0 0.0 0.0 0.0 37.0 27.675675675675677 0.0 0.0 0.0 0.0 0.0 1.0 1024.0 0.0 0.0 0.0 0.0 0.0 1.0 1024.0 0.0 0.0 0.0 0.0 0.0 37.0 27.675675675675677 0.0 0.0 0.0 0.0 0.0 1.0 1024.0 1.7876241961880475 1.2114410153453734 4.805157531375327 0.0 25.327292197881352 150.0 6.826666666666676 4.58106600659779 4.752829121290701 15.074033345448699 0.0 19.31325074437748 51.0 20.078431372549023 1.3834532845382594 0.9662471048660553 3.4864782878754865 0.0 25.306913250458557 179.0 5.720670391061458 1.699613299040623 1.213339933310355 4.805157531375327 0.0 26.187529074427058 162.0 6.3209876543209775 4.623389552209654 4.626418050729 15.166946884958433 0.0 19.60975946760939 50.0 20.48 1.3543625168231732 0.9293573889602302 3.355582661291501 0.0 25.83830572633807 196.0 5.224489795918362 1.8421103650242912 1.3650215390062854 5.869339320126588 0.0 26.380185659086525 145.0 7.06206896551723 6.599812247510329 8.555497930014969 28.568402560419546 0.0 23.60727266036167 44.0 23.272727272727266 1.4685772678168236 1.0158776072768176 3.9592310638267834 0.0 25.16905258271956 175.0 5.851428571428562 1.4821718997126845 3.7743625924153417 41.78745222094094 0.0 29.348448643212514 638.0 1.6050156739811945 24.07319097332853 10.878977035411614 36.9901087825193 0.0 13.537096399266316 42.0 24.380952380952376 0.67316311656262 1.058939836325291 4.365364986724842 0.0 29.23826360004977 667.0 1.535232383808098 1.4169618569110516 3.4117222292526472 32.874741622928155 0.0 29.45164062088824 644.0 1.5900621118012397 26.413959054522664 9.991545507772553 41.631810312897706 0.0 9.48347659176922 38.0 26.947368421052634 0.6580914509313256 1.0264785295261905 3.5217069291965686 0.0 29.384316693613304 680.0 1.505882352941178 1.3946511866458113 3.502690858301952 45.01462284090048 0.0 29.345482224521774 641.0 1.5975039001560107 28.13662262744742 5.58675950686399 35.76295777937128 0.0 7.64368178375316 36.0 28.44444444444444 0.6977944404766012 1.0905571814145025 4.365364986724842 0.0 29.32950224089589 666.0 1.5375375375375404 1.5833361042772285 1.2325975853881368 4.6261065484396156 0.0 25.405026488260457 108.0 9.481481481481493 3.056263059684581 4.12259513383657 13.834661177334347 0.0 15.970947686880438 51.0 20.078431372549026 1.3149371748387146 1.0135753269451793 5.806578010700421 0.0 25.998461496129533 131.0 7.81679389312976 1.6825198408196826 1.2381372278405256 4.6261065484396156 0.0 26.37714966534525 112.0 9.142857142857128 3.215174161356519 4.115440220494991 13.241912419968985 0.0 16.309553926498698 49.0 20.89795918367347 1.3449595171678397 0.8901709254108249 3.332808309342373 0.0 26.408537605769904 137.0 7.474452554744532 1.607856983296797 1.339140358181622 5.6352774948562505 0.0 27.48622774530512 118.0 8.677966101694928 3.8649473481133176 6.466106547867601 24.628416408678792 0.0 21.257994108536618 46.0 22.260869565217398 1.3476312839473277 1.0227617364732515 3.6016230121356916 0.0 26.26719219565976 131.0 7.81679389312976 
281.0005150327869 1.6561037239589615 1.240830143069087 4.6261065484396156 0.0 25.848522788767255 106.0 9.660377358490567 3.056263059684581 4.12259513383657 13.834661177334347 0.0 15.970947686880438 51.0 20.078431372549026 1.3246991553798906 0.9281394053322238 3.4836138576524758 0.0 26.000875782667034 126.0 8.126984126984144 1.675684807448799 1.268256601312403 4.6261065484396156 0.0 26.69241224341236 111.0 9.225225225225216 3.215174161356519 4.115440220494991 13.241912419968985 0.0 16.309553926498698 49.0 20.89795918367347 1.383379776823826 0.8747629863705805 3.332808309342373 0.0 26.12452101114728 133.0 7.6992481203007515 1.7040415150953219 1.3507382915746007 5.6352774948562505 0.0 27.650436931581453 110.0 9.309090909090905 3.8649473481133176 6.466106547867601 24.628416408678792 0.0 21.257994108536618 46.0 22.260869565217398 1.410342496680556 0.9965322428027106 3.6016230121356916 0.0 26.215785468000025 126.0 8.126984126984144 0.0 0.0 0.0 0.0 0.0 1.0 1024.0 0.0 0.0 0.0 0.0 0.0 37.0 27.675675675675677 0.0 0.0 0.0 0.0 0.0 1.0 1024.0 0.0 0.0 0.0 0.0 0.0 1.0 1024.0 0.0 0.0 0.0 0.0 0.0 37.0 27.675675675675677 0.0 0.0 0.0 0.0 0.0 1.0 1024.0 0.0 0.0 0.0 0.0 0.0 1.0 1024.0 0.0 0.0 0.0 0.0 0.0 37.0 27.675675675675677 0.0 0.0 0.0 0.0 0.0 1.0 1024.0 1.7876241961880475 1.2114410153453734 4.805157531375327 0.0 25.327292197881352 150.0 6.826666666666676 4.58106600659779 4.752829121290701 15.074033345448699 0.0 19.31325074437748 51.0 20.078431372549023 1.3834532845382594 0.9662471048660553 3.4864782878754865 0.0 25.306913250458557 179.0 5.720670391061458 1.699613299040623 1.213339933310355 4.805157531375327 0.0 26.187529074427058 162.0 6.3209876543209775 4.623389552209654 4.626418050729 15.166946884958433 0.0 19.60975946760939 50.0 20.48 1.3543625168231732 0.9293573889602302 3.355582661291501 0.0 25.83830572633807 196.0 5.224489795918362 1.8421103650242912 1.3650215390062854 5.869339320126588 0.0 26.380185659086525 145.0 7.06206896551723 6.599812247510329 8.555497930014969 28.568402560419546 0.0 23.60727266036167 44.0 23.272727272727266 1.4685772678168236 1.0158776072768176 3.9592310638267834 0.0 25.16905258271956 175.0 5.851428571428562 1.4821718997126845 3.7743625924153417 41.78745222094094 0.0 29.348448643212514 638.0 1.6050156739811945 24.07319097332853 10.878977035411614 36.9901087825193 0.0 13.537096399266316 42.0 24.380952380952376 0.67316311656262 1.058939836325291 4.365364986724842 0.0 29.23826360004977 667.0 1.535232383808098 1.4169618569110516 3.4117222292526472 32.874741622928155 0.0 29.45164062088824 644.0 1.5900621118012397 26.413959054522664 9.991545507772553 41.631810312897706 0.0 9.48347659176922 38.0 26.947368421052634 0.6580914509313256 1.0264785295261905 3.5217069291965686 0.0 29.384316693613304 680.0 1.505882352941178 1.3946511866458113 3.502690858301952 45.01462284090048 0.0 29.345482224521774 641.0 1.5975039001560107 28.13662262744742 5.58675950686399 35.76295777937128 0.0 7.64368178375316 36.0 28.44444444444444 0.6977944404766012 1.0905571814145025 4.365364986724842 0.0 29.32950224089589 666.0 1.5375375375375404 1.6059710229255164 1.2291032939333768 4.6261065484396156 0.0 25.27754881942434 106.0 9.660377358490567 3.056263059684581 4.12259513383657 13.834661177334347 0.0 15.970947686880438 51.0 20.078431372549026 1.344439151892144 1.008837980076706 5.806578010700421 0.0 25.83178794513569 128.0 8.0 1.668669677354873 1.242705416663422 4.6261065484396156 0.0 26.44536112712965 113.0 9.061946902654856 3.215174161356519 4.115440220494991 13.241912419968985 0.0 16.309553926498698 49.0 20.89795918367347 1.3448561085507327 0.8903824860363726 3.332808309342373 0.0 26.408554457447337 137.0 7.474452554744532 1.6610921374120633 1.3312008785085656 5.6352774948562505 0.0 27.317362150131547 115.0 8.904347826086951 3.8649473481133176 6.466106547867601 24.628416408678792 0.0 21.257994108536618 46.0 22.260869565217398 1.3658240656407858 1.0200098493021608 3.6016230121356916 0.0 26.104869265575836 129.0 7.937984496124019 
282.0005150327869 1.6561037239589615 1.240830143069087 4.6261065484396156 0.0 25.848522788767255 106.0 9.660377358490567 3.056263059684581 4.12259513383657 13.834661177334347 0.0 15.970947686880438 51.0 20.078431372549026 1.3246991553798906 0.9281394053322238 3.4836138576524758 0.0 26.000875782667034 126.0 8.126984126984144 1.675684807448799 1.268256601312403 4.6261065484396156 0.0 26.69241224341236 111.0 9.225225225225216 3.215174161356519 4.115440220494991 13.241912419968985 0.0 16.309553926498698 49.0 20.89795918367347 1.383379776823826 0.8747629863705805 3.332808309342373 0.0 26.12452101114728 133.0 7.6992481203007515 1.7040415150953219 1.3507382915746007 5.6352774948562505 0.0 27.650436931581453 110.0 9.309090909090905 3.8649473481133176 6.466106547867601 24.628416408678792 0.0 21.257994108536618 46.0 22.260869565217398 1.410342496680556 0.9965322428027106 3.6016230121356916 0.0 26.215785468000025 126.0 8.126984126984144 0.0 0.0 0.0 0.0 0.0 1.0 1024.0 0.0 0.0 0.0 0.0 0.0 37.0 27.675675675675677 0.0 0.0 0.0 0.0 0.0 1.0 1024.0 0.0 0.0 0.0 0.0 0.0 1.0 1024.0 0.0 0.0 0.0 0.0 0.0 37.0 27.675675675675677 0.0 0.0 0.0 0.0 0.0 1.0 1024.0 0.0 0.0 0.0 0.0 0.0 1.0 1024.0 0.0 0.0 0.0 0.0 0.0 37.0 27.675675675675677 0.0 0.0 0.0 0.0 0.0 1.0 1024.0 1.7876241961880475 1.2114410153453734 4.805157531375327 0.0 25.327292197881352 150.0 6.826666666666676 4.58106600659779 4.752829121290701 15.074033345448699 0.0 19.31325074437748 51.0 20.078431372549023 1.3834532845382594 0.9662471048660553 3.4864782878754865 0.0 25.306913250458557 179.0 5.720670391061458 1.699613299040623 1.213339933310355 4.805157531375327 0.0 26.187529074427058 162.0 6.3209876543209775 4.623389552209654 4.626418050729 15.166946884958433 0.0 19.60975946760939 50.0 20.48 1.3543625168231732 0.9293573889602302 3.355582661291501 0.0 25.83830572633807 196.0 5.224489795918362 1.8421103650242912 1.3650215390062854 5.869339320126588 0.0 26.380185659086525 145.0 7.06206896551723 6.599812247510329 8.555497930014969 28.568402560419546 0.0 23.60727266036167 44.0 23.272727272727266 1.4685772678168236 1.0158776072768176 3.9592310638267834 0.0 25.16905258271956 175.0 5.851428571428562 1.4821718997126845 3.7743625924153417 41.78745222094094 0.0 29.348448643212514 638.0 1.6050156739811945 24.07319097332853 10.878977035411614 36.9901087825193 0.0 13.537096399266316 42.0 24.380952380952376 0.67316311656262 1.058939836325291 4.365364986724842 0.0 29.23826360004977 667.0 1.535232383808098 1.4169618569110516 3.4117222292526472 32.874741622928155 0.0 29.45164062088824 644.0 1.5900621118012397 26.413959054522664 9.991545507772553 41.631810312897706 0.0 9.48347659176922 38.0 26.947368421052634 0.6580914509313256 1.0264785295261905 3.5217069291965686 0.0 29.384316693613304 680.0 1.505882352941178 1.3946511866458113 3.502690858301952 45.01462284090048 0.0 29.345482224521774 641.0 1.5975039001560107 28.13662262744742 5.58675950686399 35.76295777937128 0.0 7.64368178375316 36.0 28.44444444444444 0.6977944404766012 1.0905571814145025 4.365364986724842 0.0 29.32950224089589 666.0 1.5375375375375404 1.5260823525595208 1.255039590882034 4.6261065484396156 0.0 25.523559074997387 110.0 9.309090909090905 3.056263059684581 4.12259513383657 13.834661177334347 0.0 15.970947686880438 51.0 20.078431372549026 1.2769669618279187 1.0276526927654352 5.806578010700421 0.0 26.087050915222758 134.0 7.641791044776107 1.6696752162849695 1.2418661747723017 4.6261065484396156 0.0 26.446557138375713 113.0 9.061946902654856 3.215174161356519 4.115440220494991 13.241912419968985 0.0 16.309553926498698 49.0 20.89795918367347 1.3444485750906783 0.8910851526153675 3.332808309342373 0.0 26.410113554261667 137.0 7.474452554744532 1.6079218006009186 1.3413643893333858 5.6352774948562505 0.0 27.49257009186397 118.0 8.677966101694928 3.8649473481133176 6.466106547867601 24.628416408678792 0.0 21.257994108536618 46.0 22.260869565217398 1.3147526574745247 1.0339994406919712 3.6016230121356916 0.0 26.468134512128223 134.0 7.641791044776107 
283.0005150327869 1.6561037239589615 1.240830143069087 4.6261065484396156 0.0 25.848522788767255 106.0 9.660377358490567 3.056263059684581 4.12259513383657 13.834661177334347 0.0 15.970947686880438 51.0 20.078431372549026 1.3246991553798906 0.9281394053322238 3.4836138576524758 0.0 26.000875782667034 126.0 8.126984126984144 1.675684807448799 1.268256601312403 4.6261065484396156 0.0 26.69241224341236 111.0 9.225225225225216 3.215174161356519 4.115440220494991 13.241912419968985 0.0 16.309553926498698 49.0 20.89795918367347 1.383379776823826 0.8747629863705805 3.332808309342373 0.0 26.12452101114728 133.0 7.6992481203007515 1.7040415150953219 1.3507382915746007 5.6352774948562505 0.0 27.650436931581453 110.0 9.309090909090905 3.8649473481133176 6.466106547867601 24.628416408678792 0.0 21.257994108536618 46.0 22.260869565217398 1.410342496680556 0.9965322428027106 3.6016230121356916 0.0 26.215785468000025 126.0 8.126984126984144 0.0 0.0 0.0 0.0 0.0 1.0 1024.0 0.0 0.0 0.0 0.0 0.0 37.0 27.675675675675677 0.0 0.0 0.0 0.0 0.0 1.0 1024.0 0.0 0.0 0.0 0.0 0.0 1.0 1024.0 0.0 0.0 0.0 0.0 0.0 37.0 27.675675675675677 0.0 0.0 0.0 0.0 0.0 1.0 1024.0 0.0 0.0 0.0 0.0 0.0 1.0 1024.0 0.0 0.0 0.0 0.0 0.0 37.0 27.675675675675677 0.0 0.0 0.0 0.0 0.0 1.0 1024.0 1.7876241961880475 1.2114410153453734 4.805157531375327 0.0 25.327292197881352 150.0 6.826666666666676 4.58106600659779 4.752829121290701 15.074033345448699 0.0 19.31325074437748 51.0 20.078431372549023 1.3834532845382594 0.9662471048660553 3.4864782878754865 0.0 25.306913250458557 179.0 5.720670391061458 1.699613299040623 1.213339933310355 4.805157531375327 0.0 26.187529074427058 162.0 6.3209876543209775 4.623389552209654 4.626418050729 15.166946884958433 0.0 19.60975946760939 50.0 20.48 1.3543625168231732 0.9293573889602302 3.355582661291501 0.0 25.83830572633807 196.0 5.224489795918362 1.8421103650242912 1.3650215390062854 5.869339320126588 0.0 26.380185659086525 145.0 7.06206896551723 6.599812247510329 8.555497930014969 28.568402560419546 0.0 23.60727266036167 44.0 23.272727272727266 1.4685772678168236 1.0158776072768176 3.9592310638267834 0.0 25.16905258271956 175.0 5.851428571428562 1.4821718997126845 3.7743625924153417 41.78745222094094 0.0 29.348448643212514 638.0 1.6050156739811945 24.07319097332853 10.878977035411614 36.9901087825193 0.0 13.537096399266316 42.0 24.380952380952376 0.67316311656262 1.058939836325291 4.365364986724842 0.0 29.23826360004977 667.0 1.535232383808098 1.4169618569110516 3.4117222292526472 32.874741622928155 0.0 29.45164062088824 644.0 1.5900621118012397 26.413959054522664 9.991545507772553 41.631810312897706 0.0 9.48347659176922 38.0 26.947368421052634 0.6580914509313256 1.0264785295261905 3.5217069291965686 0.0 29.384316693613304 680.0 1.505882352941178 1.3946511866458113 3.502690858301952 45.01462284090048 0.0 29.345482224521774 641.0 1.5975039001560107 28.13662262744742 5.58675950686399 35.76295777937128 0.0 7.64368178375316 36.0 28.44444444444444 0.6977944404766012 1.0905571814145025 4.365364986724842 0.0 29.32950224089589 666.0 1.5375375375375404 1.5657400537822952 1.2363337488774429 4.6261065484396156 0.0 25.424190944238468 108.0 9.481481481481493 3.056263059684581 4.12259513383657 13.834661177334347 0.0 15.970947686880438 51.0 20.078431372549026 1.2912341257803794 1.0147547086551365 5.806578010700421 0.0 26.10410957996132 134.0 7.641791044776108 1.6393829033729195 1.2514176522145632 4.6261065484396156 0.0 26.570782478983944 115.0 8.904347826086951 3.215174161356519 4.115440220494991 13.241912419968985 0.0 16.309553926498698 49.0 20.89795918367347 1.3347632112857648 0.8951886680523797 3.332808309342373 0.0 26.475134826074164 138.0 7.420289855072476 1.530852530611645 1.3607344845893734 5.6352774948562505 0.0 27.777727794037666 124.0 8.25806451612904 3.8649473481133176 6.466106547867601 24.628416408678792 0.0 21.257994108536618 46.0 22.260869565217398 1.2703482793732823 1.0414044239776454 3.6016230121356916 0.0 26.755414976391904 139.0 7.366906474820135 
284.0005150327869 1.6561037239589615 1.240830143069087 4.6261065484396156 0.0 25.848522788767255 106.0 9.660377358490567 3.056263059684581 4.12259513383657 13.834661177334347 0.0 15.970947686880438 51.0 20.078431372549026 1.3246991553798906 0.9281394053322238 3.4836138576524758 0.0 26.000875782667034 126.0 8.126984126984144 1.675684807448799 1.268256601312403 4.6261065484396156 0.0 26.69241224341236 111.0 9.225225225225216 3.215174161356519 4.115440220494991 13.241912419968985 0.0 16.309553926498698 49.0 20.89795918367347 1.3837502514470432 0.8743741615988684 3.332808309342373 0.0 26.1251954337222 133.0 7.6992481203007515 1.7040394130195773 1.3507337013913718 5.6352774948562505 0.0 27.65049918826965 110.0 9.309090909090905 3.8649473481133176 6.466106547867601 24.628416408678792 0.0 21.257994108536618 46.0 22.260869565217398 1.410342496680556 0.9965322428027106 3.6016230121356916 0.0 26.215785468000025 126.0 8.126984126984144 0.0 0.0 0.0 0.0 0.0 1.0 1024.0 0.0 0.0 0.0 0.0 0.0 37.0 27.675675675675677 0.0 0.0 0.0 0.0 0.0 1.0 1024.0 0.0 0.0 0.0 0.0 0.0 1.0 1024.0 0.0 0.0 0.0 0.0 0.0 37.0 27.675675675675677 0.0 0.0 0.0 0.0 0.0 1.0 1024.0 0.0 0.0 0.0 0.0 0.0 1.0 1024.0 0.0 0.0 0.0 0.0 0.0 37.0 27.675675675675677 0.0 0.0 0.0 0.0 0.0 1.0 1024.0 1.7876241961880475 1.2114410153453734 4.805157531375327 0.0 25.327292197881352 150.0 6.826666666666676 4.58106600659779 4.752829121290701 15.074033345448699 0.0 19.31325074437748 51.0 20.078431372549023 1.3834532845382594 0.9662471048660553 3.4864782878754865 0.0 25.306913250458557 179.0 5.720670391061458 1.699613299040623 1.213339933310355 4.805157531375327 0.0 26.187529074427058 162.0 6.3209876543209775 4.623389552209654 4.626418050729 15.166946884958433 0.0 19.60975946760939 50.0 20.48 1.3543625168231732 0.9293573889602302 3.355582661291501 0.0 25.83830572633807 196.0 5.224489795918362 1.8421103650242912 1.3650215390062854 5.869339320126588 0.0 26.380185659086525 145.0 7.06206896551723 6.599812247510329 8.555497930014969 28.568402560419546 0.0 23.60727266036167 44.0 23.272727272727266 1.4685772678168236 1.0158776072768176 3.9592310638267834 0.0 25.16905258271956 175.0 5.851428571428562 1.4821718997126845 3.7743625924153417 41.78745222094094 0.0 29.348448643212514 638.0 1.6050156739811945 24.07319097332853 10.878977035411614 36.9901087825193 0.0 13.537096399266316 42.0 24.380952380952376 0.67316311656262 1.058939836325291 4.365364986724842 0.0 29.23826360004977 667.0 1.535232383808098 1.4169618569110516 3.4117222292526472 32.874741622928155 0.0 29.45164062088824 644.0 1.5900621118012397 26.413959054522664 9.991545507772553 41.631810312897706 0.0 9.48347659176922 38.0 26.947368421052634 0.6580914509313256 1.0264785295261905 3.5217069291965686 0.0 29.384316693613304 680.0 1.505882352941178 1.3946511866458113 3.502690858301952 45.01462284090048 0.0 29.345482224521774 641.0 1.5975039001560107 28.13662262744742 5.58675950686399 35.76295777937128 0.0 7.64368178375316 36.0 28.44444444444444 0.6977944404766012 1.0905571814145025 4.365364986724842 0.0 29.32950224089589 666.0 1.5375375375375404 1.5744878333952543 1.2390089837003027 4.6261065484396156 0.0 25.36286372675142 107.0 9.570093457943923 3.056263059684581 4.12259513383657 13.834661177334347 0.0 15.970947686880438 51.0 20.078431372549026 1.3235702920528307 1.0487482734249072 6.775737214644976 0.0 26.006100370908616 131.0 7.81679389312976 1.653445041491954 1.2472614243096085 4.6261065484396156 0.0 26.50970158309132 114.0 8.98245614035086 3.215174161356519 4.115440220494991 13.241912419968985 0.0 16.309553926498698 49.0 20.89795918367347 1.3445686776429686 0.8912840127577435 3.332808309342373 0.0 26.406270811174075 137.0 7.474452554744532 1.6383252321714803 1.341750510659623 5.6352774948562505 0.0 27.448712760581824 116.0 8.827586206896543 3.8649473481133176 6.466106547867601 24.628416408678792 0.0 21.257994108536618 46.0 22.260869565217398 1.3519420028129492 1.0184015708598149 3.6016230121356916 0.0 26.273512708181155 131.0 7.81679389312976 
285.0005150327869 1.6561037239589615 1.240830143069087 4.6261065484396156 0.0 25.848522788767255 106.0 9.660377358490567 3.056263059684581 4.12259513383657 13.834661177334347 0.0 15.970947686880438 51.0 20.078431372549026 1.3246991553798906 0.9281394053322238 3.4836138576524758 0.0 26.000875782667034 126.0 8.126984126984144 1.675684807448799 1.268256601312403 4.6261065484396156 0.0 26.69241224341236 111.0 9.225225225225216 3.215174161356519 4.115440220494991 13.241912419968985 0.0 16.309553926498698 49.0 20.89795918367347 1.3837502514470432 0.8743741615988684 3.332808309342373 0.0 26.1251954337222 133.0 7.6992481203007515 1.704038215740774 1.3507282338190725 5.6352774948562505 0.0 27.65056136773435 110.0 9.309090909090905 3.8649473481133176 6.466106547867601 24.628416408678792 0.0 21.257994108536618 46.0 22.260869565217398 1.410342496680556 0.9965322428027106 3.6016230121356916 0.0 26.215785468000025 126.0 8.126984126984144 0.0 0.0 0.0 0.0 0.0 1.0 1024.0 0.0 0.0 0.0 0.0 0.0 37.0 27.675675675675677 0.0 0.0 0.0 0.0 0.0 1.0 1024.0 0.0 0.0 0.0 0.0 0.0 1.0 1024.0 0.0 0.0 0.0 0.0 0.0 37.0 27.675675675675677 0.0 0.0 0.0 0.0 0.0 1.0 1024.0 0.0 0.0 0.0 0.0 0.0 1.0 1024.0 0.0 0.0 0.0 0.0 0.0 37.0 27.675675675675677 0.0 0.0 0.0 0.0 0.0 1.0 1024.0 1.7876241961880475 1.2114410153453734 4.805157531375327 0.0 25.327292197881352 150.0 6.826666666666676 4.58106600659779 4.752829121290701 15.074033345448699 0.0 19.31325074437748 51.0 20.078431372549023 1.3834532845382594 0.9662471048660553 3.4864782878754865 0.0 25.306913250458557 179.0 5.720670391061458 1.699613299040623 1.213339933310355 4.805157531375327 0.0 26.187529074427058 162.0 6.3209876543209775 4.623389552209654 4.626418050729 15.166946884958433 0.0 19.60975946760939 50.0 20.48 1.3543625168231732 0.9293573889602302 3.355582661291501 0.0 25.83830572633807 196.0 5.224489795918362 1.8421103650242912 1.3650215390062854 5.869339320126588 0.0 26.380185659086525 145.0 7.06206896551723 6.599812247510329 8.555497930014969 28.568402560419546 0.0 23.60727266036167 44.0 23.272727272727266 1.4685772678168236 1.0158776072768176 3.9592310638267834 0.0 25.16905258271956 175.0 5.851428571428562 1.4821718997126845 3.7743625924153417 41.78745222094094 0.0 29.348448643212514 638.0 1.6050156739811945 24.07319097332853 10.878977035411614 36.9901087825193 0.0 13.537096399266316 42.0 24.380952380952376 0.67316311656262 1.058939836325291 4.365364986724842 0.0 29.23826360004977 667.0 1.535232383808098 1.4169618569110516 3.4117222292526472 32.874741622928155 0.0 29.45164062088824 644.0 1.5900621118012397 26.413959054522664 9.991545507772553 41.631810312897706 0.0 9.48347659176922 38.0 26.947368421052634 0.6580914509313256 1.0264785295261905 3.5217069291965686 0.0 29.384316693613304 680.0 1.505882352941178 1.3946511866458113 3.502690858301952 45.01462284090048 0.0 29.345482224521774 641.0 1.5975039001560107 28.13662262744742 5.58675950686399 35.76295777937128 0.0 7.64368178375316 36.0 28.44444444444444 0.6977944404766012 1.0905571814145025 4.365364986724842 0.0 29.32950224089589 666.0 1.5375375375375404 1.5853907714559974 1.239694203746338 4.6261065484396156 0.0 25.27858438092885 106.0 9.660377358490567 3.056263059684581 4.12259513383657 13.834661177334347 0.0 15.970947686880438 51.0 20.078431372549026 1.3645480907273435 1.0417125222307144 6.775737214644976 0.0 25.795795187497124 127.0 8.062992125984264 1.6663762635606862 1.2440800293013783 4.6261065484396156 0.0 26.574514164929543 113.0 9.061946902654856 3.215174161356519 4.115440220494991 13.241912419968985 0.0 16.309553926498698 49.0 20.89795918367347 1.3547618639338772 0.8867089494318564 3.332808309342373 0.0 26.338564006357334 136.0 7.5294117647058965 1.6785647047349592 1.33597049554696 5.6352774948562505 0.0 27.253828487232916 113.0 9.061946902654856 3.8649473481133176 6.466106547867601 24.628416408678792 0.0 21.257994108536618 46.0 22.260869565217398 1.359937142747777 1.018683526537653 3.6016230121356916 0.0 26.178978994479976 130.0 7.876923076923094 
286.0005150327869 1.6561037239589615 1.240830143069087 4.6261065484396156 0.0 25.848522788767255 106.0 9.660377358490567 3.056263059684581 4.12259513383657 13.834661177334347 0.0 15.970947686880438 51.0 20.078431372549026 1.3246991553798906 0.9281394053322238 3.4836138576524758 0.0 26.000875782667034 126.0 8.126984126984144 1.675684807448799 1.268256601312403 4.6261065484396156 0.0 26.69241224341236 111.0 9.225225225225216 3.215174161356519 4.115440220494991 13.241912419968985 0.0 16.309553926498698 49.0 20.89795918367347 1.3837502514470432 0.8743741615988684 3.332808309342373 0.0 26.1251954337222 133.0 7.6992481203007515 1.704038215740774 1.3507282338190725 5.6352774948562505 0.0 27.65056136773435 110.0 9.309090909090905 3.8649473481133176 6.466106547867601 24.628416408678792 0.0 21.257994108536618 46.0 22.260869565217398 1.410342496680556 0.9965322428027106 3.6016230121356916 0.0 26.215785468000025 126.0 8.126984126984144 0.0 0.0 0.0 0.0 0.0 1.0 1024.0 0.0 0.0 0.0 0.0 0.0 37.0 27.675675675675677 0.0 0.0 0.0 0.0 0.0 1.0 1024.0 0.0 0.0 0.0 0.0 0.0 1.0 1024.0 0.0 0.0 0.0 0.0 0.0 37.0 27.675675675675677 0.0 0.0 0.0 0.0 0.0 1.0 1024.0 0.0 0.0 0.0 0.0 0.0 1.0 1024.0 0.0 0.0 0.0 0.0 0.0 37.0 27.675675675675677 0.0 0.0 0.0 0.0 0.0 1.0 1024.0 1.7876241961880475 1.2114410153453734 4.805157531375327 0.0 25.327292197881352 150.0 6.826666666666676 4.58106600659779 4.752829121290701 15.074033345448699 0.0 19.31325074437748 51.0 20.078431372549023 1.3834532845382594 0.9662471048660553 3.4864782878754865 0.0 25.306913250458557 179.0 5.720670391061458 1.699613299040623 1.213339933310355 4.805157531375327 0.0 26.187529074427058 162.0 6.3209876543209775 4.623389552209654 4.626418050729 15.166946884958433 0.0 19.60975946760939 50.0 20.48 1.3543625168231732 0.9293573889602302 3.355582661291501 0.0 25.83830572633807 196.0 5.224489795918362 1.8421103650242912 1.3650215390062854 5.869339320126588 0.0 26.380185659086525 145.0 7.06206896551723 6.599812247510329 8.555497930014969 28.568402560419546 0.0 23.60727266036167 44.0 23.272727272727266 1.4685772678168236 1.0158776072768176 3.9592310638267834 0.0 25.16905258271956 175.0 5.851428571428562 1.4821718997126845 3.7743625924153417 41.78745222094094 0.0 29.348448643212514 638.0 1.6050156739811945 24.07319097332853 10.878977035411614 36.9901087825193 0.0 13.537096399266316 42.0 24.380952380952376 0.67316311656262 1.058939836325291 4.365364986724842 0.0 29.23826360004977 667.0 1.535232383808098 1.4169618569110516 3.4117222292526472 32.874741622928155 0.0 29.45164062088824 644.0 1.5900621118012397 26.413959054522664 9.991545507772553 41.631810312897706 0.0 9.48347659176922 38.0 26.947368421052634 0.6580914509313256 1.0264785295261905 3.5217069291965686 0.0 29.384316693613304 680.0 1.505882352941178 1.3946511866458113 3.502690858301952 45.01462284090048 0.0 29.345482224521774 641.0 1.5975039001560107 28.13662262744742 5.58675950686399 35.76295777937128 0.0 7.64368178375316 36.0 28.44444444444444 0.6977944404766012 1.0905571814145025 4.365364986724842 0.0 29.32950224089589 666.0 1.5375375375375404 1.5253271434258904 1.2554521305686237 4.6261065484396156 0.0 25.52401505456136 110.0 9.309090909090905 3.056263059684581 4.12259513383657 13.834661177334347 0.0 15.970947686880438 51.0 20.078431372549026 1.2954903856195192 1.0596124388966033 6.775737214644976 0.0 26.06911692597901 133.0 7.6992481203007515 1.6666416844741063 1.243509995871365 4.6261065484396156 0.0 26.578901635857978 113.0 9.061946902654856 3.215174161356519 4.115440220494991 13.241912419968985 0.0 16.309553926498698 49.0 20.89795918367347 1.3649098754900837 0.8820822808986719 3.332808309342373 0.0 26.26909091981352 135.0 7.5851851851851775 1.5953102543852489 1.3539802602274802 5.6352774948562505 0.0 27.610404943493382 119.0 8.605042016806706 3.8649473481133176 6.466106547867601 24.628416408678792 0.0 21.257994108536618 46.0 22.260869565217398 1.3105616181200346 1.0313300896994055 3.6016230121356916 0.0 26.52603213127407 135.0 7.585185185185177 
287.0005150327869 1.6406226348614383 1.2453013965586865 4.6261065484396156 0.0 25.906850298548914 107.0 9.570093457943923 3.056263059684581 4.12259513383657 13.834661177334347 0.0 15.970947686880438 51.0 20.078431372549026 1.3246991553798906 0.9281394053322238 3.4836138576524758 0.0 26.000875782667034 126.0 8.126984126984144 1.675684807448799 1.268256601312403 4.6261065484396156 0.0 26.69241224341236 111.0 9.225225225225216 3.215174161356519 4.115440220494991 13.241912419968985 0.0 16.309553926498698 49.0 20.89795918367347 1.3441142895783527 0.8919353978420915 3.332808309342373 0.0 26.429334917844045 137.0 7.474452554744532 1.704038215740774 1.3507282338190725 5.6352774948562505 0.0 27.65056136773435 110.0 9.309090909090905 3.8649473481133176 6.466106547867601 24.628416408678792 0.0 21.257994108536618 46.0 22.260869565217398 1.410342496680556 0.9965322428027106 3.6016230121356916 0.0 26.215785468000025 126.0 8.126984126984144 0.0 0.0 0.0 0.0 0.0 1.0 1024.0 0.0 0.0 0.0 0.0 0.0 37.0 27.675675675675677 0.0 0.0 0.0 0.0 0.0 1.0 1024.0 0.0 0.0 0.0 0.0 0.0 1.0 1024.0 0.0 0.0 0.0 0.0 0.0 37.0 27.675675675675677 0.0 0.0 0.0 0.0 0.0 1.0 1024.0 0.0 0.0 0.0 0.0 0.0 1.0 1024.0 0.0 0.0 0.0 0.0 0.0 37.0 27.675675675675677 0.0 0.0 0.0 0.0 0.0 1.0 1024.0 1.7876241961880475 1.2114410153453734 4.805157531375327 0.0 25.327292197881352 150.0 6.826666666666676 4.58106600659779 4.752829121290701 15.074033345448699 0.0 19.31325074437748 51.0 20.078431372549023 1.3834532845382594 0.9662471048660553 3.4864782878754865 0.0 25.306913250458557 179.0 5.720670391061458 1.699932186167027 1.2129516108062908 4.805157531375327 0.0 26.18867949772848 162.0 6.3209876543209775 4.623389552209654 4.626418050729 15.166946884958433 0.0 19.60975946760939 50.0 20.48 1.3543625168231732 0.9293573889602302 3.355582661291501 0.0 25.83830572633807 196.0 5.224489795918362 1.8421103650242912 1.3650215390062854 5.869339320126588 0.0 26.380185659086525 145.0 7.06206896551723 6.599812247510329 8.555497930014969 28.568402560419546 0.0 23.60727266036167 44.0 23.272727272727266 1.4685772678168236 1.0158776072768176 3.9592310638267834 0.0 25.16905258271956 175.0 5.851428571428562 1.4821718997126845 3.7743625924153417 41.78745222094094 0.0 29.348448643212514 638.0 1.6050156739811945 24.07319097332853 10.878977035411614 36.9901087825193 0.0 13.537096399266316 42.0 24.380952380952376 0.67316311656262 1.058939836325291 4.365364986724842 0.0 29.23826360004977 667.0 1.535232383808098 1.4169618569110516 3.4117222292526472 32.874741622928155 0.0 29.45164062088824 644.0 1.5900621118012397 26.413959054522664 9.991545507772553 41.631810312897706 0.0 9.48347659176922 38.0 26.947368421052634 0.6580914509313256 1.0264785295261905 3.5217069291965686 0.0 29.384316693613304 680.0 1.505882352941178 1.3946511866458113 3.502690858301952 45.01462284090048 0.0 29.345482224521774 641.0 1.5975039001560107 28.13662262744742 5.58675950686399 35.76295777937128 0.0 7.64368178375316 36.0 28.44444444444444 0.6977944404766012 1.0905571814145025 4.365364986724842 0.0 29.32950224089589 666.0 1.5375375375375404 1.5660053061317027 1.2361368650628577 4.6261065484396156 0.0 25.42503985422508 108.0 9.481481481481493 3.056263059684581 4.12259513383657 13.834661177334347 0.0 15.970947686880438 51.0 20.078431372549026 1.30558445343996 1.0508527413862767 6.775737214644976 0.0 26.079270106346385 133.0 7.6992481203007515 1.6477037383480386 1.2496329012039629 4.6261065484396156 0.0 26.595068675061555 114.0 8.98245614035086 3.215174161356519 4.115440220494991 13.241912419968985 0.0 16.309553926498698 49.0 20.89795918367347 1.3746937010268967 0.8777933276883769 3.332808309342373 0.0 26.19437408988673 134.0 7.641791044776109 1.544236907641107 1.3606220112866365 5.6352774948562505 0.0 27.74232229399516 123.0 8.32520325203253 3.8649473481133176 6.466106547867601 24.628416408678792 0.0 21.257994108536618 46.0 22.260869565217398 1.2651519050652293 1.0397684980159239 3.6016230121356916 0.0 26.79500097711096 140.0 7.314285714285729 
288.0005150327869 1.6258480581995793 1.2492658150804303 4.6261065484396156 0.0 25.962052321978746 108.0 9.481481481481493 3.056263059684581 4.12259513383657 13.834661177334347 0.0 15.970947686880438 51.0 20.078431372549026 1.3246991553798906 0.9281394053322238 3.4836138576524758 0.0 26.000875782667034 126.0 8.126984126984144 1.675684807448799 1.268256601312403 4.6261065484396156 0.0 26.69241224341236 111.0 9.225225225225216 3.215174161356519 4.115440220494991 13.241912419968985 0.0 16.309553926498698 49.0 20.89795918367347 1.3252965147402567 0.8995009275117887 3.332808309342373 0.0 26.55729446165846 139.0 7.366906474820135 1.704038215740774 1.3507282338190725 5.6352774948562505 0.0 27.65056136773435 110.0 9.309090909090905 3.8649473481133176 6.466106547867601 24.628416408678792 0.0 21.257994108536618 46.0 22.260869565217398 1.410342496680556 0.9965322428027106 3.6016230121356916 0.0 26.215785468000025 126.0 8.126984126984144 0.0 0.0 0.0 0.0 0.0 1.0 1024.0 0.0 0.0 0.0 0.0 0.0 37.0 27.675675675675677 0.0 0.0 0.0 0.0 0.0 1.0 1024.0 0.0 0.0 0.0 0.0 0.0 1.0 1024.0 0.0 0.0 0.0 0.0 0.0 37.0 27.675675675675677 0.0 0.0 0.0 0.0 0.0 1.0 1024.0 0.0 0.0 0.0 0.0 0.0 1.0 1024.0 0.0 0.0 0.0 0.0 0.0 37.0 27.675675675675677 0.0 0.0 0.0 0.0 0.0 1.0 1024.0 1.7876241961880475 1.2114410153453734 4.805157531375327 0.0 25.327292197881352 150.0 6.826666666666676 4.58106600659779 4.752829121290701 15.074033345448699 0.0 19.31325074437748 51.0 20.078431372549023 1.3834532845382594 0.9662471048660553 3.4864782878754865 0.0 25.306913250458557 179.0 5.720670391061458 1.699932186167027 1.2129516108062908 4.805157531375327 0.0 26.18867949772848 162.0 6.3209876543209775 4.623389552209654 4.626418050729 15.166946884958433 0.0 19.60975946760939 50.0 20.48 1.3543625168231732 0.9293573889602302 3.355582661291501 0.0 25.83830572633807 196.0 5.224489795918362 1.8421103650242912 1.3650215390062854 5.869339320126588 0.0 26.380185659086525 145.0 7.06206896551723 6.599812247510329 8.555497930014969 28.568402560419546 0.0 23.60727266036167 44.0 23.272727272727266 1.4685772678168236 1.0158776072768176 3.9592310638267834 0.0 25.16905258271956 175.0 5.851428571428562 1.4821718997126845 3.7743625924153417 41.78745222094094 0.0 29.348448643212514 638.0 1.6050156739811945 24.07319097332853 10.878977035411614 36.9901087825193 0.0 13.537096399266316 42.0 24.380952380952376 0.67316311656262 1.058939836325291 4.365364986724842 0.0 29.23826360004977 667.0 1.535232383808098 1.4169618569110516 3.4117222292526472 32.874741622928155 0.0 29.45164062088824 644.0 1.5900621118012397 26.413959054522664 9.991545507772553 41.631810312897706 0.0 9.48347659176922 38.0 26.947368421052634 0.6580914509313256 1.0264785295261905 3.5217069291965686 0.0 29.384316693613304 680.0 1.505882352941178 1.3946511866458113 3.502690858301952 45.01462284090048 0.0 29.345482224521774 641.0 1.5975039001560107 28.13662262744742 5.58675950686399 35.76295777937128 0.0 7.64368178375316 36.0 28.44444444444444 0.6977944404766012 1.0905571814145025 4.365364986724842 0.0 29.32950224089589 666.0 1.5375375375375404 1.5744878333952543 1.2390089837003027 4.6261065484396156 0.0 25.36286372675142 107.0 9.570093457943923 3.056263059684581 4.12259513383657 13.834661177334347 0.0 15.970947686880438 51.0 20.078431372549026 1.3289116370461815 1.0496922716294053 6.775737214644976 0.0 25.977866557941667 130.0 7.876923076923094 1.595710758503543 1.267426038404474 4.6261065484396156 0.0 26.716054991458556 117.0 8.752136752136739 3.215174161356519 4.115440220494991 13.241912419968985 0.0 16.309553926498698 49.0 20.89795918367347 1.3740688667231171 0.8781577678301774 3.332808309342373 0.0 26.194992481158568 134.0 7.641791044776109 1.6898630826231624 1.3277280530651194 5.6352774948562505 0.0 27.330635997408848 113.0 9.061946902654856 3.8649473481133176 6.466106547867601 24.628416408678792 0.0 21.257994108536618 46.0 22.260869565217398 1.3531739155265492 1.0164513751220163 3.6016230121356916 0.0 26.38411719103952 131.0 7.81679389312976 
289.0005150327869 1.625916707088254 1.2491717035585197 4.6261065484396156 0.0 25.961448718648427 108.0 9.481481481481493 3.056263059684581 4.12259513383657 13.834661177334347 0.0 15.970947686880438 51.0 20.078431372549026 1.3246991553798906 0.9281394053322238 3.4836138576524758 0.0 26.000875782667034 126.0 8.126984126984144 1.675684807448799 1.268256601312403 4.6261065484396156 0.0 26.69241224341236 111.0 9.225225225225216 3.215174161356519 4.115440220494991 13.241912419968985 0.0 16.309553926498698 49.0 20.89795918367347 1.3449562627697462 0.8912254676636715 3.332808309342373 0.0 26.426265797461742 137.0 7.474452554744532 1.704038215740774 1.3507282338190725 5.6352774948562505 0.0 27.65056136773435 110.0 9.309090909090905 3.8649473481133176 6.466106547867601 24.628416408678792 0.0 21.257994108536618 46.0 22.260869565217398 1.410342496680556 0.9965322428027106 3.6016230121356916 0.0 26.215785468000025 126.0 8.126984126984144 0.0 0.0 0.0 0.0 0.0 1.0 1024.0 0.0 0.0 0.0 0.0 0.0 37.0 27.675675675675677 0.0 0.0 0.0 0.0 0.0 1.0 1024.0 0.0 0.0 0.0 0.0 0.0 1.0 1024.0 0.0 0.0 0.0 0.0 0.0 37.0 27.675675675675677 0.0 0.0 0.0 0.0 0.0 1.0 1024.0 0.0 0.0 0.0 0.0 0.0 1.0 1024.0 0.0 0.0 0.0 0.0 0.0 37.0 27.675675675675677 0.0 0.0 0.0 0.0 0.0 1.0 1024.0 1.7876241961880475 1.2114410153453734 4.805157531375327 0.0 25.327292197881352 150.0 6.826666666666676 4.58106600659779 4.752829121290701 15.074033345448699 0.0 19.31325074437748 51.0 20.078431372549023 1.3834532845382594 0.9662471048660553 3.4864782878754865 0.0 25.306913250458557 179.0 5.720670391061458 1.699932186167027 1.2129516108062908 4.805157531375327 0.0 26.18867949772848 162.0 6.3209876543209775 4.623389552209654 4.626418050729 15.166946884958433 0.0 19.60975946760939 50.0 20.48 1.3543625168231732 0.9293573889602302 3.355582661291501 0.0 25.83830572633807 196.0 5.224489795918362 1.8421103650242912 1.3650215390062854 5.869339320126588 0.0 26.380185659086525 145.0 7.06206896551723 6.599812247510329 8.555497930014969 28.568402560419546 0.0 23.60727266036167 44.0 23.272727272727266 1.4685772678168236 1.0158776072768176 3.9592310638267834 0.0 25.16905258271956 175.0 5.851428571428562 1.4821718997126845 3.7743625924153417 41.78745222094094 0.0 29.348448643212514 638.0 1.6050156739811945 24.07319097332853 10.878977035411614 36.9901087825193 0.0 13.537096399266316 42.0 24.380952380952376 0.67316311656262 1.058939836325291 4.365364986724842 0.0 29.23826360004977 667.0 1.535232383808098 1.4169618569110516 3.4117222292526472 32.874741622928155 0.0 29.45164062088824 644.0 1.5900621118012397 26.413959054522664 9.991545507772553 41.631810312897706 0.0 9.48347659176922 38.0 26.947368421052634 0.6580914509313256 1.0264785295261905 3.5217069291965686 0.0 29.384316693613304 680.0 1.505882352941178 1.3946511866458113 3.502690858301952 45.01462284090048 0.0 29.345482224521774 641.0 1.5975039001560107 28.13662262744742 5.58675950686399 35.76295777937128 0.0 7.64368178375316 36.0 28.44444444444444 0.6977944404766012 1.0905571814145025 4.365364986724842 0.0 29.32950224089589 666.0 1.5375375375375404 1.5269902992164477 1.2531447962265727 4.6261065484396156 0.0 25.257510373294185 110.0 9.309090909090905 3.056263059684581 4.12259513383657 13.834661177334347 0.0 15.970947686880438 51.0 20.078431372549026 1.3586593331657508 1.0451777180595758 6.775737214644976 0.0 25.79845375109192 127.0 8.062992125984264 1.6278550977258903 1.2536973759168772 4.6261065484396156 0.0 26.551133445722602 115.0 8.904347826086951 3.215174161356519 4.115440220494991 13.241912419968985 0.0 16.309553926498698 49.0 20.89795918367347 1.363275826215755 0.8830961557574136 3.332808309342373 0.0 26.25911483900874 135.0 7.5851851851851775 1.7315653888815108 1.3205401777069874 5.6352774948562505 0.0 27.143865089535154 110.0 9.309090909090905 3.8649473481133176 6.466106547867601 24.628416408678792 0.0 21.257994108536618 46.0 22.260869565217398 1.369640485582726 1.0124840970064524 3.6016230121356916 0.0 26.231205734746304 129.0 7.937984496124019 
290.0005150327869 1.641357958196549 1.2446585024529597 4.6261065484396156 0.0 25.908226968610197 107.0 9.570093457943923 3.056263059684581 4.12259513383657 13.834661177334347 0.0 15.970947686880438 51.0 20.078431372549026 1.3246991553798906 0.9281394053322238 3.4836138576524758 0.0 26.000875782667034 126.0 8.126984126984144 1.675684807448799 1.268256601312403 4.6261065484396156 0.0 26.69241224341236 111.0 9.225225225225216 3.215174161356519 4.115440220494991 13.241912419968985 0.0 16.309553926498698 49.0 20.89795918367347 1.375553861390701 0.8773422396551526 3.332808309342373 0.0 26.205647408289714 134.0 7.641791044776109 1.704038215740774 1.3507282338190725 5.6352774948562505 0.0 27.65056136773435 110.0 9.309090909090905 3.8649473481133176 6.466106547867601 24.628416408678792 0.0 21.257994108536618 46.0 22.260869565217398 1.410342496680556 0.9965322428027106 3.6016230121356916 0.0 26.215785468000025 126.0 8.126984126984144 0.0 0.0 0.0 0.0 0.0 1.0 1024.0 0.0 0.0 0.0 0.0 0.0 37.0 27.675675675675677 0.0 0.0 0.0 0.0 0.0 1.0 1024.0 0.0 0.0 0.0 0.0 0.0 1.0 1024.0 0.0 0.0 0.0 0.0 0.0 37.0 27.675675675675677 0.0 0.0 0.0 0.0 0.0 1.0 1024.0 0.0 0.0 0.0 0.0 0.0 1.0 1024.0 0.0 0.0 0.0 0.0 0.0 37.0 27.675675675675677 0.0 0.0 0.0 0.0 0.0 1.0 1024.0 1.7876241961880475 1.2114410153453734 4.805157531375327 0.0 25.327292197881352 150.0 6.826666666666676 4.58106600659779 4.752829121290701 15.074033345448699 0.0 19.31325074437748 51.0 20.078431372549023 1.3834532845382594 0.9662471048660553 3.4864782878754865 0.0 25.306913250458557 179.0 5.720670391061458 1.699932186167027 1.2129516108062908 4.805157531375327 0.0 26.18867949772848 162.0 6.3209876543209775 4.623389552209654 4.626418050729 15.166946884958433 0.0 19.60975946760939 50.0 20.48 1.3543625168231732 0.9293573889602302 3.355582661291501 0.0 25.83830572633807 196.0 5.224489795918362 1.8421103650242912 1.3650215390062854 5.869339320126588 0.0 26.380185659086525 145.0 7.06206896551723 6.599812247510329 8.555497930014969 28.568402560419546 0.0 23.60727266036167 44.0 23.272727272727266 1.4685772678168236 1.0158776072768176 3.9592310638267834 0.0 25.16905258271956 175.0 5.851428571428562 1.4821718997126845 3.7743625924153417 41.78745222094094 0.0 29.348448643212514 638.0 1.6050156739811945 24.07319097332853 10.878977035411614 36.9901087825193 0.0 13.537096399266316 42.0 24.380952380952376 0.67316311656262 1.058939836325291 4.365364986724842 0.0 29.23826360004977 667.0 1.535232383808098 1.4169618569110516 3.4117222292526472 32.874741622928155 0.0 29.45164062088824 644.0 1.5900621118012397 26.413959054522664 9.991545507772553 41.631810312897706 0.0 9.48347659176922 38.0 26.947368421052634 0.6580914509313256 1.0264785295261905 3.5217069291965686 0.0 29.384316693613304 680.0 1.505882352941178 1.3946511866458113 3.502690858301952 45.01462284090048 0.0 29.345482224521774 641.0 1.5975039001560107 28.13662262744742 5.58675950686399 35.76295777937128 0.0 7.64368178375316 36.0 28.44444444444444 0.6977944404766012 1.0905571814145025 4.365364986724842 0.0 29.32950224089589 666.0 1.5375375375375404 1.4964949358977813 1.2554870151212358 4.6261065484396156 0.0 25.464872173785906 113.0 9.061946902654856 3.056263059684581 4.12259513383657 13.834661177334347 0.0 15.970947686880438 51.0 20.078431372549026 1.2933504572078285 1.065866175602548 6.775737214644976 0.0 26.04078335387385 132.0 7.757575757575764 1.6191374594895738 1.2570069034548614 4.6261065484396156 0.0 26.55881381369739 116.0 8.827586206896543 3.215174161356519 4.115440220494991 13.241912419968985 0.0 16.309553926498698 49.0 20.89795918367347 1.353570948014295 0.8871271125765797 3.332808309342373 0.0 26.320385156388348 136.0 7.5294117647058965 1.6555623594841185 1.3396202167756357 5.6352774948562505 0.0 27.461898995072396 115.0 8.904347826086951 3.8649473481133176 6.466106547867601 24.628416408678792 0.0 21.257994108536618 46.0 22.260869565217398 1.318427327727077 1.027039702657888 3.6016230121356916 0.0 26.58236873350832 134.0 7.641791044776107 
291.0005150327869 1.641357958196549 1.2446585024529597 4.6261065484396156 0.0 25.908226968610197 107.0 9.570093457943923 3.056263059684581 4.12259513383657 13.834661177334347 0.0 15.970947686880438 51.0 20.078431372549026 1.3246991553798906 0.9281394053322238 3.4836138576524758 0.0 26.000875782667034 126.0 8.126984126984144 1.675684807448799 1.268256601312403 4.6261065484396156 0.0 26.69241224341236 111.0 9.225225225225216 3.215174161356519 4.115440220494991 13.241912419968985 0.0 16.309553926498698 49.0 20.89795918367347 1.3856083820275635 0.8728564075015143 3.332808309342373 0.0 26.12139920520992 133.0 7.6992481203007515 1.704038215740774 1.3507282338190725 5.6352774948562505 0.0 27.65056136773435 110.0 9.309090909090905 3.8649473481133176 6.466106547867601 24.628416408678792 0.0 21.257994108536618 46.0 22.260869565217398 1.410342496680556 0.9965322428027106 3.6016230121356916 0.0 26.215785468000025 126.0 8.126984126984144 0.0 0.0 0.0 0.0 0.0 1.0 1024.0 0.0 0.0 0.0 0.0 0.0 37.0 27.675675675675677 0.0 0.0 0.0 0.0 0.0 1.0 1024.0 0.0 0.0 0.0 0.0 0.0 1.0 1024.0 0.0 0.0 0.0 0.0 0.0 37.0 27.675675675675677 0.0 0.0 0.0 0.0 0.0 1.0 1024.0 0.0 0.0 0.0 0.0 0.0 1.0 1024.0 0.0 0.0 0.0 0.0 0.0 37.0 27.675675675675677 0.0 0.0 0.0 0.0 0.0 1.0 1024.0 1.7876241961880475 1.2114410153453734 4.805157531375327 0.0 25.327292197881352 150.0 6.826666666666676 4.58106600659779 4.752829121290701 15.074033345448699 0.0 19.31325074437748 51.0 20.078431372549023 1.3834532845382594 0.9662471048660553 3.4864782878754865 0.0 25.306913250458557 179.0 5.720670391061458 1.699932186167027 1.2129516108062908 4.805157531375327 0.0 26.18867949772848 162.0 6.3209876543209775 4.623389552209654 4.626418050729 15.166946884958433 0.0 19.60975946760939 50.0 20.48 1.3543625168231732 0.9293573889602302 3.355582661291501 0.0 25.83830572633807 196.0 5.224489795918362 1.8421103650242912 1.3650215390062854 5.869339320126588 0.0 26.380185659086525 145.0 7.06206896551723 6.599812247510329 8.555497930014969 28.568402560419546 0.0 23.60727266036167 44.0 23.272727272727266 1.4685772678168236 1.0158776072768176 3.9592310638267834 0.0 25.16905258271956 175.0 5.851428571428562 1.4821718997126845 3.7743625924153417 41.78745222094094 0.0 29.348448643212514 638.0 1.6050156739811945 24.07319097332853 10.878977035411614 36.9901087825193 0.0 13.537096399266316 42.0 24.380952380952376 0.67316311656262 1.058939836325291 4.365364986724842 0.0 29.23826360004977 667.0 1.535232383808098 1.4169618569110516 3.4117222292526472 32.874741622928155 0.0 29.45164062088824 644.0 1.5900621118012397 26.413959054522664 9.991545507772553 41.631810312897706 0.0 9.48347659176922 38.0 26.947368421052634 0.6580914509313256 1.0264785295261905 3.5217069291965686 0.0 29.384316693613304 680.0 1.505882352941178 1.3946511866458113 3.502690858301952 45.01462284090048 0.0 29.345482224521774 641.0 1.5975039001560107 28.13662262744742 5.58675950686399 35.76295777937128 0.0 7.64368178375316 36.0 28.44444444444444 0.6977944404766012 1.0905571814145025 4.365364986724842 0.0 29.32950224089589 666.0 1.5375375375375404 1.5658527183537636 1.2279056133493083 4.6261065484396156 0.0 25.463071824665878 110.0 9.309090909090905 3.056263059684581 4.12259513383657 13.834661177334347 0.0 15.970947686880438 51.0 20.078431372549026 1.307831470343535 1.0530152199256981 6.775737214644976 0.0 26.05839785692762 132.0 7.757575757575764 1.6587122232920934 1.24395996486391 4.6261065484396156 0.0 26.561050567819734 113.0 9.061946902654856 3.215174161356519 4.115440220494991 13.241912419968985 0.0 16.309553926498698 49.0 20.89795918367347 1.3538333673088554 0.8868705944665283 3.332808309342373 0.0 26.319584497316914 136.0 7.5294117647058965 1.5879506604241111 1.3511270552233192 5.6352774948562505 0.0 27.687851789538268 120.0 8.533333333333317 3.8649473481133176 6.466106547867601 24.628416408678792 0.0 21.257994108536618 46.0 22.260869565217398 1.2630744674646412 1.038462152023333 3.6016230121356916 0.0 26.901853264007997 140.0 7.31428571428573 
292.0005150327869 1.641357958196549 1.2446585024529597 4.6261065484396156 0.0 25.908226968610197 107.0 9.570093457943923 3.056263059684581 4.12259513383657 13.834661177334347 0.0 15.970947686880438 51.0 20.078431372549026 1.3246991553798906 0.9281394053322238 3.4836138576524758 0.0 26.000875782667034 126.0 8.126984126984144 1.675684807448799 1.268256601312403 4.6261065484396156 0.0 26.69241224341236 111.0 9.225225225225216 3.215174161356519 4.115440220494991 13.241912419968985 0.0 16.309553926498698 49.0 20.89795918367347 1.3834591525988875 0.8746406494893674 3.332808309342373 0.0 26.118119880814813 133.0 7.6992481203007515 1.704038215740774 1.3507282338190725 5.6352774948562505 0.0 27.65056136773435 110.0 9.309090909090905 3.8649473481133176 6.466106547867601 24.628416408678792 0.0 21.257994108536618 46.0 22.260869565217398 1.410342496680556 0.9965322428027106 3.6016230121356916 0.0 26.215785468000025 126.0 8.126984126984144 0.0 0.0 0.0 0.0 0.0 1.0 1024.0 0.0 0.0 0.0 0.0 0.0 37.0 27.675675675675677 0.0 0.0 0.0 0.0 0.0 1.0 1024.0 0.0 0.0 0.0 0.0 0.0 1.0 1024.0 0.0 0.0 0.0 0.0 0.0 37.0 27.675675675675677 0.0 0.0 0.0 0.0 0.0 1.0 1024.0 0.0 0.0 0.0 0.0 0.0 1.0 1024.0 0.0 0.0 0.0 0.0 0.0 37.0 27.675675675675677 0.0 0.0 0.0 0.0 0.0 1.0 1024.0 1.7876241961880475 1.2114410153453734 4.805157531375327 0.0 25.327292197881352 150.0 6.826666666666676 4.58106600659779 4.752829121290701 15.074033345448699 0.0 19.31325074437748 51.0 20.078431372549023 1.3834532845382594 0.9662471048660553 3.4864782878754865 0.0 25.306913250458557 179.0 5.720670391061458 1.699932186167027 1.2129516108062908 4.805157531375327 0.0 26.18867949772848 162.0 6.3209876543209775 4.623389552209654 4.626418050729 15.166946884958433 0.0 19.60975946760939 50.0 20.48 1.3543625168231732 0.9293573889602302 3.355582661291501 0.0 25.83830572633807 196.0 5.224489795918362 1.8421103650242912 1.3650215390062854 5.869339320126588 0.0 26.380185659086525 145.0 7.06206896551723 6.599812247510329 8.555497930014969 28.568402560419546 0.0 23.60727266036167 44.0 23.272727272727266 1.4685772678168236 1.0158776072768176 3.9592310638267834 0.0 25.16905258271956 175.0 5.851428571428562 1.4821718997126845 3.7743625924153417 41.78745222094094 0.0 29.348448643212514 638.0 1.6050156739811945 24.07319097332853 10.878977035411614 36.9901087825193 0.0 13.537096399266316 42.0 24.380952380952376 0.67316311656262 1.058939836325291 4.365364986724842 0.0 29.23826360004977 667.0 1.535232383808098 1.4169618569110516 3.4117222292526472 32.874741622928155 0.0 29.45164062088824 644.0 1.5900621118012397 26.413959054522664 9.991545507772553 41.631810312897706 0.0 9.48347659176922 38.0 26.947368421052634 0.6580914509313256 1.0264785295261905 3.5217069291965686 0.0 29.384316693613304 680.0 1.505882352941178 1.3946511866458113 3.502690858301952 45.01462284090048 0.0 29.345482224521774 641.0 1.5975039001560107 28.13662262744742 5.58675950686399 35.76295777937128 0.0 7.64368178375316 36.0 28.44444444444444 0.6977944404766012 1.0905571814145025 4.365364986724842 0.0 29.32950224089589 666.0 1.5375375375375404 1.5444734597127399 1.2400796982121234 4.6261065484396156 0.0 25.35827823074345 111.0 9.225225225225214 3.056263059684581 4.12259513383657 13.834661177334347 0.0 15.970947686880438 51.0 20.078431372549026 1.331452143336171 1.051855489238017 6.775737214644976 0.0 25.944861572597937 129.0 7.937984496124019 1.6850109004370462 1.2420647449059672 4.6261065484396156 0.0 26.58553245978478 113.0 9.061946902654856 3.215174161356519 4.115440220494991 13.241912419968985 0.0 16.309553926498698 49.0 20.89795918367347 1.3545589749441913 0.8866555283416249 3.332808309342373 0.0 26.31948405512361 136.0 7.529411764705896 1.703262614014127 1.3252792569392875 5.6352774948562505 0.0 27.290836603908804 112.0 9.142857142857128 3.8649473481133176 6.466106547867601 24.628416408678792 0.0 21.257994108536618 46.0 22.260869565217398 1.3431587299545065 1.0162642438496061 3.6016230121356916 0.0 26.46279970958068 132.0 7.757575757575764 
293.0005150327869 1.6261380605008129 1.2488779579079892 4.6261065484396156 0.0 25.960658573162 108.0 9.481481481481492 3.056263059684581 4.12259513383657 13.834661177334347 0.0 15.970947686880438 51.0 20.078431372549026 1.3246991553798906 0.9281394053322238 3.4836138576524758 0.0 26.000875782667034 126.0 8.126984126984144 1.675684807448799 1.268256601312403 4.6261065484396156 0.0 26.69241224341236 111.0 9.225225225225216 3.215174161356519 4.115440220494991 13.241912419968985 0.0 16.309553926498698 49.0 20.89795918367347 1.3834591525988875 0.8746406494893674 3.332808309342373 0.0 26.118119880814813 133.0 7.6992481203007515 1.704038215740774 1.3507282338190725 5.6352774948562505 0.0 27.65056136773435 110.0 9.309090909090905 3.8649473481133176 6.466106547867601 24.628416408678792 0.0 21.257994108536618 46.0 22.260869565217398 1.410342496680556 0.9965322428027106 3.6016230121356916 0.0 26.215785468000025 126.0 8.126984126984144 0.0 0.0 0.0 0.0 0.0 1.0 1024.0 0.0 0.0 0.0 0.0 0.0 37.0 27.675675675675677 0.0 0.0 0.0 0.0 0.0 1.0 1024.0 0.0 0.0 0.0 0.0 0.0 1.0 1024.0 0.0 0.0 0.0 0.0 0.0 37.0 27.675675675675677 0.0 0.0 0.0 0.0 0.0 1.0 1024.0 0.0 0.0 0.0 0.0 0.0 1.0 1024.0 0.0 0.0 0.0 0.0 0.0 37.0 27.675675675675677 0.0 0.0 0.0 0.0 0.0 1.0 1024.0 1.7876241961880475 1.2114410153453734 4.805157531375327 0.0 25.327292197881352 150.0 6.826666666666676 4.58106600659779 4.752829121290701 15.074033345448699 0.0 19.31325074437748 51.0 20.078431372549023 1.3834532845382594 0.9662471048660553 3.4864782878754865 0.0 25.306913250458557 179.0 5.720670391061458 1.699932186167027 1.2129516108062908 4.805157531375327 0.0 26.18867949772848 162.0 6.3209876543209775 4.623389552209654 4.626418050729 15.166946884958433 0.0 19.60975946760939 50.0 20.48 1.3543625168231732 0.9293573889602302 3.355582661291501 0.0 25.83830572633807 196.0 5.224489795918362 1.8421103650242912 1.3650215390062854 5.869339320126588 0.0 26.380185659086525 145.0 7.06206896551723 6.599812247510329 8.555497930014969 28.568402560419546 0.0 23.60727266036167 44.0 23.272727272727266 1.4685772678168236 1.0158776072768176 3.9592310638267834 0.0 25.16905258271956 175.0 5.851428571428562 1.4821718997126845 3.7743625924153417 41.78745222094094 0.0 29.348448643212514 638.0 1.6050156739811945 24.07319097332853 10.878977035411614 36.9901087825193 0.0 13.537096399266316 42.0 24.380952380952376 0.67316311656262 1.058939836325291 4.365364986724842 0.0 29.23826360004977 667.0 1.535232383808098 1.4169618569110516 3.4117222292526472 32.874741622928155 0.0 29.45164062088824 644.0 1.5900621118012397 26.413959054522664 9.991545507772553 41.631810312897706 0.0 9.48347659176922 38.0 26.947368421052634 0.6580914509313256 1.0264785295261905 3.5217069291965686 0.0 29.384316693613304 680.0 1.505882352941178 1.3946511866458113 3.502690858301952 45.01462284090048 0.0 29.345482224521774 641.0 1.5975039001560107 28.13662262744742 5.58675950686399 35.76295777937128 0.0 7.64368178375316 36.0 28.44444444444444 0.6977944404766012 1.0905571814145025 4.365364986724842 0.0 29.32950224089589 666.0 1.5375375375375404 1.544381443075461 1.2454773870861993 4.6261065484396156 0.0 25.299867340573485 110.0 9.309090909090905 3.056263059684581 4.12259513383657 13.834661177334347 0.0 15.970947686880438 51.0 20.078431372549026 1.3613573990879555 1.047295989142622 6.775737214644976 0.0 25.75472190002734 126.0 8.126984126984144 1.6987128995771583 1.2372215294221613 4.6261065484396156 0.0 26.51850462117657 112.0 9.14285714285713 3.215174161356519 4.115440220494991 13.241912419968985 0.0 16.309553926498698 49.0 20.89795918367347 1.3548590716625262 0.8865950529554737 3.332808309342373 0.0 26.319324911555015 136.0 7.529411764705896 1.7156248836629868 1.3249359188460728 5.6352774948562505 0.0 27.205476433355344 111.0 9.225225225225214 3.8649473481133176 6.466106547867601 24.628416408678792 0.0 21.257994108536618 46.0 22.260869565217398 1.3504833477323805 1.0172199769155967 3.6016230121356916 0.0 26.36098078142463 131.0 7.81679389312976 
294.0005150327869 1.6261380605008129 1.2488779579079892 4.6261065484396156 0.0 25.960658573162 108.0 9.481481481481492 3.056263059684581 4.12259513383657 13.834661177334347 0.0 15.970947686880438 51.0 20.078431372549026 1.3246991553798906 0.9281394053322238 3.4836138576524758 0.0 26.000875782667034 126.0 8.126984126984144 1.675684807448799 1.268256601312403 4.6261065484396156 0.0 26.69241224341236 111.0 9.225225225225216 3.215174161356519 4.115440220494991 13.241912419968985 0.0 16.309553926498698 49.0 20.89795918367347 1.3834591525988875 0.8746406494893674 3.332808309342373 0.0 26.118119880814813 133.0 7.6992481203007515 1.704038215740774 1.3507282338190725 5.6352774948562505 0.0 27.65056136773435 110.0 9.309090909090905 3.8649473481133176 6.466106547867601 24.628416408678792 0.0 21.257994108536618 46.0 22.260869565217398 1.410342496680556 0.9965322428027106 3.6016230121356916 0.0 26.215785468000025 126.0 8.126984126984144 0.0 0.0 0.0 0.0 0.0 1.0 1024.0 0.0 0.0 0.0 0.0 0.0 37.0 27.675675675675677 0.0 0.0 0.0 0.0 0.0 1.0 1024.0 0.0 0.0 0.0 0.0 0.0 1.0 1024.0 0.0 0.0 0.0 0.0 0.0 37.0 27.675675675675677 0.0 0.0 0.0 0.0 0.0 1.0 1024.0 0.0 0.0 0.0 0.0 0.0 1.0 1024.0 0.0 0.0 0.0 0.0 0.0 37.0 27.675675675675677 0.0 0.0 0.0 0.0 0.0 1.0 1024.0 1.7876241961880475 1.2114410153453734 4.805157531375327 0.0 25.327292197881352 150.0 6.826666666666676 4.58106600659779 4.752829121290701 15.074033345448699 0.0 19.31325074437748 51.0 20.078431372549023 1.3834532845382594 0.9662471048660553 3.4864782878754865 0.0 25.306913250458557 179.0 5.720670391061458 1.699932186167027 1.2129516108062908 4.805157531375327 0.0 26.18867949772848 162.0 6.3209876543209775 4.623389552209654 4.626418050729 15.166946884958433 0.0 19.60975946760939 50.0 20.48 1.3474358792591052 0.9320508194400127 3.355582661291501 0.0 25.90425269448704 197.0 5.197969543147213 1.8421103650242912 1.3650215390062854 5.869339320126588 0.0 26.380185659086525 145.0 7.06206896551723 6.599812247510329 8.555497930014969 28.568402560419546 0.0 23.60727266036167 44.0 23.272727272727266 1.4685772678168236 1.0158776072768176 3.9592310638267834 0.0 25.16905258271956 175.0 5.851428571428562 1.4821718997126845 3.7743625924153417 41.78745222094094 0.0 29.348448643212514 638.0 1.6050156739811945 24.07319097332853 10.878977035411614 36.9901087825193 0.0 13.537096399266316 42.0 24.380952380952376 0.67316311656262 1.058939836325291 4.365364986724842 0.0 29.23826360004977 667.0 1.535232383808098 1.4169618569110516 3.4117222292526472 32.874741622928155 0.0 29.45164062088824 644.0 1.5900621118012397 26.413959054522664 9.991545507772553 41.631810312897706 0.0 9.48347659176922 38.0 26.947368421052634 0.6580914509313256 1.0264785295261905 3.5217069291965686 0.0 29.384316693613304 680.0 1.505882352941178 1.3946511866458113 3.502690858301952 45.01462284090048 0.0 29.345482224521774 641.0 1.5975039001560107 28.13662262744742 5.58675950686399 35.76295777937128 0.0 7.64368178375316 36.0 28.44444444444444 0.6977944404766012 1.0905571814145025 4.365364986724842 0.0 29.32950224089589 666.0 1.5375375375375404 1.5267497037431095 1.2524239013574945 4.6261065484396156 0.0 25.50020346505328 111.0 9.225225225225214 3.056263059684581 4.12259513383657 13.834661177334347 0.0 15.970947686880438 51.0 20.078431372549026 1.291918075456797 1.0648665210597745 6.775737214644976 0.0 26.044908641873462 132.0 7.757575757575764 1.6930224519348853 1.2396887738593731 4.6261065484396156 0.0 26.559811994559247 112.0 9.14285714285713 3.215174161356519 4.115440220494991 13.241912419968985 0.0 16.309553926498698 49.0 20.89795918367347 1.355382601246675 0.886526738053581 3.332808309342373 0.0 26.318905589181963 136.0 7.529411764705895 1.6560275141878495 1.3393026588558739 5.6352774948562505 0.0 27.446094177971517 115.0 8.904347826086951 3.8649473481133176 6.466106547867601 24.628416408678792 0.0 21.257994108536618 46.0 22.260869565217398 1.3324452374407902 1.0209404348090285 3.6016230121356916 0.0 26.53997180301315 133.0 7.6992481203007515 
295.0005150327869 1.64156484823999 1.2443773721785483 4.6261065484396156 0.0 25.907902842456807 107.0 9.570093457943923 3.056263059684581 4.12259513383657 13.834661177334347 0.0 15.970947686880438 51.0 20.078431372549026 1.3246991553798906 0.9281394053322238 3.4836138576524758 0.0 26.000875782667034 126.0 8.126984126984144 1.675684807448799 1.268256601312403 4.6261065484396156 0.0 26.69241224341236 111.0 9.225225225225216 3.215174161356519 4.115440220494991 13.241912419968985 0.0 16.309553926498698 49.0 20.89795918367347 1.3834591525988875 0.8746406494893674 3.332808309342373 0.0 26.118119880814813 133.0 7.6992481203007515 1.7040229184453872 1.350737349474202 5.6352774948562505 0.0 27.6506377012505 110.0 9.309090909090905 3.8649473481133176 6.466106547867601 24.628416408678792 0.0 21.257994108536618 46.0 22.260869565217398 1.410342496680556 0.9965322428027106 3.6016230121356916 0.0 26.215785468000025 126.0 8.126984126984144 0.0 0.0 0.0 0.0 0.0 1.0 1024.0 0.0 0.0 0.0 0.0 0.0 37.0 27.675675675675677 0.0 0.0 0.0 0.0 0.0 1.0 1024.0 0.0 0.0 0.0 0.0 0.0 1.0 1024.0 0.0 0.0 0.0 0.0 0.0 37.0 27.675675675675677 0.0 0.0 0.0 0.0 0.0 1.0 1024.0 0.0 0.0 0.0 0.0 0.0 1.0 1024.0 0.0 0.0 0.0 0.0 0.0 37.0 27.675675675675677 0.0 0.0 0.0 0.0 0.0 1.0 1024.0 1.7876241961880475 1.2114410153453734 4.805157531375327 0.0 25.327292197881352 150.0 6.826666666666676 4.58106600659779 4.752829121290701 15.074033345448699 0.0 19.31325074437748 51.0 20.078431372549023 1.3834532845382594 0.9662471048660553 3.4864782878754865 0.0 25.306913250458557 179.0 5.720670391061458 1.699932186167027 1.2129516108062908 4.805157531375327 0.0 26.18867949772848 162.0 6.3209876543209775 4.623389552209654 4.626418050729 15.166946884958433 0.0 19.60975946760939 50.0 20.48 1.3474358792591052 0.9320508194400127 3.355582661291501 0.0 25.90425269448704 197.0 5.197969543147213 1.8421103650242912 1.3650215390062854 5.869339320126588 0.0 26.380185659086525 145.0 7.06206896551723 6.599812247510329 8.555497930014969 28.568402560419546 0.0 23.60727266036167 44.0 23.272727272727266 1.4685772678168236 1.0158776072768176 3.9592310638267834 0.0 25.16905258271956 175.0 5.851428571428562 1.4821718997126845 3.7743625924153417 41.78745222094094 0.0 29.348448643212514 638.0 1.6050156739811945 24.07319097332853 10.878977035411614 36.9901087825193 0.0 13.537096399266316 42.0 24.380952380952376 0.67316311656262 1.058939836325291 4.365364986724842 0.0 29.23826360004977 667.0 1.535232383808098 1.4169618569110516 3.4117222292526472 32.874741622928155 0.0 29.45164062088824 644.0 1.5900621118012397 26.413959054522664 9.991545507772553 41.631810312897706 0.0 9.48347659176922 38.0 26.947368421052634 0.6580914509313256 1.0264785295261905 3.5217069291965686 0.0 29.384316693613304 680.0 1.505882352941178 1.3946511866458113 3.502690858301952 45.01462284090048 0.0 29.345482224521774 641.0 1.5975039001560107 28.13662262744742 5.58675950686399 35.76295777937128 0.0 7.64368178375316 36.0 28.44444444444444 0.6977944404766012 1.0905571814145025 4.365364986724842 0.0 29.32950224089589 666.0 1.5375375375375404 1.5846601400695501 1.2308458863449707 4.6261065484396156 0.0 25.42889845298008 108.0 9.481481481481493 3.056263059684581 4.12259513383657 13.834661177334347 0.0 15.970947686880438 51.0 20.078431372549026 1.2946425609403471 1.054278952656976 6.775737214644976 0.0 26.083968793774655 133.0 7.6992481203007515 1.6704311169411086 1.247991616817342 4.6261065484396156 0.0 26.56605173966883 113.0 9.061946902654856 3.215174161356519 4.115440220494991 13.241912419968985 0.0 16.309553926498698 49.0 20.89795918367347 1.355787704807728 0.8865047754587283 3.332808309342373 0.0 26.318452305443852 136.0 7.529411764705895 1.6024818206652984 1.348181906975987 5.6352774948562505 0.0 27.64976545868992 119.0 8.605042016806706 3.8649473481133176 6.466106547867601 24.628416408678792 0.0 21.257994108536618 46.0 22.260869565217398 1.2831365872420522 1.0336250177404265 3.6016230121356916 0.0 26.824706456304302 138.0 7.420289855072478 
296.0005150327869 1.641530256736113 1.2444205456119581 4.6261065484396156 0.0 25.90832378805991 107.0 9.570093457943923 3.056263059684581 4.12259513383657 13.834661177334347 0.0 15.970947686880438 51.0 20.078431372549026 1.3246991553798906 0.9281394053322238 3.4836138576524758 0.0 26.000875782667034 126.0 8.126984126984144 1.675684807448799 1.268256601312403 4.6261065484396156 0.0 26.69241224341236 111.0 9.225225225225216 3.215174161356519 4.115440220494991 13.241912419968985 0.0 16.309553926498698 49.0 20.89795918367347 1.3834591525988875 0.8746406494893674 3.332808309342373 0.0 26.118119880814813 133.0 7.6992481203007515 1.7040229184453872 1.350737349474202 5.6352774948562505 0.0 27.6506377012505 110.0 9.309090909090905 3.8649473481133176 6.466106547867601 24.628416408678792 0.0 21.257994108536618 46.0 22.260869565217398 1.410342496680556 0.9965322428027106 3.6016230121356916 0.0 26.215785468000025 126.0 8.126984126984144 0.0 0.0 0.0 0.0 0.0 1.0 1024.0 0.0 0.0 0.0 0.0 0.0 37.0 27.675675675675677 0.0 0.0 0.0 0.0 0.0 1.0 1024.0 0.0 0.0 0.0 0.0 0.0 1.0 1024.0 0.0 0.0 0.0 0.0 0.0 37.0 27.675675675675677 0.0 0.0 0.0 0.0 0.0 1.0 1024.0 0.0 0.0 0.0 0.0 0.0 1.0 1024.0 0.0 0.0 0.0 0.0 0.0 37.0 27.675675675675677 0.0 0.0 0.0 0.0 0.0 1.0 1024.0 1.7876241961880475 1.2114410153453734 4.805157531375327 0.0 25.327292197881352 150.0 6.826666666666676 4.58106600659779 4.752829121290701 15.074033345448699 0.0 19.31325074437748 51.0 20.078431372549023 1.3834532845382594 0.9662471048660553 3.4864782878754865 0.0 25.306913250458557 179.0 5.720670391061458 1.699932186167027 1.2129516108062908 4.805157531375327 0.0 26.18867949772848 162.0 6.3209876543209775 4.623389552209654 4.626418050729 15.166946884958433 0.0 19.60975946760939 50.0 20.48 1.3405193346852282 0.9347275027107 3.355582661291501 0.0 25.966561310284686 198.0 5.171717171717171 1.8421103650242912 1.3650215390062854 5.869339320126588 0.0 26.380185659086525 145.0 7.06206896551723 6.599812247510329 8.555497930014969 28.568402560419546 0.0 23.60727266036167 44.0 23.272727272727266 1.4685772678168236 1.0158776072768176 3.9592310638267834 0.0 25.16905258271956 175.0 5.851428571428562 1.4821718997126845 3.7743625924153417 41.78745222094094 0.0 29.348448643212514 638.0 1.6050156739811945 24.07319097332853 10.878977035411614 36.9901087825193 0.0 13.537096399266316 42.0 24.380952380952376 0.67316311656262 1.058939836325291 4.365364986724842 0.0 29.23826360004977 667.0 1.535232383808098 1.4169618569110516 3.4117222292526472 32.874741622928155 0.0 29.45164062088824 644.0 1.5900621118012397 26.413959054522664 9.991545507772553 41.631810312897706 0.0 9.48347659176922 38.0 26.947368421052634 0.6580914509313256 1.0264785295261905 3.5217069291965686 0.0 29.384316693613304 680.0 1.505882352941178 1.3946511866458113 3.502690858301952 45.01462284090048 0.0 29.345482224521774 641.0 1.5975039001560107 28.13662262744742 5.58675950686399 35.76295777937128 0.0 7.64368178375316 36.0 28.44444444444444 0.6977944404766012 1.0905571814145025 4.365364986724842 0.0 29.32950224089589 666.0 1.5375375375375404 1.593877451250894 1.2373811923068558 4.6261065484396156 0.0 25.373840666958515 107.0 9.570093457943923 3.056263059684581 4.12259513383657 13.834661177334347 0.0 15.970947686880438 51.0 20.078431372549026 1.3193590445670773 1.0538575289923406 6.775737214644976 0.0 25.97610853071064 130.0 7.876923076923094 1.7015713856502228 1.2378148096799966 4.6261065484396156 0.0 26.5220225147755 111.0 9.225225225225214 3.215174161356519 4.115440220494991 13.241912419968985 0.0 16.309553926498698 49.0 20.89795918367347 1.358296725866629 0.8869771939061322 3.332808309342373 0.0 26.312301568419613 136.0 7.529411764705895 1.719935878170583 1.3203555114677015 5.6352774948562505 0.0 27.22195477689699 111.0 9.225225225225214 3.8649473481133176 6.466106547867601 24.628416408678792 0.0 21.257994108536618 46.0 22.260869565217398 1.3636565988935456 1.0110700398958083 3.6016230121356916 0.0 26.332122018433367 130.0 7.876923076923094 
297.0005150327869 1.649472692567943 1.2475641140514895 4.6261065484396156 0.0 25.856858705778123 106.0 9.660377358490567 3.056263059684581 4.12259513383657 13.834661177334347 0.0 15.970947686880438 51.0 20.078431372549026 1.3246991553798906 0.9281394053322238 3.4836138576524758 0.0 26.000875782667034 126.0 8.126984126984144 1.675684807448799 1.268256601312403 4.6261065484396156 0.0 26.69241224341236 111.0 9.225225225225216 3.215174161356519 4.115440220494991 13.241912419968985 0.0 16.309553926498698 49.0 20.89795918367347 1.3834591525988875 0.8746406494893674 3.332808309342373 0.0 26.118119880814813 133.0 7.6992481203007515 1.7040229184453872 1.350737349474202 5.6352774948562505 0.0 27.6506377012505 110.0 9.309090909090905 3.8649473481133176 6.466106547867601 24.628416408678792 0.0 21.257994108536618 46.0 22.260869565217398 1.410342496680556 0.9965322428027106 3.6016230121356916 0.0 26.215785468000025 126.0 8.126984126984144 0.0 0.0 0.0 0.0 0.0 1.0 1024.0 0.0 0.0 0.0 0.0 0.0 37.0 27.675675675675677 0.0 0.0 0.0 0.0 0.0 1.0 1024.0 0.0 0.0 0.0 0.0 0.0 1.0 1024.0 0.0 0.0 0.0 0.0 0.0 37.0 27.675675675675677 0.0 0.0 0.0 0.0 0.0 1.0 1024.0 0.0 0.0 0.0 0.0 0.0 1.0 1024.0 0.0 0.0 0.0 0.0 0.0 37.0 27.675675675675677 0.0 0.0 0.0 0.0 0.0 1.0 1024.0 1.7876241961880475 1.2114410153453734 4.805157531375327 0.0 25.327292197881352 150.0 6.826666666666676 4.58106600659779 4.752829121290701 15.074033345448699 0.0 19.31325074437748 51.0 20.078431372549023 1.3834532845382594 0.9662471048660553 3.4864782878754865 0.0 25.306913250458557 179.0 5.720670391061458 1.699932186167027 1.2129516108062908 4.805157531375327 0.0 26.18867949772848 162.0 6.3209876543209775 4.623389552209654 4.626418050729 15.166946884958433 0.0 19.60975946760939 50.0 20.48 1.3405193346852282 0.9347275027107 3.355582661291501 0.0 25.966561310284686 198.0 5.171717171717171 1.8421103650242912 1.3650215390062854 5.869339320126588 0.0 26.380185659086525 145.0 7.06206896551723 6.599812247510329 8.555497930014969 28.568402560419546 0.0 23.60727266036167 44.0 23.272727272727266 1.4685772678168236 1.0158776072768176 3.9592310638267834 0.0 25.16905258271956 175.0 5.851428571428562 1.4821718997126845 3.7743625924153417 41.78745222094094 0.0 29.348448643212514 638.0 1.6050156739811945 24.07319097332853 10.878977035411614 36.9901087825193 0.0 13.537096399266316 42.0 24.380952380952376 0.67316311656262 1.058939836325291 4.365364986724842 0.0 29.23826360004977 667.0 1.535232383808098 1.4169618569110516 3.4117222292526472 32.874741622928155 0.0 29.45164062088824 644.0 1.5900621118012397 26.413959054522664 9.991545507772553 41.631810312897706 0.0 9.48347659176922 38.0 26.947368421052634 0.6580914509313256 1.0264785295261905 3.5217069291965686 0.0 29.384316693613304 680.0 1.505882352941178 1.3946511866458113 3.502690858301952 45.01462284090048 0.0 29.345482224521774 641.0 1.5975039001560107 28.13662262744742 5.58675950686399 35.76295777937128 0.0 7.64368178375316 36.0 28.44444444444444 0.6977944404766012 1.0905571814145025 4.365364986724842 0.0 29.32950224089589 666.0 1.5375375375375404 1.6095803152380932 1.2327789853466125 4.6261065484396156 0.0 25.28856771603519 106.0 9.660377358490567 3.056263059684581 4.12259513383657 13.834661177334347 0.0 15.970947686880438 51.0 20.078431372549026 1.3488747827811605 1.0501962962851072 6.775737214644976 0.0 25.79616525424433 127.0 8.062992125984264 1.685456426799875 1.2432566435736074 4.6261065484396156 0.0 26.57517596427168 112.0 9.14285714285713 3.215174161356519 4.115440220494991 13.241912419968985 0.0 16.309553926498698 49.0 20.89795918367347 1.3694197954675018 0.8829878969951774 3.332808309342373 0.0 26.244949971880462 135.0 7.5851851851851775 1.7482133227012033 1.3154675142189298 5.6352774948562505 0.0 27.065468249763892 109.0 9.394495412844037 3.8649473481133176 6.466106547867601 24.628416408678792 0.0 21.257994108536618 46.0 22.260869565217398 1.37158534823766 1.011166804700707 3.6016230121356916 0.0 26.238211439114032 129.0 7.937984496124019 
298.0005150327869 1.6650495783572339 1.2430636579167091 4.6261065484396156 0.0 25.799015023095887 105.0 9.752380952380944 3.056263059684581 4.12259513383657 13.834661177334347 0.0 15.970947686880438 51.0 20.078431372549026 1.3246991553798906 0.9281394053322238 3.4836138576524758 0.0 26.000875782667034 126.0 8.126984126984144 1.6756800169424264 1.2682519746735523 4.6261065484396156 0.0 26.69250067264566 111.0 9.225225225225216 3.215174161356519 4.115440220494991 13.241912419968985 0.0 16.309553926498698 49.0 20.89795918367347 1.3834591525988875 0.8746406494893674 3.332808309342373 0.0 26.118119880814813 133.0 7.6992481203007515 1.7040229184453872 1.350737349474202 5.6352774948562505 0.0 27.6506377012505 110.0 9.309090909090905 3.8649473481133176 6.466106547867601 24.628416408678792 0.0 21.257994108536618 46.0 22.260869565217398 1.410342496680556 0.9965322428027106 3.6016230121356916 0.0 26.215785468000025 126.0 8.126984126984144 0.0 0.0 0.0 0.0 0.0 1.0 1024.0 0.0 0.0 0.0 0.0 0.0 37.0 27.675675675675677 0.0 0.0 0.0 0.0 0.0 1.0 1024.0 0.0 0.0 0.0 0.0 0.0 1.0 1024.0 0.0 0.0 0.0 0.0 0.0 37.0 27.675675675675677 0.0 0.0 0.0 0.0 0.0 1.0 1024.0 0.0 0.0 0.0 0.0 0.0 1.0 1024.0 0.0 0.0 0.0 0.0 0.0 37.0 27.675675675675677 0.0 0.0 0.0 0.0 0.0 1.0 1024.0 1.7876241961880475 1.2114410153453734 4.805157531375327 0.0 25.327292197881352 150.0 6.826666666666676 4.58106600659779 4.752829121290701 15.074033345448699 0.0 19.31325074437748 51.0 20.078431372549023 1.3834532845382594 0.9662471048660553 3.4864782878754865 0.0 25.306913250458557 179.0 5.720670391061458 1.699932186167027 1.2129516108062908 4.805157531375327 0.0 26.18867949772848 162.0 6.3209876543209775 4.623389552209654 4.626418050729 15.166946884958433 0.0 19.60975946760939 50.0 20.48 1.3405193346852282 0.9347275027107 3.355582661291501 0.0 25.966561310284686 198.0 5.171717171717171 1.8421103650242912 1.3650215390062854 5.869339320126588 0.0 26.380185659086525 145.0 7.06206896551723 6.599812247510329 8.555497930014969 28.568402560419546 0.0 23.60727266036167 44.0 23.272727272727266 1.4685772678168236 1.0158776072768176 3.9592310638267834 0.0 25.16905258271956 175.0 5.851428571428562 1.4821718997126845 3.7743625924153417 41.78745222094094 0.0 29.348448643212514 638.0 1.6050156739811945 24.07319097332853 10.878977035411614 36.9901087825193 0.0 13.537096399266316 42.0 24.380952380952376 0.67316311656262 1.058939836325291 4.365364986724842 0.0 29.23826360004977 667.0 1.535232383808098 1.4169618569110516 3.4117222292526472 32.874741622928155 0.0 29.45164062088824 644.0 1.5900621118012397 26.413959054522664 9.991545507772553 41.631810312897706 0.0 9.48347659176922 38.0 26.947368421052634 0.6580914509313256 1.0264785295261905 3.5217069291965686 0.0 29.384316693613304 680.0 1.505882352941178 1.3946511866458113 3.502690858301952 45.01462284090048 0.0 29.345482224521774 641.0 1.5975039001560107 28.13662262744742 5.58675950686399 35.76295777937128 0.0 7.64368178375316 36.0 28.44444444444444 0.6977944404766012 1.0905571814145025 4.365364986724842 0.0 29.32950224089589 666.0 1.5375375375375404 1.551498899808827 1.2468064127013139 4.6261065484396156 0.0 25.53445854986638 110.0 9.309090909090905 3.056263059684581 4.12259513383657 13.834661177334347 0.0 15.970947686880438 51.0 20.078431372549026 1.2291112258595185 0.9584414528267697 3.4836138576524758 0.0 26.052748219398627 133.0 7.6992481203007515 1.6837005809092775 1.2452263345905894 4.6261065484396156 0.0 26.5746185377156 112.0 9.142857142857128 3.215174161356519 4.115440220494991 13.241912419968985 0.0 16.309553926498698 49.0 20.89795918367347 1.379635588926044 0.8782530781012899 3.332808309342373 0.0 26.180504151117486 134.0 7.641791044776109 1.6729838344942645 1.335028356665267 5.6352774948562505 0.0 27.404547003453548 114.0 8.982456140350859 3.8649473481133176 6.466106547867601 24.628416408678792 0.0 21.257994108536618 46.0 22.260869565217398 1.3202714311501138 1.0259376146487285 3.6016230121356916 0.0 26.589684500351225 134.0 7.641791044776107 
299.0005150327869 1.6651461017499545 1.2429993458365014 4.6261065484396156 0.0 25.799470476562522 105.0 9.752380952380944 3.056263059684581 4.12259513383657 13.834661177334347 0.0 15.970947686880438 51.0 20.078431372549026 1.3246991553798906 0.9281394053322238 3.4836138576524758 0.0 26.000875782667034 126.0 8.126984126984144 1.6756800169424264 1.2682519746735523 4.6261065484396156 0.0 26.69250067264566 111.0 9.225225225225216 3.215174161356519 4.115440220494991 13.241912419968985 0.0 16.309553926498698 49.0 20.89795918367347 1.3834591525988875 0.8746406494893674 3.332808309342373 0.0 26.118119880814813 133.0 7.6992481203007515 1.7040229184453872 1.350737349474202 5.6352774948562505 0.0 27.6506377012505 110.0 9.309090909090905 3.8649473481133176 6.466106547867601 24.628416408678792 0.0 21.257994108536618 46.0 22.260869565217398 1.410342496680556 0.9965322428027106 3.6016230121356916 0.0 26.215785468000025 126.0 8.126984126984144 0.0 0.0 0.0 0.0 0.0 1.0 1024.0 0.0 0.0 0.0 0.0 0.0 37.0 27.675675675675677 0.0 0.0 0.0 0.0 0.0 1.0 1024.0 0.0 0.0 0.0 0.0 0.0 1.0 1024.0 0.0 0.0 0.0 0.0 0.0 37.0 27.675675675675677 0.0 0.0 0.0 0.0 0.0 1.0 1024.0 0.0 0.0 0.0 0.0 0.0 1.0 1024.0 0.0 0.0 0.0 0.0 0.0 37.0 27.675675675675677 0.0 0.0 0.0 0.0 0.0 1.0 1024.0 1.7876241961880475 1.2114410153453734 4.805157531375327 0.0 25.327292197881352 150.0 6.826666666666676 4.58106600659779 4.752829121290701 15.074033345448699 0.0 19.31325074437748 51.0 20.078431372549023 1.3834532845382594 0.9662471048660553 3.4864782878754865 0.0 25.306913250458557 179.0 5.720670391061458 1.699932186167027 1.2129516108062908 4.805157531375327 0.0 26.18867949772848 162.0 6.3209876543209775 4.623389552209654 4.626418050729 15.166946884958433 0.0 19.60975946760939 50.0 20.48 1.3405193346852282 0.9347275027107 3.355582661291501 0.0 25.966561310284686 198.0 5.171717171717171 1.8421103650242912 1.3650215390062854 5.869339320126588 0.0 26.380185659086525 145.0 7.06206896551723 6.599812247510329 8.555497930014969 28.568402560419546 0.0 23.60727266036167 44.0 23.272727272727266 1.4685772678168236 1.0158776072768176 3.9592310638267834 0.0 25.16905258271956 175.0 5.851428571428562 1.4821718997126845 3.7743625924153417 41.78745222094094 0.0 29.348448643212514 638.0 1.6050156739811945 24.07319097332853 10.878977035411614 36.9901087825193 0.0 13.537096399266316 42.0 24.380952380952376 0.67316311656262 1.058939836325291 4.365364986724842 0.0 29.23826360004977 667.0 1.535232383808098 1.4169618569110516 3.4117222292526472 32.874741622928155 0.0 29.45164062088824 644.0 1.5900621118012397 26.413959054522664 9.991545507772553 41.631810312897706 0.0 9.48347659176922 38.0 26.947368421052634 0.6580914509313256 1.0264785295261905 3.5217069291965686 0.0 29.384316693613304 680.0 1.505882352941178 1.3946511866458113 3.502690858301952 45.01462284090048 0.0 29.345482224521774 641.0 1.5975039001560107 28.13662262744742 5.58675950686399 35.76295777937128 0.0 7.64368178375316 36.0 28.44444444444444 0.6977944404766012 1.0905571814145025 4.365364986724842 0.0 29.32950224089589 666.0 1.5375375375375404 1.5995782548573159 1.2194527851152719 4.6261065484396156 0.0 25.441706271127575 108.0 9.481481481481493 3.056263059684581 4.12259513383657 13.834661177334347 0.0 15.970947686880438 51.0 20.078431372549026 1.2439791599484833 0.9456651135830245 3.4836138576524758 0.0 26.07402080020007 133.0 7.6992481203007515 1.6673506629246884 1.2508894723864235 4.6261065484396156 0.0 26.667132084142462 113.0 9.061946902654856 3.215174161356519 4.115440220494991 13.241912419968985 0.0 16.309553926498698 49.0 20.89795918367347 1.3863177328905223 0.8780982104147426 3.332808309342373 0.0 26.107812790537817 133.0 7.6992481203007515 1.60483026724714 1.3479533962437111 5.6352774948562505 0.0 27.66904008484887 119.0 8.605042016806706 3.8649473481133176 6.466106547867601 24.628416408678792 0.0 21.257994108536618 46.0 22.260869565217398 1.2647431725044422 1.0375243149117173 3.6016230121356916 0.0 26.89767704233305 140.0 7.31428571428573 
300.0005150327869 1.6651461017499545 1.2429993458365014 4.6261065484396156 0.0 25.799470476562522 105.0 9.752380952380944 3.056263059684581 4.12259513383657 13.834661177334347 0.0 15.970947686880438 51.0 20.078431372549026 1.3246991553798906 0.9281394053322238 3.4836138576524758 0.0 26.000875782667034 126.0 8.126984126984144 1.6756800169424264 1.2682519746735523 4.6261065484396156 0.0 26.69250067264566 111.0 9.225225225225216 3.215174161356519 4.115440220494991 13.241912419968985 0.0 16.309553926498698 49.0 20.89795918367347 1.3834591525988875 0.8746406494893674 3.332808309342373 0.0 26.118119880814813 133.0 7.6992481203007515 1.7040229184453872 1.350737349474202 5.6352774948562505 0.0 27.6506377012505 110.0 9.309090909090905 3.8649473481133176 6.466106547867601 24.628416408678792 0.0 21.257994108536618 46.0 22.260869565217398 1.410342496680556 0.9965322428027106 3.6016230121356916 0.0 26.215785468000025 126.0 8.126984126984144 0.0 0.0 0.0 0.0 0.0 1.0 1024.0 0.0 0.0 0.0 0.0 0.0 37.0 27.675675675675677 0.0 0.0 0.0 0.0 0.0 1.0 1024.0 0.0 0.0 0.0 0.0 0.0 1.0 1024.0 0.0 0.0 0.0 0.0 0.0 37.0 27.675675675675677 0.0 0.0 0.0 0.0 0.0 1.0 1024.0 0.0 0.0 0.0 0.0 0.0 1.0 1024.0 0.0 0.0 0.0 0.0 0.0 37.0 27.675675675675677 0.0 0.0 0.0 0.0 0.0 1.0 1024.0 1.7876241961880475 1.2114410153453734 4.805157531375327 0.0 25.327292197881352 150.0 6.826666666666676 4.58106600659779 4.752829121290701 15.074033345448699 0.0 19.31325074437748 51.0 20.078431372549023 1.3834532845382594 0.9662471048660553 3.4864782878754865 0.0 25.306913250458557 179.0 5.720670391061458 1.699932186167027 1.2129516108062908 4.805157531375327 0.0 26.18867949772848 162.0 6.3209876543209775 4.623389552209654 4.626418050729 15.166946884958433 0.0 19.60975946760939 50.0 20.48 1.3405193346852282 0.9347275027107 3.355582661291501 0.0 25.966561310284686 198.0 5.171717171717171 1.8421103650242912 1.3650215390062854 5.869339320126588 0.0 26.380185659086525 145.0 7.06206896551723 6.599812247510329 8.555497930014969 28.568402560419546 0.0 23.60727266036167 44.0 23.272727272727266 1.4685772678168236 1.0158776072768176 3.9592310638267834 0.0 25.16905258271956 175.0 5.851428571428562 1.4821718997126845 3.7743625924153417 41.78745222094094 0.0 29.348448643212514 638.0 1.6050156739811945 24.07319097332853 10.878977035411614 36.9901087825193 0.0 13.537096399266316 42.0 24.380952380952376 0.67316311656262 1.058939836325291 4.365364986724842 0.0 29.23826360004977 667.0 1.535232383808098 1.4169618569110516 3.4117222292526472 32.874741622928155 0.0 29.45164062088824 644.0 1.5900621118012397 26.413959054522664 9.991545507772553 41.631810312897706 0.0 9.48347659176922 38.0 26.947368421052634 0.6580914509313256 1.0264785295261905 3.5217069291965686 0.0 29.384316693613304 680.0 1.505882352941178 1.3946511866458113 3.502690858301952 45.01462284090048 0.0 29.345482224521774 641.0 1.5975039001560107 28.13662262744742 5.58675950686399 35.76295777937128 0.0 7.64368178375316 36.0 28.44444444444444 0.6977944404766012 1.0905571814145025 4.365364986724842 0.0 29.32950224089589 666.0 1.5375375375375404 1.593671568782512 1.2288570235837064 4.6261065484396156 0.0 25.308744486579823 108.0 9.481481481481493 2.9842695122815446 4.100704233134329 13.834661177334347 0.0 15.870645389902114 52.0 19.6923076923077 1.239652140336385 0.9333611247151546 3.4836138576524758 0.0 25.982376781048494 130.0 7.876923076923094 1.6688553048956554 1.2514182916279426 4.6261065484396156 0.0 26.664908406763367 113.0 9.061946902654856 3.2196315944019993 4.116772898707204 13.241912419968985 0.0 16.309259541902236 49.0 20.89795918367347 1.388654005218273 0.8800722327020347 3.332808309342373 0.0 26.105622571309162 133.0 7.6992481203007515 1.7412553682702936 1.3156104720993944 5.6352774948562505 0.0 27.18291268205948 110.0 9.309090909090905 3.863588547114784 6.464418996021535 24.628416408678792 0.0 21.259108123729284 46.0 22.260869565217398 1.3440178072305686 1.0197877816390195 3.6016230121356916 0.0 26.40228125241872 132.0 7.757575757575764 
301.0005150327869 1.6651461017499545 1.2429993458365014 4.6261065484396156 0.0 25.799470476562522 105.0 9.752380952380944 3.056263059684581 4.12259513383657 13.834661177334347 0.0 15.970947686880438 51.0 20.078431372549026 1.3246991553798906 0.9281394053322238 3.4836138576524758 0.0 26.000875782667034 126.0 8.126984126984144 1.6756800169424264 1.2682519746735523 4.6261065484396156 0.0 26.69250067264566 111.0 9.225225225225216 3.215174161356519 4.115440220494991 13.241912419968985 0.0 16.309553926498698 49.0 20.89795918367347 1.3834591525988875 0.8746406494893674 3.332808309342373 0.0 26.118119880814813 133.0 7.6992481203007515 1.7040229184453872 1.350737349474202 5.6352774948562505 0.0 27.6506377012505 110.0 9.309090909090905 3.8649473481133176 6.466106547867601 24.628416408678792 0.0 21.257994108536618 46.0 22.260869565217398 1.410342496680556 0.9965322428027106 3.6016230121356916 0.0 26.215785468000025 126.0 8.126984126984144 0.0 0.0 0.0 0.0 0.0 1.0 1024.0 0.0 0.0 0.0 0.0 0.0 37.0 27.675675675675677 0.0 0.0 0.0 0.0 0.0 1.0 1024.0 0.0 0.0 0.0 0.0 0.0 1.0 1024.0 0.0 0.0 0.0 0.0 0.0 37.0 27.675675675675677 0.0 0.0 0.0 0.0 0.0 1.0 1024.0 0.0 0.0 0.0 0.0 0.0 1.0 1024.0 0.0 0.0 0.0 0.0 0.0 37.0 27.675675675675677 0.0 0.0 0.0 0.0 0.0 1.0 1024.0 1.7876241961880475 1.2114410153453734 4.805157531375327 0.0 25.327292197881352 150.0 6.826666666666676 4.58106600659779 4.752829121290701 15.074033345448699 0.0 19.31325074437748 51.0 20.078431372549023 1.3834532845382594 0.9662471048660553 3.4864782878754865 0.0 25.306913250458557 179.0 5.720670391061458 1.699932186167027 1.2129516108062908 4.805157531375327 0.0 26.18867949772848 162.0 6.3209876543209775 4.623389552209654 4.626418050729 15.166946884958433 0.0 19.60975946760939 50.0 20.48 1.3405193346852282 0.9347275027107 3.355582661291501 0.0 25.966561310284686 198.0 5.171717171717171 1.8421103650242912 1.3650215390062854 5.869339320126588 0.0 26.380185659086525 145.0 7.06206896551723 6.599812247510329 8.555497930014969 28.568402560419546 0.0 23.60727266036167 44.0 23.272727272727266 1.4685772678168236 1.0158776072768176 3.9592310638267834 0.0 25.16905258271956 175.0 5.851428571428562 1.4821718997126845 3.7743625924153417 41.78745222094094 0.0 29.348448643212514 638.0 1.6050156739811945 24.07319097332853 10.878977035411614 36.9901087825193 0.0 13.537096399266316 42.0 24.380952380952376 0.67316311656262 1.058939836325291 4.365364986724842 0.0 29.23826360004977 667.0 1.535232383808098 1.4169618569110516 3.4117222292526472 32.874741622928155 0.0 29.45164062088824 644.0 1.5900621118012397 26.413959054522664 9.991545507772553 41.631810312897706 0.0 9.48347659176922 38.0 26.947368421052634 0.6580914509313256 1.0264785295261905 3.5217069291965686 0.0 29.384316693613304 680.0 1.505882352941178 1.3946511866458113 3.502690858301952 45.01462284090048 0.0 29.345482224521774 641.0 1.5975039001560107 28.13662262744742 5.58675950686399 35.76295777937128 0.0 7.64368178375316 36.0 28.44444444444444 0.6977944404766012 1.0905571814145025 4.365364986724842 0.0 29.32950224089589 666.0 1.5375375375375404 0.5945427128867484 1.1146024958720266 4.62762430627534 0.0 24.694537289211638 315.0 3.2507936507936597 0.8412766275502269 2.5978204459609984 15.77433953864775 0.0 25.744543647417014 225.0 4.551111111111116 0.506023044752268 0.8918490980363916 3.9704231562923518 0.0 25.071659841695467 342.0 2.9941520467836398 0.5505975095391452 1.0705250945782703 4.62762430627534 0.0 25.528126234674495 350.0 2.9257142857142937 0.7336092428224861 2.389213359976428 13.202983103134427 0.0 25.812307773746667 245.0 4.179591836734694 0.47935725368320825 0.8507078970485319 3.355582661291501 0.0 25.404776124996566 373.0 2.7453083109919554 0.6831917024575389 1.5846409910323436 19.630724946601976 0.0 25.559370144258203 321.0 3.1900311526479745 1.0814126614254804 3.6996904879015773 24.502477241520587 0.0 26.6855944905225 204.0 5.019607843137265 0.5296732057937956 0.9473631508324569 3.9592310638267834 0.0 25.215255286441092 331.0 3.0936555891238795 
302.0005150327869 1.6651461017499545 1.2429993458365014 4.6261065484396156 0.0 25.799470476562522 105.0 9.752380952380944 3.056263059684581 4.12259513383657 13.834661177334347 0.0 15.970947686880438 51.0 20.078431372549026 1.3246991553798906 0.9281394053322238 3.4836138576524758 0.0 26.000875782667034 126.0 8.126984126984144 1.6756800169424264 1.2682519746735523 4.6261065484396156 0.0 26.69250067264566 111.0 9.225225225225216 3.215174161356519 4.115440220494991 13.241912419968985 0.0 16.309553926498698 49.0 20.89795918367347 1.3834591525988875 0.8746406494893674 3.332808309342373 0.0 26.118119880814813 133.0 7.6992481203007515 1.7040229184453872 1.350737349474202 5.6352774948562505 0.0 27.6506377012505 110.0 9.309090909090905 3.8649473481133176 6.466106547867601 24.628416408678792 0.0 21.257994108536618 46.0 22.260869565217398 1.410342496680556 0.9965322428027106 3.6016230121356916 0.0 26.215785468000025 126.0 8.126984126984144 0.0 0.0 0.0 0.0 0.0 1.0 1024.0 0.0 0.0 0.0 0.0 0.0 37.0 27.675675675675677 0.0 0.0 0.0 0.0 0.0 1.0 1024.0 0.0 0.0 0.0 0.0 0.0 1.0 1024.0 0.0 0.0 0.0 0.0 0.0 37.0 27.675675675675677 0.0 0.0 0.0 0.0 0.0 1.0 1024.0 0.0 0.0 0.0 0.0 0.0 1.0 1024.0 0.0 0.0 0.0 0.0 0.0 37.0 27.675675675675677 0.0 0.0 0.0 0.0 0.0 1.0 1024.0 1.7876241961880475 1.2114410153453734 4.805157531375327 0.0 25.327292197881352 150.0 6.826666666666676 4.58106600659779 4.752829121290701 15.074033345448699 0.0 19.31325074437748 51.0 20.078431372549023 1.3834532845382594 0.9662471048660553 3.4864782878754865 0.0 25.306913250458557 179.0 5.720670391061458 1.699932186167027 1.2129516108062908 4.805157531375327 0.0 26.18867949772848 162.0 6.3209876543209775 4.623389552209654 4.626418050729 15.166946884958433 0.0 19.60975946760939 50.0 20.48 1.3405193346852282 0.9347275027107 3.355582661291501 0.0 25.966561310284686 198.0 5.171717171717171 1.8421103650242912 1.3650215390062854 5.869339320126588 0.0 26.380185659086525 145.0 7.06206896551723 6.599812247510329 8.555497930014969 28.568402560419546 0.0 23.60727266036167 44.0 23.272727272727266 1.4685772678168236 1.0158776072768176 3.9592310638267834 0.0 25.16905258271956 175.0 5.851428571428562 1.4821718997126845 3.7743625924153417 41.78745222094094 0.0 29.348448643212514 638.0 1.6050156739811945 24.07319097332853 10.878977035411614 36.9901087825193 0.0 13.537096399266316 42.0 24.380952380952376 0.67316311656262 1.058939836325291 4.365364986724842 0.0 29.23826360004977 667.0 1.535232383808098 1.4169618569110516 3.4117222292526472 32.874741622928155 0.0 29.45164062088824 644.0 1.5900621118012397 26.413959054522664 9.991545507772553 41.631810312897706 0.0 9.48347659176922 38.0 26.947368421052634 0.6580914509313256 1.0264785295261905 3.5217069291965686 0.0 29.384316693613304 680.0 1.505882352941178 1.3946511866458113 3.502690858301952 45.01462284090048 0.0 29.345482224521774 641.0 1.5975039001560107 28.13662262744742 5.58675950686399 35.76295777937128 0.0 7.64368178375316 36.0 28.44444444444444 0.6977944404766012 1.0905571814145025 4.365364986724842 0.0 29.32950224089589 666.0 1.5375375375375404 1.3311743868703472 1.369918277833658 5.636913923809509 0.0 25.377853735059116 210.0 4.8761904761904855 3.809369830487875 5.072507991920805 19.306099685103984 0.0 20.477259050874626 99.0 10.343434343434337 1.1076377478692168 1.049866210115151 3.4681623663633308 0.0 25.94845088945904 241.0 4.248962655601662 1.268240182516781 1.2973761882514652 5.43714136867443 0.0 26.40168142174824 222.0 4.612612612612606 4.250172386890312 4.971411278019665 19.306099685103984 0.0 22.27368928998169 78.0 13.128205128205122 1.1617897942648798 1.0261473593519674 3.3851513072669204 0.0 25.970514329621828 248.0 4.12903225806452 1.4028804590415145 1.6243165084859188 13.701113502719958 0.0 26.57653849955472 208.0 4.923076923076931 4.76130373378231 6.976554548628338 27.40583815949803 0.0 26.20883430918648 69.0 14.840579710144922 1.0973355061247494 1.1169083587054456 3.9592310638267834 0.0 25.911419361406576 234.0 4.37606837606838 
303.0005150327869 1.6651461017499545 1.2429993458365014 4.6261065484396156 0.0 25.799470476562522 105.0 9.752380952380944 3.056263059684581 4.12259513383657 13.834661177334347 0.0 15.970947686880438 51.0 20.078431372549026 1.3246991553798906 0.9281394053322238 3.4836138576524758 0.0 26.000875782667034 126.0 8.126984126984144 1.6756800169424264 1.2682519746735523 4.6261065484396156 0.0 26.69250067264566 111.0 9.225225225225216 3.215174161356519 4.115440220494991 13.241912419968985 0.0 16.309553926498698 49.0 20.89795918367347 1.3834591525988875 0.8746406494893674 3.332808309342373 0.0 26.118119880814813 133.0 7.6992481203007515 1.7040229184453872 1.350737349474202 5.6352774948562505 0.0 27.6506377012505 110.0 9.309090909090905 3.8649473481133176 6.466106547867601 24.628416408678792 0.0 21.257994108536618 46.0 22.260869565217398 1.410342496680556 0.9965322428027106 3.6016230121356916 0.0 26.215785468000025 126.0 8.126984126984144 0.0 0.0 0.0 0.0 0.0 1.0 1024.0 0.0 0.0 0.0 0.0 0.0 37.0 27.675675675675677 0.0 0.0 0.0 0.0 0.0 1.0 1024.0 0.0 0.0 0.0 0.0 0.0 1.0 1024.0 0.0 0.0 0.0 0.0 0.0 37.0 27.675675675675677 0.0 0.0 0.0 0.0 0.0 1.0 1024.0 0.0 0.0 0.0 0.0 0.0 1.0 1024.0 0.0 0.0 0.0 0.0 0.0 37.0 27.675675675675677 0.0 0.0 0.0 0.0 0.0 1.0 1024.0 1.7876241961880475 1.2114410153453734 4.805157531375327 0.0 25.327292197881352 150.0 6.826666666666676 4.58106600659779 4.752829121290701 15.074033345448699 0.0 19.31325074437748 51.0 20.078431372549023 1.3834532845382594 0.9662471048660553 3.4864782878754865 0.0 25.306913250458557 179.0 5.720670391061458 1.699932186167027 1.2129516108062908 4.805157531375327 0.0 26.18867949772848 162.0 6.3209876543209775 4.623389552209654 4.626418050729 15.166946884958433 0.0 19.60975946760939 50.0 20.48 1.3405193346852282 0.9347275027107 3.355582661291501 0.0 25.966561310284686 198.0 5.171717171717171 1.8421103650242912 1.3650215390062854 5.869339320126588 0.0 26.380185659086525 145.0 7.06206896551723 6.599812247510329 8.555497930014969 28.568402560419546 0.0 23.60727266036167 44.0 23.272727272727266 1.4685772678168236 1.0158776072768176 3.9592310638267834 0.0 25.16905258271956 175.0 5.851428571428562 1.4821718997126845 3.7743625924153417 41.78745222094094 0.0 29.348448643212514 638.0 1.6050156739811945 24.07319097332853 10.878977035411614 36.9901087825193 0.0 13.537096399266316 42.0 24.380952380952376 0.67316311656262 1.058939836325291 4.365364986724842 0.0 29.23826360004977 667.0 1.535232383808098 1.4169618569110516 3.4117222292526472 32.874741622928155 0.0 29.45164062088824 644.0 1.5900621118012397 26.413959054522664 9.991545507772553 41.631810312897706 0.0 9.48347659176922 38.0 26.947368421052634 0.6580914509313256 1.0264785295261905 3.5217069291965686 0.0 29.384316693613304 680.0 1.505882352941178 1.3946511866458113 3.502690858301952 45.01462284090048 0.0 29.345482224521774 641.0 1.5975039001560107 28.13662262744742 5.58675950686399 35.76295777937128 0.0 7.64368178375316 36.0 28.44444444444444 0.6977944404766012 1.0905571814145025 4.365364986724842 0.0 29.32950224089589 666.0 1.5375375375375404 1.4990186210778598 1.342897398714729 6.75212069996377 0.0 24.927289959362227 180.0 5.6888888888889 3.602107136414788 4.310563654667001 15.019385744635166 0.0 19.094443721067368 70.0 14.628571428571425 1.210473422329451 0.9957035001661777 3.981525000118974 0.0 24.878579195203677 209.0 4.899521531100471 1.4204085955987937 1.2471668186263822 4.805157531375327 0.0 26.857929313822172 194.0 5.27835051546392 3.6795135799228027 4.076857555503117 15.084257622901651 0.0 19.57938691979569 68.0 15.058823529411761 1.1429675059088333 0.9701267856992918 3.3851513072669204 0.0 25.625847514475858 227.0 4.511013215859031 1.5764414855829312 1.4035602795456492 5.869339320126588 0.0 27.407608654716405 182.0 5.626373626373636 4.318153714678946 7.215123240779509 28.56858303678565 0.0 26.887293868924537 79.0 12.962025316455687 1.2140971010381958 1.0883100413380273 3.9592310638267834 0.0 26.570953562956223 216.0 4.740740740740735 
304.0005150327869 1.6651461017499545 1.2429993458365014 4.6261065484396156 0.0 25.799470476562522 105.0 9.752380952380944 3.056263059684581 4.12259513383657 13.834661177334347 0.0 15.970947686880438 51.0 20.078431372549026 1.3246991553798906 0.9281394053322238 3.4836138576524758 0.0 26.000875782667034 126.0 8.126984126984144 1.6756800169424264 1.2682519746735523 4.6261065484396156 0.0 26.69250067264566 111.0 9.225225225225216 3.215174161356519 4.115440220494991 13.241912419968985 0.0 16.309553926498698 49.0 20.89795918367347 1.3834591525988875 0.8746406494893674 3.332808309342373 0.0 26.118119880814813 133.0 7.6992481203007515 1.7040229184453872 1.350737349474202 5.6352774948562505 0.0 27.6506377012505 110.0 9.309090909090905 3.8649473481133176 6.466106547867601 24.628416408678792 0.0 21.257994108536618 46.0 22.260869565217398 1.410342496680556 0.9965322428027106 3.6016230121356916 0.0 26.215785468000025 126.0 8.126984126984144 0.0 0.0 0.0 0.0 0.0 1.0 1024.0 0.0 0.0 0.0 0.0 0.0 37.0 27.675675675675677 0.0 0.0 0.0 0.0 0.0 1.0 1024.0 0.0 0.0 0.0 0.0 0.0 1.0 1024.0 0.0 0.0 0.0 0.0 0.0 37.0 27.675675675675677 0.0 0.0 0.0 0.0 0.0 1.0 1024.0 0.0 0.0 0.0 0.0 0.0 1.0 1024.0 0.0 0.0 0.0 0.0 0.0 37.0 27.675675675675677 0.0 0.0 0.0 0.0 0.0 1.0 1024.0 1.7878106458068546 1.2112953583949102 4.805157531375327 0.0 25.327310762244274 150.0 6.826666666666676 4.58106600659779 4.752829121290701 15.074033345448699 0.0 19.31325074437748 51.0 20.078431372549023 1.3834532845382594 0.9662471048660553 3.4864782878754865 0.0 25.306913250458557 179.0 5.720670391061458 1.699932186167027 1.2129516108062908 4.805157531375327 0.0 26.18867949772848 162.0 6.3209876543209775 4.623389552209654 4.626418050729 15.166946884958433 0.0 19.60975946760939 50.0 20.48 1.3405193346852282 0.9347275027107 3.355582661291501 0.0 25.966561310284686 198.0 5.171717171717171 1.8421706829794184 1.36498551580882 5.869339320126588 0.0 26.380517004688823 145.0 7.06206896551723 6.599812247510329 8.555497930014969 28.568402560419546 0.0 23.60727266036167 44.0 23.272727272727266 1.4685772678168236 1.0158776072768176 3.9592310638267834 0.0 25.16905258271956 175.0 5.851428571428562 1.4821718997126845 3.7743625924153417 41.78745222094094 0.0 29.348448643212514 638.0 1.6050156739811945 24.07319097332853 10.878977035411614 36.9901087825193 0.0 13.537096399266316 42.0 24.380952380952376 0.67316311656262 1.058939836325291 4.365364986724842 0.0 29.23826360004977 667.0 1.535232383808098 1.4169618569110516 3.4117222292526472 32.874741622928155 0.0 29.45164062088824 644.0 1.5900621118012397 26.413959054522664 9.991545507772553 41.631810312897706 0.0 9.48347659176922 38.0 26.947368421052634 0.6580914509313256 1.0264785295261905 3.5217069291965686 0.0 29.384316693613304 680.0 1.505882352941178 1.3946511866458113 3.502690858301952 45.01462284090048 0.0 29.345482224521774 641.0 1.5975039001560107 28.13662262744742 5.58675950686399 35.76295777937128 0.0 7.64368178375316 36.0 28.44444444444444 0.6977944404766012 1.0905571814145025 4.365364986724842 0.0 29.32950224089589 666.0 1.5375375375375404 1.4605796069505934 1.3026054980375326 4.805157531375327 0.0 25.23805484311026 178.0 5.752808988764033 3.679818760551003 4.456790355494891 15.074033345448699 0.0 18.963012101263423 66.0 15.515151515151524 1.1777789577341256 0.988333131078506 3.355582661291501 0.0 24.839691095902474 208.0 4.923076923076926 1.4128239784545644 1.2703231878119803 4.805157531375327 0.0 26.5263422961228 194.0 5.27835051546392 3.0451578607087435 4.117048063014607 15.166946884958433 0.0 19.500822122691165 80.0 12.799999999999994 1.1561376472849976 0.9686344526433549 3.3851513072669204 0.0 25.768757887753335 225.0 4.5511111111111155 1.6694486464517713 1.3332680894377469 5.869339320126588 0.0 26.758923782155392 168.0 6.095238095238096 4.990166014380918 7.6950298893972935 28.568402560419546 0.0 24.19141008157236 74.0 13.83783783783785 1.213619133838857 1.0729427811936094 3.9592310638267834 0.0 25.728954061882316 210.0 4.876190476190481 
305.0005150327869 1.6651461017499545 1.2429993458365014 4.6261065484396156 0.0 25.799470476562522 105.0 9.752380952380944 3.056263059684581 4.12259513383657 13.834661177334347 0.0 15.970947686880438 51.0 20.078431372549026 1.3246991553798906 0.9281394053322238 3.4836138576524758 0.0 26.000875782667034 126.0 8.126984126984144 1.6756800169424264 1.2682519746735523 4.6261065484396156 0.0 26.69250067264566 111.0 9.225225225225216 3.215174161356519 4.115440220494991 13.241912419968985 0.0 16.309553926498698 49.0 20.89795918367347 1.3834591525988875 0.8746406494893674 3.332808309342373 0.0 26.118119880814813 133.0 7.6992481203007515 1.7040229184453872 1.350737349474202 5.6352774948562505 0.0 27.6506377012505 110.0 9.309090909090905 3.8649473481133176 6.466106547867601 24.628416408678792 0.0 21.257994108536618 46.0 22.260869565217398 1.410342496680556 0.9965322428027106 3.6016230121356916 0.0 26.215785468000025 126.0 8.126984126984144 0.0 0.0 0.0 0.0 0.0 1.0 1024.0 0.0 0.0 0.0 0.0 0.0 37.0 27.675675675675677 0.0 0.0 0.0 0.0 0.0 1.0 1024.0 0.0 0.0 0.0 0.0 0.0 1.0 1024.0 0.0 0.0 0.0 0.0 0.0 37.0 27.675675675675677 0.0 0.0 0.0 0.0 0.0 1.0 1024.0 0.0 0.0 0.0 0.0 0.0 1.0 1024.0 0.0 0.0 0.0 0.0 0.0 37.0 27.675675675675677 0.0 0.0 0.0 0.0 0.0 1.0 1024.0 1.7878106458068546 1.2112953583949102 4.805157531375327 0.0 25.327310762244274 150.0 6.826666666666676 4.58106600659779 4.752829121290701 15.074033345448699 0.0 19.31325074437748 51.0 20.078431372549023 1.3834532845382594 0.9662471048660553 3.4864782878754865 0.0 25.306913250458557 179.0 5.720670391061458 1.699932186167027 1.2129516108062908 4.805157531375327 0.0 26.18867949772848 162.0 6.3209876543209775 4.623389552209654 4.626418050729 15.166946884958433 0.0 19.60975946760939 50.0 20.48 1.3405193346852282 0.9347275027107 3.355582661291501 0.0 25.966561310284686 198.0 5.171717171717171 1.8421706829794184 1.36498551580882 5.869339320126588 0.0 26.380517004688823 145.0 7.06206896551723 6.599812247510329 8.555497930014969 28.568402560419546 0.0 23.60727266036167 44.0 23.272727272727266 1.4685772678168236 1.0158776072768176 3.9592310638267834 0.0 25.16905258271956 175.0 5.851428571428562 1.4821718997126845 3.7743625924153417 41.78745222094094 0.0 29.348448643212514 638.0 1.6050156739811945 24.07319097332853 10.878977035411614 36.9901087825193 0.0 13.537096399266316 42.0 24.380952380952376 0.67316311656262 1.058939836325291 4.365364986724842 0.0 29.23826360004977 667.0 1.535232383808098 1.4169618569110516 3.4117222292526472 32.874741622928155 0.0 29.45164062088824 644.0 1.5900621118012397 26.413959054522664 9.991545507772553 41.631810312897706 0.0 9.48347659176922 38.0 26.947368421052634 0.6580914509313256 1.0264785295261905 3.5217069291965686 0.0 29.384316693613304 680.0 1.505882352941178 1.3946511866458113 3.502690858301952 45.01462284090048 0.0 29.345482224521774 641.0 1.5975039001560107 28.13662262744742 5.58675950686399 35.76295777937128 0.0 7.64368178375316 36.0 28.44444444444444 0.6977944404766012 1.0905571814145025 4.365364986724842 0.0 29.32950224089589 666.0 1.5375375375375404 1.4620140935624673 1.310594315856318 4.805157531375327 0.0 24.65589368510706 179.0 5.720670391061458 3.36119201358907 4.460889799258454 15.074033345448699 0.0 17.714156975257843 74.0 13.83783783783785 1.2573633587950108 0.9925601321957822 3.4864782878754865 0.0 25.099437508707855 202.0 5.069306930693065 1.4575562792982502 1.2687462937251623 4.805157531375327 0.0 26.17331718204634 191.0 5.361256544502614 3.08419290452118 4.264754204980473 15.166946884958433 0.0 18.496520573952843 83.0 12.337349397590366 1.1622298698470184 0.9549573226424166 3.355582661291501 0.0 25.335458448071837 224.0 4.5714285714285685 1.74041615939289 1.332067202481343 5.869339320126588 0.0 26.60577153184265 162.0 6.320987654320977 5.652220409361769 8.287307970293135 28.568402560419546 0.0 22.676433587164446 65.0 15.753846153846155 1.2655313884108106 1.0542073801553984 3.9592310638267834 0.0 25.434183697060778 201.0 5.094527363184088 
306.0005150327869 1.6651461017499545 1.2429993458365014 4.6261065484396156 0.0 25.799470476562522 105.0 9.752380952380944 3.056263059684581 4.12259513383657 13.834661177334347 0.0 15.970947686880438 51.0 20.078431372549026 1.3246991553798906 0.9281394053322238 3.4836138576524758 0.0 26.000875782667034 126.0 8.126984126984144 1.6756800169424264 1.2682519746735523 4.6261065484396156 0.0 26.69250067264566 111.0 9.225225225225216 3.215174161356519 4.115440220494991 13.241912419968985 0.0 16.309553926498698 49.0 20.89795918367347 1.3834591525988875 0.8746406494893674 3.332808309342373 0.0 26.118119880814813 133.0 7.6992481203007515 1.7040229184453872 1.350737349474202 5.6352774948562505 0.0 27.6506377012505 110.0 9.309090909090905 3.8649473481133176 6.466106547867601 24.628416408678792 0.0 21.257994108536618 46.0 22.260869565217398 1.410342496680556 0.9965322428027106 3.6016230121356916 0.0 26.215785468000025 126.0 8.126984126984144 0.0 0.0 0.0 0.0 0.0 1.0 1024.0 0.0 0.0 0.0 0.0 0.0 37.0 27.675675675675677 0.0 0.0 0.0 0.0 0.0 1.0 1024.0 0.0 0.0 0.0 0.0 0.0 1.0 1024.0 0.0 0.0 0.0 0.0 0.0 37.0 27.675675675675677 0.0 0.0 0.0 0.0 0.0 1.0 1024.0 0.0 0.0 0.0 0.0 0.0 1.0 1024.0 0.0 0.0 0.0 0.0 0.0 37.0 27.675675675675677 0.0 0.0 0.0 0.0 0.0 1.0 1024.0 1.7878106458068546 1.2112953583949102 4.805157531375327 0.0 25.327310762244274 150.0 6.826666666666676 4.58106600659779 4.752829121290701 15.074033345448699 0.0 19.31325074437748 51.0 20.078431372549023 1.3834532845382594 0.9662471048660553 3.4864782878754865 0.0 25.306913250458557 179.0 5.720670391061458 1.699932186167027 1.2129516108062908 4.805157531375327 0.0 26.18867949772848 162.0 6.3209876543209775 4.623389552209654 4.626418050729 15.166946884958433 0.0 19.60975946760939 50.0 20.48 1.3412669647427624 0.9337007107230544 3.355582661291501 0.0 25.967449931245977 198.0 5.17171717171717 1.8421706829794184 1.36498551580882 5.869339320126588 0.0 26.380517004688823 145.0 7.06206896551723 6.599812247510329 8.555497930014969 28.568402560419546 0.0 23.60727266036167 44.0 23.272727272727266 1.4685772678168236 1.0158776072768176 3.9592310638267834 0.0 25.16905258271956 175.0 5.851428571428562 1.4821718997126845 3.7743625924153417 41.78745222094094 0.0 29.348448643212514 638.0 1.6050156739811945 24.07319097332853 10.878977035411614 36.9901087825193 0.0 13.537096399266316 42.0 24.380952380952376 0.67316311656262 1.058939836325291 4.365364986724842 0.0 29.23826360004977 667.0 1.535232383808098 1.4169618569110516 3.4117222292526472 32.874741622928155 0.0 29.45164062088824 644.0 1.5900621118012397 26.413959054522664 9.991545507772553 41.631810312897706 0.0 9.48347659176922 38.0 26.947368421052634 0.6580914509313256 1.0264785295261905 3.5217069291965686 0.0 29.384316693613304 680.0 1.505882352941178 1.3946511866458113 3.502690858301952 45.01462284090048 0.0 29.345482224521774 641.0 1.5975039001560107 28.13662262744742 5.58675950686399 35.76295777937128 0.0 7.64368178375316 36.0 28.44444444444444 0.6977944404766012 1.0905571814145025 4.365364986724842 0.0 29.32950224089589 666.0 1.5375375375375404 1.5316853547339322 1.2899583862860937 4.805157531375327 0.0 25.085587519064518 174.0 5.885057471264374 4.25869725687137 4.6348548297490755 15.074033345448699 0.0 18.18602078176266 60.0 17.06666666666667 1.2738920376727145 0.9936508324858532 3.4864782878754865 0.0 25.192401554674255 205.0 4.995121951219509 1.4959463175430927 1.2626529756527292 4.805157531375327 0.0 26.316604451115747 188.0 5.446808510638303 3.8104338029946416 4.458678309809437 15.166946884958433 0.0 18.15855445622196 69.0 14.840579710144922 1.2404416231668507 0.9553778922783679 3.355582661291501 0.0 25.377164432954295 217.0 4.718894009216586 1.6585101224471743 1.3545757288250646 5.869339320126588 0.0 26.728801191177013 166.0 6.168674698795172 6.030372119852593 9.26591252996222 41.04970951621741 0.0 22.062827573807866 60.0 17.06666666666667 1.2918866184029547 1.0391667780147977 3.9592310638267834 0.0 25.910557317975005 199.0 5.145728643216072 
307.0005150327869 1.6651461017499545 1.2429993458365014 4.6261065484396156 0.0 25.799470476562522 105.0 9.752380952380944 3.056263059684581 4.12259513383657 13.834661177334347 0.0 15.970947686880438 51.0 20.078431372549026 1.3246991553798906 0.9281394053322238 3.4836138576524758 0.0 26.000875782667034 126.0 8.126984126984144 1.6756800169424264 1.2682519746735523 4.6261065484396156 0.0 26.69250067264566 111.0 9.225225225225216 3.215174161356519 4.115440220494991 13.241912419968985 0.0 16.309553926498698 49.0 20.89795918367347 1.3834591525988875 0.8746406494893674 3.332808309342373 0.0 26.118119880814813 133.0 7.6992481203007515 1.7040229184453872 1.350737349474202 5.6352774948562505 0.0 27.6506377012505 110.0 9.309090909090905 3.8649473481133176 6.466106547867601 24.628416408678792 0.0 21.257994108536618 46.0 22.260869565217398 1.410342496680556 0.9965322428027106 3.6016230121356916 0.0 26.215785468000025 126.0 8.126984126984144 0.0 0.0 0.0 0.0 0.0 1.0 1024.0 0.0 0.0 0.0 0.0 0.0 37.0 27.675675675675677 0.0 0.0 0.0 0.0 0.0 1.0 1024.0 0.0 0.0 0.0 0.0 0.0 1.0 1024.0 0.0 0.0 0.0 0.0 0.0 37.0 27.675675675675677 0.0 0.0 0.0 0.0 0.0 1.0 1024.0 0.0 0.0 0.0 0.0 0.0 1.0 1024.0 0.0 0.0 0.0 0.0 0.0 37.0 27.675675675675677 0.0 0.0 0.0 0.0 0.0 1.0 1024.0 1.7878106458068546 1.2112953583949102 4.805157531375327 0.0 25.327310762244274 150.0 6.826666666666676 4.58106600659779 4.752829121290701 15.074033345448699 0.0 19.31325074437748 51.0 20.078431372549023 1.3834532845382594 0.9662471048660553 3.4864782878754865 0.0 25.306913250458557 179.0 5.720670391061458 1.699932186167027 1.2129516108062908 4.805157531375327 0.0 26.18867949772848 162.0 6.3209876543209775 4.623389552209654 4.626418050729 15.166946884958433 0.0 19.60975946760939 50.0 20.48 1.3412669647427624 0.9337007107230544 3.355582661291501 0.0 25.967449931245977 198.0 5.17171717171717 1.8421706829794184 1.36498551580882 5.869339320126588 0.0 26.380517004688823 145.0 7.06206896551723 6.599812247510329 8.555497930014969 28.568402560419546 0.0 23.60727266036167 44.0 23.272727272727266 1.4685772678168236 1.0158776072768176 3.9592310638267834 0.0 25.16905258271956 175.0 5.851428571428562 1.4821718997126845 3.7743625924153417 41.78745222094094 0.0 29.348448643212514 638.0 1.6050156739811945 24.07319097332853 10.878977035411614 36.9901087825193 0.0 13.537096399266316 42.0 24.380952380952376 0.67316311656262 1.058939836325291 4.365364986724842 0.0 29.23826360004977 667.0 1.535232383808098 1.4169618569110516 3.4117222292526472 32.874741622928155 0.0 29.45164062088824 644.0 1.5900621118012397 26.413959054522664 9.991545507772553 41.631810312897706 0.0 9.48347659176922 38.0 26.947368421052634 0.6580914509313256 1.0264785295261905 3.5217069291965686 0.0 29.384316693613304 680.0 1.505882352941178 1.3946511866458113 3.502690858301952 45.01462284090048 0.0 29.345482224521774 641.0 1.5975039001560107 28.13662262744742 5.58675950686399 35.76295777937128 0.0 7.64368178375316 36.0 28.44444444444444 0.6977944404766012 1.0905571814145025 4.365364986724842 0.0 29.32950224089589 666.0 1.5375375375375404 1.60092217520296 1.2580881253072522 4.805157531375327 0.0 25.368826591041703 165.0 6.206060606060614 4.40808209042534 4.788977033962121 15.074033345448699 0.0 18.665637831832584 56.0 18.285714285714292 1.3076325246685432 0.9587141003817762 3.4864782878754865 0.0 25.32994560896899 198.0 5.171717171717169 1.484120499161606 1.2444033400483931 4.805157531375327 0.0 26.63608666748897 188.0 5.4468085106383 3.9539883930358606 4.427320337846509 15.166946884958433 0.0 17.603348515460237 65.0 15.753846153846155 1.1821543344519776 0.9794379894395442 3.4681623663633308 0.0 25.38487123098507 220.0 4.65454545454546 1.646940395608405 1.3669128184060326 5.869339320126588 0.0 27.072157075443677 169.0 6.059171597633147 4.613736151215538 7.6823911557988644 28.568402560419546 0.0 22.014318649232575 63.0 16.253968253968253 1.2477420134754682 1.0459018596509235 3.9592310638267834 0.0 26.302070419458445 201.0 5.0945273631840875 
308.0005150327869 1.6651461017499545 1.2429993458365014 4.6261065484396156 0.0 25.799470476562522 105.0 9.752380952380944 3.056263059684581 4.12259513383657 13.834661177334347 0.0 15.970947686880438 51.0 20.078431372549026 1.3246991553798906 0.9281394053322238 3.4836138576524758 0.0 26.000875782667034 126.0 8.126984126984144 1.6756800169424264 1.2682519746735523 4.6261065484396156 0.0 26.69250067264566 111.0 9.225225225225216 3.215174161356519 4.115440220494991 13.241912419968985 0.0 16.309553926498698 49.0 20.89795918367347 1.3834591525988875 0.8746406494893674 3.332808309342373 0.0 26.118119880814813 133.0 7.6992481203007515 1.7040229184453872 1.350737349474202 5.6352774948562505 0.0 27.6506377012505 110.0 9.309090909090905 3.8649473481133176 6.466106547867601 24.628416408678792 0.0 21.257994108536618 46.0 22.260869565217398 1.410342496680556 0.9965322428027106 3.6016230121356916 0.0 26.215785468000025 126.0 8.126984126984144 0.0 0.0 0.0 0.0 0.0 1.0 1024.0 0.0 0.0 0.0 0.0 0.0 37.0 27.675675675675677 0.0 0.0 0.0 0.0 0.0 1.0 1024.0 0.0 0.0 0.0 0.0 0.0 1.0 1024.0 0.0 0.0 0.0 0.0 0.0 37.0 27.675675675675677 0.0 0.0 0.0 0.0 0.0 1.0 1024.0 0.0 0.0 0.0 0.0 0.0 1.0 1024.0 0.0 0.0 0.0 0.0 0.0 37.0 27.675675675675677 0.0 0.0 0.0 0.0 0.0 1.0 1024.0 1.7878106458068546 1.2112953583949102 4.805157531375327 0.0 25.327310762244274 150.0 6.826666666666676 4.58106600659779 4.752829121290701 15.074033345448699 0.0 19.31325074437748 51.0 20.078431372549023 1.3834532845382594 0.9662471048660553 3.4864782878754865 0.0 25.306913250458557 179.0 5.720670391061458 1.699932186167027 1.2129516108062908 4.805157531375327 0.0 26.18867949772848 162.0 6.3209876543209775 4.623389552209654 4.626418050729 15.166946884958433 0.0 19.60975946760939 50.0 20.48 1.3412669647427624 0.9337007107230544 3.355582661291501 0.0 25.967449931245977 198.0 5.17171717171717 1.8421706829794184 1.36498551580882 5.869339320126588 0.0 26.380517004688823 145.0 7.06206896551723 6.599812247510329 8.555497930014969 28.568402560419546 0.0 23.60727266036167 44.0 23.272727272727266 1.4685772678168236 1.0158776072768176 3.9592310638267834 0.0 25.16905258271956 175.0 5.851428571428562 1.4821718997126845 3.7743625924153417 41.78745222094094 0.0 29.348448643212514 638.0 1.6050156739811945 24.07319097332853 10.878977035411614 36.9901087825193 0.0 13.537096399266316 42.0 24.380952380952376 0.67316311656262 1.058939836325291 4.365364986724842 0.0 29.23826360004977 667.0 1.535232383808098 1.4169618569110516 3.4117222292526472 32.874741622928155 0.0 29.45164062088824 644.0 1.5900621118012397 26.413959054522664 9.991545507772553 41.631810312897706 0.0 9.48347659176922 38.0 26.947368421052634 0.6580914509313256 1.0264785295261905 3.5217069291965686 0.0 29.384316693613304 680.0 1.505882352941178 1.3946511866458113 3.502690858301952 45.01462284090048 0.0 29.345482224521774 641.0 1.5975039001560107 28.13662262744742 5.58675950686399 35.76295777937128 0.0 7.64368178375316 36.0 28.44444444444444 0.6977944404766012 1.0905571814145025 4.365364986724842 0.0 29.32950224089589 666.0 1.5375375375375404 1.5808581349844968 1.2787414292486718 4.805157531375327 0.0 24.953048869858794 165.0 6.206060606060614 3.7999259219112256 4.630928748594334 15.074033345448699 0.0 18.278164124189033 61.0 16.786885245901644 1.2980705031923179 0.9690972654925982 3.4864782878754865 0.0 25.257642730712302 196.0 5.224489795918362 1.4500946405745956 1.2722205357252732 5.229274318386853 0.0 26.479237085727345 193.0 5.305699481865284 3.0291605850840084 4.331294450170493 15.166946884958433 0.0 16.38202594149101 78.0 13.128205128205122 1.247186405079555 0.9680684778583295 3.4681623663633308 0.0 25.45023110830266 219.0 4.675799086757991 1.6996848502698625 1.3658863068368194 5.869339320126588 0.0 26.577198136699405 160.0 6.400000000000004 5.7509802689467 8.135688109236638 28.568402560419546 0.0 22.17041322159677 52.0 19.6923076923077 1.29344880995317 1.0364836917429368 3.9592310638267834 0.0 25.83284448382671 195.0 5.251282051282055 
309.0005150327869 1.6651461017499545 1.2429993458365014 4.6261065484396156 0.0 25.799470476562522 105.0 9.752380952380944 3.056263059684581 4.12259513383657 13.834661177334347 0.0 15.970947686880438 51.0 20.078431372549026 1.3246991553798906 0.9281394053322238 3.4836138576524758 0.0 26.000875782667034 126.0 8.126984126984144 1.6756800169424264 1.2682519746735523 4.6261065484396156 0.0 26.69250067264566 111.0 9.225225225225216 3.215174161356519 4.115440220494991 13.241912419968985 0.0 16.309553926498698 49.0 20.89795918367347 1.3834591525988875 0.8746406494893674 3.332808309342373 0.0 26.118119880814813 133.0 7.6992481203007515 1.7040229184453872 1.350737349474202 5.6352774948562505 0.0 27.6506377012505 110.0 9.309090909090905 3.8649473481133176 6.466106547867601 24.628416408678792 0.0 21.257994108536618 46.0 22.260869565217398 1.410342496680556 0.9965322428027106 3.6016230121356916 0.0 26.215785468000025 126.0 8.126984126984144 0.0 0.0 0.0 0.0 0.0 1.0 1024.0 0.0 0.0 0.0 0.0 0.0 37.0 27.675675675675677 0.0 0.0 0.0 0.0 0.0 1.0 1024.0 0.0 0.0 0.0 0.0 0.0 1.0 1024.0 0.0 0.0 0.0 0.0 0.0 37.0 27.675675675675677 0.0 0.0 0.0 0.0 0.0 1.0 1024.0 0.0 0.0 0.0 0.0 0.0 1.0 1024.0 0.0 0.0 0.0 0.0 0.0 37.0 27.675675675675677 0.0 0.0 0.0 0.0 0.0 1.0 1024.0 1.7878106458068546 1.2112953583949102 4.805157531375327 0.0 25.327310762244274 150.0 6.826666666666676 4.58106600659779 4.752829121290701 15.074033345448699 0.0 19.31325074437748 51.0 20.078431372549023 1.3834532845382594 0.9662471048660553 3.4864782878754865 0.0 25.306913250458557 179.0 5.720670391061458 1.699932186167027 1.2129516108062908 4.805157531375327 0.0 26.18867949772848 162.0 6.3209876543209775 4.623389552209654 4.626418050729 15.166946884958433 0.0 19.60975946760939 50.0 20.48 1.3412669647427624 0.9337007107230544 3.355582661291501 0.0 25.967449931245977 198.0 5.17171717171717 1.8421706829794184 1.36498551580882 5.869339320126588 0.0 26.380517004688823 145.0 7.06206896551723 6.599812247510329 8.555497930014969 28.568402560419546 0.0 23.60727266036167 44.0 23.272727272727266 1.4685772678168236 1.0158776072768176 3.9592310638267834 0.0 25.16905258271956 175.0 5.851428571428562 1.4821718997126845 3.7743625924153417 41.78745222094094 0.0 29.348448643212514 638.0 1.6050156739811945 24.07319097332853 10.878977035411614 36.9901087825193 0.0 13.537096399266316 42.0 24.380952380952376 0.67316311656262 1.058939836325291 4.365364986724842 0.0 29.23826360004977 667.0 1.535232383808098 1.4169618569110516 3.4117222292526472 32.874741622928155 0.0 29.45164062088824 644.0 1.5900621118012397 26.413959054522664 9.991545507772553 41.631810312897706 0.0 9.48347659176922 38.0 26.947368421052634 0.6580914509313256 1.0264785295261905 3.5217069291965686 0.0 29.384316693613304 680.0 1.505882352941178 1.3946511866458113 3.502690858301952 45.01462284090048 0.0 29.345482224521774 641.0 1.5975039001560107 28.13662262744742 5.58675950686399 35.76295777937128 0.0 7.64368178375316 36.0 28.44444444444444 0.6977944404766012 1.0905571814145025 4.365364986724842 0.0 29.32950224089589 666.0 1.5375375375375404 1.5704195165619717 1.300165571000007 4.805157531375327 0.0 25.002185608396044 167.0 6.131736526946115 3.735630607399571 4.631585082663966 15.074033345448699 0.0 18.08433105043688 62.0 16.516129032258075 1.3198426357499773 0.9606961429213573 3.4864782878754865 0.0 25.147538354225034 189.0 5.417989417989418 1.498986155364027 1.2663783743024768 5.229274318386853 0.0 26.53392676164507 191.0 5.361256544502614 3.5607861633931828 4.380464311487071 15.166946884958433 0.0 17.429024943884343 69.0 14.840579710144922 1.193794772547435 0.9608648382893493 3.355582661291501 0.0 25.654512194373883 220.0 4.654545454545453 1.7555970007366726 1.3546781943507704 5.869339320126588 0.0 26.465799168695707 155.0 6.606451612903222 5.824940795102663 8.216061878983844 28.568402560419546 0.0 22.394964663691884 51.0 20.07843137254903 1.328365267354326 1.030733572639502 3.9592310638267834 0.0 25.670302023370663 192.0 5.3333333333333375 
310.0005150327869 1.6652283303554882 1.2429365135759238 4.6261065484396156 0.0 25.799939126973328 105.0 9.752380952380944 3.056263059684581 4.12259513383657 13.834661177334347 0.0 15.970947686880438 51.0 20.078431372549026 1.3246991553798906 0.9281394053322238 3.4836138576524758 0.0 26.000875782667034 126.0 8.126984126984144 1.6756800169424264 1.2682519746735523 4.6261065484396156 0.0 26.69250067264566 111.0 9.225225225225216 3.215174161356519 4.115440220494991 13.241912419968985 0.0 16.309553926498698 49.0 20.89795918367347 1.3834591525988875 0.8746406494893674 3.332808309342373 0.0 26.118119880814813 133.0 7.6992481203007515 1.7040229184453872 1.350737349474202 5.6352774948562505 0.0 27.6506377012505 110.0 9.309090909090905 3.8649473481133176 6.466106547867601 24.628416408678792 0.0 21.257994108536618 46.0 22.260869565217398 1.410342496680556 0.9965322428027106 3.6016230121356916 0.0 26.215785468000025 126.0 8.126984126984144 0.0 0.0 0.0 0.0 0.0 1.0 1024.0 0.0 0.0 0.0 0.0 0.0 37.0 27.675675675675677 0.0 0.0 0.0 0.0 0.0 1.0 1024.0 0.0 0.0 0.0 0.0 0.0 1.0 1024.0 0.0 0.0 0.0 0.0 0.0 37.0 27.675675675675677 0.0 0.0 0.0 0.0 0.0 1.0 1024.0 0.0 0.0 0.0 0.0 0.0 1.0 1024.0 0.0 0.0 0.0 0.0 0.0 37.0 27.675675675675677 0.0 0.0 0.0 0.0 0.0 1.0 1024.0 1.7878106458068546 1.2112953583949102 4.805157531375327 0.0 25.327310762244274 150.0 6.826666666666676 4.58106600659779 4.752829121290701 15.074033345448699 0.0 19.31325074437748 51.0 20.078431372549023 1.3834532845382594 0.9662471048660553 3.4864782878754865 0.0 25.306913250458557 179.0 5.720670391061458 1.699932186167027 1.2129516108062908 4.805157531375327 0.0 26.18867949772848 162.0 6.3209876543209775 4.623389552209654 4.626418050729 15.166946884958433 0.0 19.60975946760939 50.0 20.48 1.3412669647427624 0.9337007107230544 3.355582661291501 0.0 25.967449931245977 198.0 5.17171717171717 1.8421706829794184 1.36498551580882 5.869339320126588 0.0 26.380517004688823 145.0 7.06206896551723 6.599812247510329 8.555497930014969 28.568402560419546 0.0 23.60727266036167 44.0 23.272727272727266 1.4685772678168236 1.0158776072768176 3.9592310638267834 0.0 25.16905258271956 175.0 5.851428571428562 1.4821718997126845 3.7743625924153417 41.78745222094094 0.0 29.348448643212514 638.0 1.6050156739811945 24.07319097332853 10.878977035411614 36.9901087825193 0.0 13.537096399266316 42.0 24.380952380952376 0.67316311656262 1.058939836325291 4.365364986724842 0.0 29.23826360004977 667.0 1.535232383808098 1.4169618569110516 3.4117222292526472 32.874741622928155 0.0 29.45164062088824 644.0 1.5900621118012397 26.413959054522664 9.991545507772553 41.631810312897706 0.0 9.48347659176922 38.0 26.947368421052634 0.6580914509313256 1.0264785295261905 3.5217069291965686 0.0 29.384316693613304 680.0 1.505882352941178 1.3946511866458113 3.502690858301952 45.01462284090048 0.0 29.345482224521774 641.0 1.5975039001560107 28.13662262744742 5.58675950686399 35.76295777937128 0.0 7.64368178375316 36.0 28.44444444444444 0.6977944404766012 1.0905571814145025 4.365364986724842 0.0 29.32950224089589 666.0 1.5375375375375404 1.5844524419371262 1.3164048933820425 4.805157531375327 0.0 25.121700221665876 165.0 6.206060606060612 4.423168430613209 4.678412013221382 15.074033345448699 0.0 18.95897638983545 54.0 18.962962962962962 1.3698512485515848 0.950834135325353 3.4864782878754865 0.0 25.14021065057032 189.0 5.417989417989418 1.4928971195459144 1.2742617824045754 5.229274318386853 0.0 26.661159357565477 193.0 5.305699481865283 3.7987504949338793 4.42617676383908 15.166946884958433 0.0 18.161455951837972 64.0 16.0 1.1745407600224176 0.9600199556521029 3.355582661291501 0.0 25.776652302548296 223.0 4.591928251121068 1.7097643188304286 1.3644063077786637 5.869339320126588 0.0 26.98652182584573 159.0 6.440251572327046 5.261255672133942 8.086522496047719 28.568402560419546 0.0 21.732620648774557 55.0 18.618181818181814 1.3256109794456343 1.0330031893807374 3.9592310638267834 0.0 26.093649636786928 194.0 5.278350515463923 
311.0005150327869 1.6652283303554882 1.2429365135759238 4.6261065484396156 0.0 25.799939126973328 105.0 9.752380952380944 3.056263059684581 4.12259513383657 13.834661177334347 0.0 15.970947686880438 51.0 20.078431372549026 1.3246991553798906 0.9281394053322238 3.4836138576524758 0.0 26.000875782667034 126.0 8.126984126984144 1.6756800169424264 1.2682519746735523 4.6261065484396156 0.0 26.69250067264566 111.0 9.225225225225216 3.215174161356519 4.115440220494991 13.241912419968985 0.0 16.309553926498698 49.0 20.89795918367347 1.3834591525988875 0.8746406494893674 3.332808309342373 0.0 26.118119880814813 133.0 7.6992481203007515 1.7040229184453872 1.350737349474202 5.6352774948562505 0.0 27.6506377012505 110.0 9.309090909090905 3.8649473481133176 6.466106547867601 24.628416408678792 0.0 21.257994108536618 46.0 22.260869565217398 1.410342496680556 0.9965322428027106 3.6016230121356916 0.0 26.215785468000025 126.0 8.126984126984144 0.0 0.0 0.0 0.0 0.0 1.0 1024.0 0.0 0.0 0.0 0.0 0.0 37.0 27.675675675675677 0.0 0.0 0.0 0.0 0.0 1.0 1024.0 0.0 0.0 0.0 0.0 0.0 1.0 1024.0 0.0 0.0 0.0 0.0 0.0 37.0 27.675675675675677 0.0 0.0 0.0 0.0 0.0 1.0 1024.0 0.0 0.0 0.0 0.0 0.0 1.0 1024.0 0.0 0.0 0.0 0.0 0.0 37.0 27.675675675675677 0.0 0.0 0.0 0.0 0.0 1.0 1024.0 1.7878106458068546 1.2112953583949102 4.805157531375327 0.0 25.327310762244274 150.0 6.826666666666676 4.58106600659779 4.752829121290701 15.074033345448699 0.0 19.31325074437748 51.0 20.078431372549023 1.3834532845382594 0.9662471048660553 3.4864782878754865 0.0 25.306913250458557 179.0 5.720670391061458 1.699932186167027 1.2129516108062908 4.805157531375327 0.0 26.18867949772848 162.0 6.3209876543209775 4.623389552209654 4.626418050729 15.166946884958433 0.0 19.60975946760939 50.0 20.48 1.3412656753862575 0.9336976791791298 3.355582661291501 0.0 25.96804343157365 198.0 5.17171717171717 1.8421706829794184 1.36498551580882 5.869339320126588 0.0 26.380517004688823 145.0 7.06206896551723 6.599812247510329 8.555497930014969 28.568402560419546 0.0 23.60727266036167 44.0 23.272727272727266 1.4685772678168236 1.0158776072768176 3.9592310638267834 0.0 25.16905258271956 175.0 5.851428571428562 1.4821718997126845 3.7743625924153417 41.78745222094094 0.0 29.348448643212514 638.0 1.6050156739811945 24.07319097332853 10.878977035411614 36.9901087825193 0.0 13.537096399266316 42.0 24.380952380952376 0.67316311656262 1.058939836325291 4.365364986724842 0.0 29.23826360004977 667.0 1.535232383808098 1.4169618569110516 3.4117222292526472 32.874741622928155 0.0 29.45164062088824 644.0 1.5900621118012397 26.413959054522664 9.991545507772553 41.631810312897706 0.0 9.48347659176922 38.0 26.947368421052634 0.6580914509313256 1.0264785295261905 3.5217069291965686 0.0 29.384316693613304 680.0 1.505882352941178 1.3946511866458113 3.502690858301952 45.01462284090048 0.0 29.345482224521774 641.0 1.5975039001560107 28.13662262744742 5.58675950686399 35.76295777937128 0.0 7.64368178375316 36.0 28.44444444444444 0.6977944404766012 1.0905571814145025 4.365364986724842 0.0 29.32950224089589 666.0 1.5375375375375404 1.7132514114585753 1.2828331384590905 4.805157531375327 0.0 25.00794469744912 156.0 6.5641025641025745 3.9560727059550937 4.637821877311382 15.074033345448699 0.0 18.432505196765074 60.0 17.06666666666667 1.3384947932203157 0.9479344313760438 3.4864782878754865 0.0 25.329160774417726 188.0 5.4468085106382995 1.5198616495687212 1.2333474191600307 4.805157531375327 0.0 26.606672371040855 187.0 5.475935828877003 3.5506106531328445 4.45488183061233 15.166946884958433 0.0 18.19330512796426 66.0 15.515151515151524 1.2127698185295481 0.9419049541279965 3.355582661291501 0.0 25.986857754688405 216.0 4.740740740740746 1.6450610546806799 1.380881147836517 5.869339320126588 0.0 27.402903711926296 165.0 6.206060606060609 5.408965453602268 8.10002991521736 28.568402560419546 0.0 21.92435865270603 54.0 18.96296296296297 1.2913438981025498 1.0358049361622708 3.9592310638267834 0.0 26.331539141769074 199.0 5.145728643216074 
312.0005150327869 1.6652283303554882 1.2429365135759238 4.6261065484396156 0.0 25.799939126973328 105.0 9.752380952380944 3.056263059684581 4.12259513383657 13.834661177334347 0.0 15.970947686880438 51.0 20.078431372549026 1.3246991553798906 0.9281394053322238 3.4836138576524758 0.0 26.000875782667034 126.0 8.126984126984144 1.6756800169424264 1.2682519746735523 4.6261065484396156 0.0 26.69250067264566 111.0 9.225225225225216 3.215174161356519 4.115440220494991 13.241912419968985 0.0 16.309553926498698 49.0 20.89795918367347 1.3834591525988875 0.8746406494893674 3.332808309342373 0.0 26.118119880814813 133.0 7.6992481203007515 1.7040229184453872 1.350737349474202 5.6352774948562505 0.0 27.6506377012505 110.0 9.309090909090905 3.8649473481133176 6.466106547867601 24.628416408678792 0.0 21.257994108536618 46.0 22.260869565217398 1.410342496680556 0.9965322428027106 3.6016230121356916 0.0 26.215785468000025 126.0 8.126984126984144 0.0 0.0 0.0 0.0 0.0 1.0 1024.0 0.0 0.0 0.0 0.0 0.0 37.0 27.675675675675677 0.0 0.0 0.0 0.0 0.0 1.0 1024.0 0.0 0.0 0.0 0.0 0.0 1.0 1024.0 0.0 0.0 0.0 0.0 0.0 37.0 27.675675675675677 0.0 0.0 0.0 0.0 0.0 1.0 1024.0 0.0 0.0 0.0 0.0 0.0 1.0 1024.0 0.0 0.0 0.0 0.0 0.0 37.0 27.675675675675677 0.0 0.0 0.0 0.0 0.0 1.0 1024.0 1.7878106458068546 1.2112953583949102 4.805157531375327 0.0 25.327310762244274 150.0 6.826666666666676 4.58106600659779 4.752829121290701 15.074033345448699 0.0 19.31325074437748 51.0 20.078431372549023 1.3834532845382594 0.9662471048660553 3.4864782878754865 0.0 25.306913250458557 179.0 5.720670391061458 1.699932186167027 1.2129516108062908 4.805157531375327 0.0 26.18867949772848 162.0 6.3209876543209775 4.623389552209654 4.626418050729 15.166946884958433 0.0 19.60975946760939 50.0 20.48 1.3412656753862575 0.9336976791791298 3.355582661291501 0.0 25.96804343157365 198.0 5.17171717171717 1.8421706829794184 1.36498551580882 5.869339320126588 0.0 26.380517004688823 145.0 7.06206896551723 6.599812247510329 8.555497930014969 28.568402560419546 0.0 23.60727266036167 44.0 23.272727272727266 1.4685772678168236 1.0158776072768176 3.9592310638267834 0.0 25.16905258271956 175.0 5.851428571428562 1.4821718997126845 3.7743625924153417 41.78745222094094 0.0 29.348448643212514 638.0 1.6050156739811945 24.07319097332853 10.878977035411614 36.9901087825193 0.0 13.537096399266316 42.0 24.380952380952376 0.67316311656262 1.058939836325291 4.365364986724842 0.0 29.23826360004977 667.0 1.535232383808098 1.4169618569110516 3.4117222292526472 32.874741622928155 0.0 29.45164062088824 644.0 1.5900621118012397 26.413959054522664 9.991545507772553 41.631810312897706 0.0 9.48347659176922 38.0 26.947368421052634 0.6580914509313256 1.0264785295261905 3.5217069291965686 0.0 29.384316693613304 680.0 1.505882352941178 1.3946511866458113 3.502690858301952 45.01462284090048 0.0 29.345482224521774 641.0 1.5975039001560107 28.13662262744742 5.58675950686399 35.76295777937128 0.0 7.64368178375316 36.0 28.44444444444444 0.6977944404766012 1.0905571814145025 4.365364986724842 0.0 29.32950224089589 666.0 1.5375375375375404 1.677660478249224 1.2721467691159194 4.805157531375327 0.0 25.113747021165587 157.0 6.522292993630575 3.6770266075839406 4.574784201980356 15.074033345448699 0.0 17.977132602691423 65.0 15.753846153846155 1.276652523998723 0.9664473027885488 3.4864782878754865 0.0 25.2958707437181 195.0 5.251282051282053 1.5436471405395278 1.217857423544145 4.805157531375327 0.0 26.453000037034293 184.0 5.565217391304344 3.925542111208112 4.561677047515689 15.166946884958433 0.0 18.66610044573452 59.0 17.355932203389827 1.2227852649547295 0.9392514870959762 3.355582661291501 0.0 26.281286238003993 218.0 4.697247706422019 1.75688376586117 1.3533419402453992 5.869339320126588 0.0 26.711599895962134 155.0 6.606451612903227 5.619033413899994 8.187574440450598 28.568402560419546 0.0 22.199765028465656 52.0 19.6923076923077 1.359987952432241 1.023367230012891 3.9592310638267834 0.0 25.693464520297642 189.0 5.417989417989418 
313.0005150327869 1.6492976968069182 1.2477603938281725 4.6261065484396156 0.0 25.854263273487096 106.0 9.660377358490567 3.056263059684581 4.12259513383657 13.834661177334347 0.0 15.970947686880438 51.0 20.078431372549026 1.3246991553798906 0.9281394053322238 3.4836138576524758 0.0 26.000875782667034 126.0 8.126984126984144 1.6756800169424264 1.2682519746735523 4.6261065484396156 0.0 26.69250067264566 111.0 9.225225225225216 3.215174161356519 4.115440220494991 13.241912419968985 0.0 16.309553926498698 49.0 20.89795918367347 1.3834591525988875 0.8746406494893674 3.332808309342373 0.0 26.118119880814813 133.0 7.6992481203007515 1.7040229184453872 1.350737349474202 5.6352774948562505 0.0 27.6506377012505 110.0 9.309090909090905 3.8649473481133176 6.466106547867601 24.628416408678792 0.0 21.257994108536618 46.0 22.260869565217398 1.410342496680556 0.9965322428027106 3.6016230121356916 0.0 26.215785468000025 126.0 8.126984126984144 0.0 0.0 0.0 0.0 0.0 1.0 1024.0 0.0 0.0 0.0 0.0 0.0 37.0 27.675675675675677 0.0 0.0 0.0 0.0 0.0 1.0 1024.0 0.0 0.0 0.0 0.0 0.0 1.0 1024.0 0.0 0.0 0.0 0.0 0.0 37.0 27.675675675675677 0.0 0.0 0.0 0.0 0.0 1.0 1024.0 0.0 0.0 0.0 0.0 0.0 1.0 1024.0 0.0 0.0 0.0 0.0 0.0 37.0 27.675675675675677 0.0 0.0 0.0 0.0 0.0 1.0 1024.0 1.7878106458068546 1.2112953583949102 4.805157531375327 0.0 25.327310762244274 150.0 6.826666666666676 4.58106600659779 4.752829121290701 15.074033345448699 0.0 19.31325074437748 51.0 20.078431372549023 1.3834532845382594 0.9662471048660553 3.4864782878754865 0.0 25.306913250458557 179.0 5.720670391061458 1.699932186167027 1.2129516108062908 4.805157531375327 0.0 26.18867949772848 162.0 6.3209876543209775 4.623389552209654 4.626418050729 15.166946884958433 0.0 19.60975946760939 50.0 20.48 1.341109788696857 0.9338872335433466 3.355582661291501 0.0 25.968727279038667 198.0 5.17171717171717 1.8421706829794184 1.36498551580882 5.869339320126588 0.0 26.380517004688823 145.0 7.06206896551723 6.599812247510329 8.555497930014969 28.568402560419546 0.0 23.60727266036167 44.0 23.272727272727266 1.4685772678168236 1.0158776072768176 3.9592310638267834 0.0 25.16905258271956 175.0 5.851428571428562 1.4821718997126845 3.7743625924153417 41.78745222094094 0.0 29.348448643212514 638.0 1.6050156739811945 24.07319097332853 10.878977035411614 36.9901087825193 0.0 13.537096399266316 42.0 24.380952380952376 0.67316311656262 1.058939836325291 4.365364986724842 0.0 29.23826360004977 667.0 1.535232383808098 1.4169618569110516 3.4117222292526472 32.874741622928155 0.0 29.45164062088824 644.0 1.5900621118012397 26.413959054522664 9.991545507772553 41.631810312897706 0.0 9.48347659176922 38.0 26.947368421052634 0.6580914509313256 1.0264785295261905 3.5217069291965686 0.0 29.384316693613304 680.0 1.505882352941178 1.3946511866458113 3.502690858301952 45.01462284090048 0.0 29.345482224521774 641.0 1.5975039001560107 28.13662262744742 5.58675950686399 35.76295777937128 0.0 7.64368178375316 36.0 28.44444444444444 0.6977944404766012 1.0905571814145025 4.365364986724842 0.0 29.32950224089589 666.0 1.5375375375375404 1.6782730118310178 1.2738835079988753 4.805157531375327 0.0 25.24489501740154 156.0 6.5641025641025745 3.975240513724275 4.636957841448816 15.074033345448699 0.0 18.380348281548365 60.0 17.06666666666667 1.3312852046871213 0.9546490366136963 3.4864782878754865 0.0 25.08127772576792 190.0 5.389473684210527 1.5686817635979882 1.215738998432996 4.805157531375327 0.0 26.45770426199857 180.0 5.688888888888891 4.227968063918395 4.587931179917352 15.166946884958433 0.0 19.128459386466915 55.0 18.618181818181814 1.2067027837830235 0.9539984931520951 3.355582661291501 0.0 26.292123677597555 220.0 4.6545454545454525 1.7779876009077156 1.3500712065057814 5.869339320126588 0.0 26.51871609435008 153.0 6.692810457516346 5.657927153873122 8.17315141091358 28.568402560419546 0.0 22.312652163016768 52.0 19.6923076923077 1.3975638994329833 1.0156076797521019 3.9592310638267834 0.0 25.468810648265883 185.0 5.535135135135135 
314.0005150327869 1.654341194581573 1.24207887329752 4.6261065484396156 0.0 25.858481330947967 106.0 9.660377358490567 3.056263059684581 4.12259513383657 13.834661177334347 0.0 15.970947686880438 51.0 20.078431372549026 1.3246991553798906 0.9281394053322238 3.4836138576524758 0.0 26.000875782667034 126.0 8.126984126984144 1.6756800169424264 1.2682519746735523 4.6261065484396156 0.0 26.69250067264566 111.0 9.225225225225216 3.215174161356519 4.115440220494991 13.241912419968985 0.0 16.309553926498698 49.0 20.89795918367347 1.3834591525988875 0.8746406494893674 3.332808309342373 0.0 26.118119880814813 133.0 7.6992481203007515 1.7040229184453872 1.350737349474202 5.6352774948562505 0.0 27.6506377012505 110.0 9.309090909090905 3.8649473481133176 6.466106547867601 24.628416408678792 0.0 21.257994108536618 46.0 22.260869565217398 1.410342496680556 0.9965322428027106 3.6016230121356916 0.0 26.215785468000025 126.0 8.126984126984144 0.0 0.0 0.0 0.0 0.0 1.0 1024.0 0.0 0.0 0.0 0.0 0.0 37.0 27.675675675675677 0.0 0.0 0.0 0.0 0.0 1.0 1024.0 0.0 0.0 0.0 0.0 0.0 1.0 1024.0 0.0 0.0 0.0 0.0 0.0 37.0 27.675675675675677 0.0 0.0 0.0 0.0 0.0 1.0 1024.0 0.0 0.0 0.0 0.0 0.0 1.0 1024.0 0.0 0.0 0.0 0.0 0.0 37.0 27.675675675675677 0.0 0.0 0.0 0.0 0.0 1.0 1024.0 1.7878106458068546 1.2112953583949102 4.805157531375327 0.0 25.327310762244274 150.0 6.826666666666676 4.58106600659779 4.752829121290701 15.074033345448699 0.0 19.31325074437748 51.0 20.078431372549023 1.3834532845382594 0.9662471048660553 3.4864782878754865 0.0 25.306913250458557 179.0 5.720670391061458 1.699932186167027 1.2129516108062908 4.805157531375327 0.0 26.18867949772848 162.0 6.3209876543209775 4.623389552209654 4.626418050729 15.166946884958433 0.0 19.60975946760939 50.0 20.48 1.341109788696857 0.9338872335433466 3.355582661291501 0.0 25.968727279038667 198.0 5.17171717171717 1.8421706829794184 1.36498551580882 5.869339320126588 0.0 26.380517004688823 145.0 7.06206896551723 6.599812247510329 8.555497930014969 28.568402560419546 0.0 23.60727266036167 44.0 23.272727272727266 1.4685772678168236 1.0158776072768176 3.9592310638267834 0.0 25.16905258271956 175.0 5.851428571428562 1.4821718997126845 3.7743625924153417 41.78745222094094 0.0 29.348448643212514 638.0 1.6050156739811945 24.07319097332853 10.878977035411614 36.9901087825193 0.0 13.537096399266316 42.0 24.380952380952376 0.67316311656262 1.058939836325291 4.365364986724842 0.0 29.23826360004977 667.0 1.535232383808098 1.4169618569110516 3.4117222292526472 32.874741622928155 0.0 29.45164062088824 644.0 1.5900621118012397 26.413959054522664 9.991545507772553 41.631810312897706 0.0 9.48347659176922 38.0 26.947368421052634 0.6580914509313256 1.0264785295261905 3.5217069291965686 0.0 29.384316693613304 680.0 1.505882352941178 1.3946511866458113 3.502690858301952 45.01462284090048 0.0 29.345482224521774 641.0 1.5975039001560107 28.13662262744742 5.58675950686399 35.76295777937128 0.0 7.64368178375316 36.0 28.44444444444444 0.6977944404766012 1.0905571814145025 4.365364986724842 0.0 29.32950224089589 666.0 1.5375375375375404 1.674921979864082 1.285548465936045 4.805157531375327 0.0 25.253426435598744 156.0 6.564102564102574 4.114132101121634 4.698092575516257 15.074033345448699 0.0 18.684872734178644 57.0 17.964912280701753 1.302394725405188 0.9656590924545191 3.4864782878754865 0.0 25.14756904531701 194.0 5.278350515463917 1.5658599723270206 1.2358943942555642 4.805157531375327 0.0 26.489280516616844 180.0 5.688888888888891 4.367223215323367 4.613623539126933 15.166946884958433 0.0 19.330708232510656 53.0 19.320754716981135 1.255749055592651 0.9437783096025498 3.355582661291501 0.0 26.11728090370179 213.0 4.807511737089196 1.7216805013870224 1.3647479950841617 5.869339320126588 0.0 26.971428357641475 158.0 6.481012658227855 5.726788676746377 8.241351144413612 28.568402560419546 0.0 22.689636947200107 51.0 20.07843137254903 1.369070636798521 1.0251824328388315 3.9592310638267834 0.0 25.857867866309228 189.0 5.417989417989418 
315.0005150327869 1.652217884877479 1.244178972270462 4.6261065484396156 0.0 25.861389993070247 106.0 9.660377358490567 3.056263059684581 4.12259513383657 13.834661177334347 0.0 15.970947686880438 51.0 20.078431372549026 1.3246991553798906 0.9281394053322238 3.4836138576524758 0.0 26.000875782667034 126.0 8.126984126984144 1.6756800169424264 1.2682519746735523 4.6261065484396156 0.0 26.69250067264566 111.0 9.225225225225216 3.215174161356519 4.115440220494991 13.241912419968985 0.0 16.309553926498698 49.0 20.89795918367347 1.3834591525988875 0.8746406494893674 3.332808309342373 0.0 26.118119880814813 133.0 7.6992481203007515 1.7040229184453872 1.350737349474202 5.6352774948562505 0.0 27.6506377012505 110.0 9.309090909090905 3.8649473481133176 6.466106547867601 24.628416408678792 0.0 21.257994108536618 46.0 22.260869565217398 1.410342496680556 0.9965322428027106 3.6016230121356916 0.0 26.215785468000025 126.0 8.126984126984144 0.0 0.0 0.0 0.0 0.0 1.0 1024.0 0.0 0.0 0.0 0.0 0.0 37.0 27.675675675675677 0.0 0.0 0.0 0.0 0.0 1.0 1024.0 0.0 0.0 0.0 0.0 0.0 1.0 1024.0 0.0 0.0 0.0 0.0 0.0 37.0 27.675675675675677 0.0 0.0 0.0 0.0 0.0 1.0 1024.0 0.0 0.0 0.0 0.0 0.0 1.0 1024.0 0.0 0.0 0.0 0.0 0.0 37.0 27.675675675675677 0.0 0.0 0.0 0.0 0.0 1.0 1024.0 1.7878106458068546 1.2112953583949102 4.805157531375327 0.0 25.327310762244274 150.0 6.826666666666676 4.58106600659779 4.752829121290701 15.074033345448699 0.0 19.31325074437748 51.0 20.078431372549023 1.3834532845382594 0.9662471048660553 3.4864782878754865 0.0 25.306913250458557 179.0 5.720670391061458 1.699932186167027 1.2129516108062908 4.805157531375327 0.0 26.18867949772848 162.0 6.3209876543209775 4.623389552209654 4.626418050729 15.166946884958433 0.0 19.60975946760939 50.0 20.48 1.341109788696857 0.9338872335433466 3.355582661291501 0.0 25.968727279038667 198.0 5.17171717171717 1.8421706829794184 1.36498551580882 5.869339320126588 0.0 26.380517004688823 145.0 7.06206896551723 6.599812247510329 8.555497930014969 28.568402560419546 0.0 23.60727266036167 44.0 23.272727272727266 1.4685772678168236 1.0158776072768176 3.9592310638267834 0.0 25.16905258271956 175.0 5.851428571428562 1.4821718997126845 3.7743625924153417 41.78745222094094 0.0 29.348448643212514 638.0 1.6050156739811945 24.07319097332853 10.878977035411614 36.9901087825193 0.0 13.537096399266316 42.0 24.380952380952376 0.67316311656262 1.058939836325291 4.365364986724842 0.0 29.23826360004977 667.0 1.535232383808098 1.4169618569110516 3.4117222292526472 32.874741622928155 0.0 29.45164062088824 644.0 1.5900621118012397 26.413959054522664 9.991545507772553 41.631810312897706 0.0 9.48347659176922 38.0 26.947368421052634 0.6580914509313256 1.0264785295261905 3.5217069291965686 0.0 29.384316693613304 680.0 1.505882352941178 1.3946511866458113 3.502690858301952 45.01462284090048 0.0 29.345482224521774 641.0 1.5975039001560107 28.13662262744742 5.58675950686399 35.76295777937128 0.0 7.64368178375316 36.0 28.44444444444444 0.6977944404766012 1.0905571814145025 4.365364986724842 0.0 29.32950224089589 666.0 1.5375375375375404 1.6831280591117157 1.281494426596364 4.805157531375327 0.0 25.176751202330536 157.0 6.522292993630575 4.245122588453408 4.729675234998555 15.074033345448699 0.0 19.002341288418737 55.0 18.618181818181814 1.3290804757994943 0.9567240093103677 3.4864782878754865 0.0 25.355357495199424 192.0 5.333333333333333 1.5768246333810927 1.2293582271486108 4.805157531375327 0.0 26.49022300469126 179.0 5.720670391061458 4.449961646732473 4.618764553555939 15.166946884958433 0.0 19.446330520899036 52.0 19.692307692307693 1.2797251046037112 0.9498538381135301 3.355582661291501 0.0 26.119778864599965 210.0 4.876190476190472 1.6720303263284637 1.3729911586275734 5.869339320126588 0.0 27.349065488565167 163.0 6.28220858895705 5.8133703203176 8.300209601816615 28.568402560419546 0.0 22.679592755616596 50.0 20.480000000000004 1.3390693095339874 1.0377692665296336 3.9592310638267834 0.0 26.180808145939803 194.0 5.278350515463922 
316.0005150327869 1.6510337019480426 1.2456456561074547 4.6261065484396156 0.0 25.860310378286382 106.0 9.660377358490567 3.056263059684581 4.12259513383657 13.834661177334347 0.0 15.970947686880438 51.0 20.078431372549026 1.3246991553798906 0.9281394053322238 3.4836138576524758 0.0 26.000875782667034 126.0 8.126984126984144 1.6756393422520186 1.2683534685603903 4.6261065484396156 0.0 26.69324182911376 111.0 9.225225225225216 3.215174161356519 4.115440220494991 13.241912419968985 0.0 16.309553926498698 49.0 20.89795918367347 1.3834591525988875 0.8746406494893674 3.332808309342373 0.0 26.118119880814813 133.0 7.6992481203007515 1.7040229184453872 1.350737349474202 5.6352774948562505 0.0 27.6506377012505 110.0 9.309090909090905 3.8649473481133176 6.466106547867601 24.628416408678792 0.0 21.257994108536618 46.0 22.260869565217398 1.410342496680556 0.9965322428027106 3.6016230121356916 0.0 26.215785468000025 126.0 8.126984126984144 0.0 0.0 0.0 0.0 0.0 1.0 1024.0 0.0 0.0 0.0 0.0 0.0 37.0 27.675675675675677 0.0 0.0 0.0 0.0 0.0 1.0 1024.0 0.0 0.0 0.0 0.0 0.0 1.0 1024.0 0.0 0.0 0.0 0.0 0.0 37.0 27.675675675675677 0.0 0.0 0.0 0.0 0.0 1.0 1024.0 0.0 0.0 0.0 0.0 0.0 1.0 1024.0 0.0 0.0 0.0 0.0 0.0 37.0 27.675675675675677 0.0 0.0 0.0 0.0 0.0 1.0 1024.0 1.7878106458068546 1.2112953583949102 4.805157531375327 0.0 25.327310762244274 150.0 6.826666666666676 4.58106600659779 4.752829121290701 15.074033345448699 0.0 19.31325074437748 51.0 20.078431372549023 1.3834532845382594 0.9662471048660553 3.4864782878754865 0.0 25.306913250458557 179.0 5.720670391061458 1.699932186167027 1.2129516108062908 4.805157531375327 0.0 26.18867949772848 162.0 6.3209876543209775 4.623389552209654 4.626418050729 15.166946884958433 0.0 19.60975946760939 50.0 20.48 1.341075689602769 0.9339276152030661 3.355582661291501 0.0 25.96901225995996 198.0 5.17171717171717 1.8421706829794184 1.36498551580882 5.869339320126588 0.0 26.380517004688823 145.0 7.06206896551723 6.599812247510329 8.555497930014969 28.568402560419546 0.0 23.60727266036167 44.0 23.272727272727266 1.4685772678168236 1.0158776072768176 3.9592310638267834 0.0 25.16905258271956 175.0 5.851428571428562 1.4821718997126845 3.7743625924153417 41.78745222094094 0.0 29.348448643212514 638.0 1.6050156739811945 24.07319097332853 10.878977035411614 36.9901087825193 0.0 13.537096399266316 42.0 24.380952380952376 0.67316311656262 1.058939836325291 4.365364986724842 0.0 29.23826360004977 667.0 1.535232383808098 1.4169618569110516 3.4117222292526472 32.874741622928155 0.0 29.45164062088824 644.0 1.5900621118012397 26.413959054522664 9.991545507772553 41.631810312897706 0.0 9.48347659176922 38.0 26.947368421052634 0.6580914509313256 1.0264785295261905 3.5217069291965686 0.0 29.384316693613304 680.0 1.505882352941178 1.3946511866458113 3.502690858301952 45.01462284090048 0.0 29.345482224521774 641.0 1.5975039001560107 28.13662262744742 5.58675950686399 35.76295777937128 0.0 7.64368178375316 36.0 28.44444444444444 0.6977944404766012 1.0905571814145025 4.365364986724842 0.0 29.32950224089589 666.0 1.5375375375375404 1.7106430817678084 1.2689720379619531 4.805157531375327 0.0 25.106754371657814 155.0 6.6064516129032205 4.260230714599556 4.717864991179515 15.074033345448699 0.0 19.02961490276442 55.0 18.618181818181814 1.3010631689542875 0.9582999274177476 3.4864782878754865 0.0 25.33935120407755 193.0 5.305699481865288 1.5781091726632777 1.2295323837761178 4.805157531375327 0.0 26.53627522826016 178.0 5.752808988764034 4.458456844869552 4.611126016650917 15.166946884958433 0.0 19.443219703754092 52.0 19.692307692307693 1.274653262471475 0.9520525069977402 3.355582661291501 0.0 26.079818271454197 210.0 4.876190476190471 1.759585857132416 1.3506716024462233 5.869339320126588 0.0 26.63523141811996 155.0 6.606451612903227 6.050320640348642 8.38984204303356 28.568402560419546 0.0 22.926062857571562 48.0 21.333333333333332 1.3794467198913625 1.0317034100168936 3.9592310638267834 0.0 25.511426448838083 186.0 5.505376344086026 
317.0005150327869 1.6711124647310902 1.2361296941198099 4.6261065484396156 0.0 25.80428800157183 105.0 9.752380952380944 3.056263059684581 4.12259513383657 13.834661177334347 0.0 15.970947686880438 51.0 20.078431372549026 1.3246991553798906 0.9281394053322238 3.4836138576524758 0.0 26.000875782667034 126.0 8.126984126984144 1.6756393422520186 1.2683534685603903 4.6261065484396156 0.0 26.69324182911376 111.0 9.225225225225216 3.215174161356519 4.115440220494991 13.241912419968985 0.0 16.309553926498698 49.0 20.89795918367347 1.3834591525988875 0.8746406494893674 3.332808309342373 0.0 26.118119880814813 133.0 7.6992481203007515 1.7040229184453872 1.350737349474202 5.6352774948562505 0.0 27.6506377012505 110.0 9.309090909090905 3.8649473481133176 6.466106547867601 24.628416408678792 0.0 21.257994108536618 46.0 22.260869565217398 1.410342496680556 0.9965322428027106 3.6016230121356916 0.0 26.215785468000025 126.0 8.126984126984144 0.0 0.0 0.0 0.0 0.0 1.0 1024.0 0.0 0.0 0.0 0.0 0.0 37.0 27.675675675675677 0.0 0.0 0.0 0.0 0.0 1.0 1024.0 0.0 0.0 0.0 0.0 0.0 1.0 1024.0 0.0 0.0 0.0 0.0 0.0 37.0 27.675675675675677 0.0 0.0 0.0 0.0 0.0 1.0 1024.0 0.0 0.0 0.0 0.0 0.0 1.0 1024.0 0.0 0.0 0.0 0.0 0.0 37.0 27.675675675675677 0.0 0.0 0.0 0.0 0.0 1.0 1024.0 1.7878106458068546 1.2112953583949102 4.805157531375327 0.0 25.327310762244274 150.0 6.826666666666676 4.58106600659779 4.752829121290701 15.074033345448699 0.0 19.31325074437748 51.0 20.078431372549023 1.3834532845382594 0.9662471048660553 3.4864782878754865 0.0 25.306913250458557 179.0 5.720670391061458 1.699932186167027 1.2129516108062908 4.805157531375327 0.0 26.18867949772848 162.0 6.3209876543209775 4.623389552209654 4.626418050729 15.166946884958433 0.0 19.60975946760939 50.0 20.48 1.341075689602769 0.9339276152030661 3.355582661291501 0.0 25.96901225995996 198.0 5.17171717171717 1.8421706829794184 1.36498551580882 5.869339320126588 0.0 26.380517004688823 145.0 7.06206896551723 6.599812247510329 8.555497930014969 28.568402560419546 0.0 23.60727266036167 44.0 23.272727272727266 1.4685772678168236 1.0158776072768176 3.9592310638267834 0.0 25.16905258271956 175.0 5.851428571428562 1.4821718997126845 3.7743625924153417 41.78745222094094 0.0 29.348448643212514 638.0 1.6050156739811945 24.07319097332853 10.878977035411614 36.9901087825193 0.0 13.537096399266316 42.0 24.380952380952376 0.67316311656262 1.058939836325291 4.365364986724842 0.0 29.23826360004977 667.0 1.535232383808098 1.4169618569110516 3.4117222292526472 32.874741622928155 0.0 29.45164062088824 644.0 1.5900621118012397 26.413959054522664 9.991545507772553 41.631810312897706 0.0 9.48347659176922 38.0 26.947368421052634 0.6580914509313256 1.0264785295261905 3.5217069291965686 0.0 29.384316693613304 680.0 1.505882352941178 1.3946511866458113 3.502690858301952 45.01462284090048 0.0 29.345482224521774 641.0 1.5975039001560107 28.13662262744742 5.58675950686399 35.76295777937128 0.0 7.64368178375316 36.0 28.44444444444444 0.6977944404766012 1.0905571814145025 4.365364986724842 0.0 29.32950224089589 666.0 1.5375375375375404 1.7089306318630766 1.2769033715844644 4.805157531375327 0.0 25.126464848052933 155.0 6.6064516129032205 4.2530952653063725 4.7236827386312825 15.074033345448699 0.0 19.03463100391741 55.0 18.618181818181814 1.303792512253391 0.9603885664360372 3.4864782878754865 0.0 25.549523674168984 194.0 5.2783505154639165 1.5678072626347086 1.231850807239929 4.805157531375327 0.0 26.63771275362905 179.0 5.720670391061458 4.381035963414264 4.601686040306205 15.166946884958433 0.0 19.346669148923848 53.0 19.320754716981135 1.30489592577962 0.9430591161243062 3.355582661291501 0.0 26.030372517143505 210.0 4.87619047619047 1.7981707846541228 1.3374121726309085 5.869339320126588 0.0 26.426922125187893 152.0 6.736842105263155 5.940512921706188 8.337817008633772 28.568402560419546 0.0 22.848196067126764 49.0 20.897959183673468 1.4172687507273916 1.0271591254312367 3.9592310638267834 0.0 25.333319521208512 181.0 5.657458563535922 
318.0005150327869 1.6711124647310902 1.2361296941198099 4.6261065484396156 0.0 25.80428800157183 105.0 9.752380952380944 3.056263059684581 4.12259513383657 13.834661177334347 0.0 15.970947686880438 51.0 20.078431372549026 1.3246991553798906 0.9281394053322238 3.4836138576524758 0.0 26.000875782667034 126.0 8.126984126984144 1.675568589235648 1.2684731757487435 4.6261065484396156 0.0 26.6939456997156 111.0 9.225225225225216 3.215174161356519 4.115440220494991 13.241912419968985 0.0 16.309553926498698 49.0 20.89795918367347 1.3834591525988875 0.8746406494893674 3.332808309342373 0.0 26.118119880814813 133.0 7.6992481203007515 1.7049961204885735 1.3501349219171261 5.6352774948562505 0.0 27.65355608478594 110.0 9.309090909090905 3.8649473481133176 6.466106547867601 24.628416408678792 0.0 21.257994108536618 46.0 22.260869565217398 1.410342496680556 0.9965322428027106 3.6016230121356916 0.0 26.215785468000025 126.0 8.126984126984144 0.0 0.0 0.0 0.0 0.0 1.0 1024.0 0.0 0.0 0.0 0.0 0.0 37.0 27.675675675675677 0.0 0.0 0.0 0.0 0.0 1.0 1024.0 0.0 0.0 0.0 0.0 0.0 1.0 1024.0 0.0 0.0 0.0 0.0 0.0 37.0 27.675675675675677 0.0 0.0 0.0 0.0 0.0 1.0 1024.0 0.0 0.0 0.0 0.0 0.0 1.0 1024.0 0.0 0.0 0.0 0.0 0.0 37.0 27.675675675675677 0.0 0.0 0.0 0.0 0.0 1.0 1024.0 1.7878106458068546 1.2112953583949102 4.805157531375327 0.0 25.327310762244274 150.0 6.826666666666676 4.58106600659779 4.752829121290701 15.074033345448699 0.0 19.31325074437748 51.0 20.078431372549023 1.3834532845382594 0.9662471048660553 3.4864782878754865 0.0 25.306913250458557 179.0 5.720670391061458 1.699932186167027 1.2129516108062908 4.805157531375327 0.0 26.18867949772848 162.0 6.3209876543209775 4.623389552209654 4.626418050729 15.166946884958433 0.0 19.60975946760939 50.0 20.48 1.3422707822151534 0.9323534916510414 3.355582661291501 0.0 25.97028155736894 198.0 5.1717171717171695 1.8421706829794184 1.36498551580882 5.869339320126588 0.0 26.380517004688823 145.0 7.06206896551723 6.599812247510329 8.555497930014969 28.568402560419546 0.0 23.60727266036167 44.0 23.272727272727266 1.4685772678168236 1.0158776072768176 3.9592310638267834 0.0 25.16905258271956 175.0 5.851428571428562 1.4821718997126845 3.7743625924153417 41.78745222094094 0.0 29.348448643212514 638.0 1.6050156739811945 24.07319097332853 10.878977035411614 36.9901087825193 0.0 13.537096399266316 42.0 24.380952380952376 0.67316311656262 1.058939836325291 4.365364986724842 0.0 29.23826360004977 667.0 1.535232383808098 1.4169618569110516 3.4117222292526472 32.874741622928155 0.0 29.45164062088824 644.0 1.5900621118012397 26.413959054522664 9.991545507772553 41.631810312897706 0.0 9.48347659176922 38.0 26.947368421052634 0.6580914509313256 1.0264785295261905 3.5217069291965686 0.0 29.384316693613304 680.0 1.505882352941178 1.3946511866458113 3.502690858301952 45.01462284090048 0.0 29.345482224521774 641.0 1.5975039001560107 28.13662262744742 5.58675950686399 35.76295777937128 0.0 7.64368178375316 36.0 28.44444444444444 0.6977944404766012 1.0905571814145025 4.365364986724842 0.0 29.32950224089589 666.0 1.5375375375375404 1.6681127910138722 1.2893154314557869 4.805157531375327 0.0 25.19431026642131 157.0 6.522292993630575 4.325885019824742 4.736793101978489 15.074033345448699 0.0 19.112114957954432 54.0 18.962962962962962 1.3096350992050352 0.9585183508426957 3.4864782878754865 0.0 25.51125924738871 192.0 5.333333333333333 1.5713659779285747 1.225681840386084 4.805157531375327 0.0 26.492780279315756 179.0 5.720670391061458 4.623395501590113 4.626421987348519 15.166946884958433 0.0 19.608737172440204 50.0 20.48 1.3259892905881274 0.9461806787999021 3.355582661291501 0.0 26.087734004502074 209.0 4.899521531100481 1.7173412281317575 1.3573943100166566 5.869339320126588 0.0 26.876688265390023 159.0 6.440251572327046 6.197831031254546 8.419341335395206 28.568402560419546 0.0 23.08824521539361 47.0 21.787234042553187 1.3867654953024542 1.036657019474175 3.9592310638267834 0.0 25.836325446477794 185.0 5.535135135135135 
319.0005150327869 1.6711124647310902 1.2361296941198099 4.6261065484396156 0.0 25.80428800157183 105.0 9.752380952380944 3.056263059684581 4.12259513383657 13.834661177334347 0.0 15.970947686880438 51.0 20.078431372549026 1.3246991553798906 0.9281394053322238 3.4836138576524758 0.0 26.000875782667034 126.0 8.126984126984144 1.6755998426685004 1.2685070684224855 4.6261065484396156 0.0 26.694635475199426 111.0 9.225225225225216 3.215174161356519 4.115440220494991 13.241912419968985 0.0 16.309553926498698 49.0 20.89795918367347 1.3834591525988875 0.8746406494893674 3.332808309342373 0.0 26.118119880814813 133.0 7.6992481203007515 1.7049961204885735 1.3501349219171261 5.6352774948562505 0.0 27.65355608478594 110.0 9.309090909090905 3.8649473481133176 6.466106547867601 24.628416408678792 0.0 21.257994108536618 46.0 22.260869565217398 1.410342496680556 0.9965322428027106 3.6016230121356916 0.0 26.215785468000025 126.0 8.126984126984144 0.0 0.0 0.0 0.0 0.0 1.0 1024.0 0.0 0.0 0.0 0.0 0.0 37.0 27.675675675675677 0.0 0.0 0.0 0.0 0.0 1.0 1024.0 0.0 0.0 0.0 0.0 0.0 1.0 1024.0 0.0 0.0 0.0 0.0 0.0 37.0 27.675675675675677 0.0 0.0 0.0 0.0 0.0 1.0 1024.0 0.0 0.0 0.0 0.0 0.0 1.0 1024.0 0.0 0.0 0.0 0.0 0.0 37.0 27.675675675675677 0.0 0.0 0.0 0.0 0.0 1.0 1024.0 1.7878106458068546 1.2112953583949102 4.805157531375327 0.0 25.327310762244274 150.0 6.826666666666676 4.58106600659779 4.752829121290701 15.074033345448699 0.0 19.31325074437748 51.0 20.078431372549023 1.3834532845382594 0.9662471048660553 3.4864782878754865 0.0 25.306913250458557 179.0 5.720670391061458 1.699932186167027 1.2129516108062908 4.805157531375327 0.0 26.18867949772848 162.0 6.3209876543209775 4.623389552209654 4.626418050729 15.166946884958433 0.0 19.60975946760939 50.0 20.48 1.3422707822151534 0.9323534916510414 3.355582661291501 0.0 25.97028155736894 198.0 5.1717171717171695 1.8421706829794184 1.36498551580882 5.869339320126588 0.0 26.380517004688823 145.0 7.06206896551723 6.599812247510329 8.555497930014969 28.568402560419546 0.0 23.60727266036167 44.0 23.272727272727266 1.4685772678168236 1.0158776072768176 3.9592310638267834 0.0 25.16905258271956 175.0 5.851428571428562 1.4821718997126845 3.7743625924153417 41.78745222094094 0.0 29.348448643212514 638.0 1.6050156739811945 24.07319097332853 10.878977035411614 36.9901087825193 0.0 13.537096399266316 42.0 24.380952380952376 0.67316311656262 1.058939836325291 4.365364986724842 0.0 29.23826360004977 667.0 1.535232383808098 1.4169618569110516 3.4117222292526472 32.874741622928155 0.0 29.45164062088824 644.0 1.5900621118012397 26.413959054522664 9.991545507772553 41.631810312897706 0.0 9.48347659176922 38.0 26.947368421052634 0.6580914509313256 1.0264785295261905 3.5217069291965686 0.0 29.384316693613304 680.0 1.505882352941178 1.3946511866458113 3.502690858301952 45.01462284090048 0.0 29.345482224521774 641.0 1.5975039001560107 28.13662262744742 5.58675950686399 35.76295777937128 0.0 7.64368178375316 36.0 28.44444444444444 0.6977944404766012 1.0905571814145025 4.365364986724842 0.0 29.32950224089589 666.0 1.5375375375375404 1.658023966476855 1.293894766658576 4.805157531375327 0.0 25.233932162759512 158.0 6.481012658227857 4.4097444792545994 4.741527835409826 15.074033345448699 0.0 19.18216725351495 53.0 19.320754716981135 1.3255471747762224 0.9449639192135527 3.4864782878754865 0.0 25.355905813007883 189.0 5.417989417989418 1.5739140542968506 1.2173170002810885 4.805157531375327 0.0 26.53657703653949 180.0 5.688888888888893 4.623389552209654 4.626418050729 15.166946884958433 0.0 19.60975946760939 50.0 20.48 1.316235355249972 0.938835374736011 3.355582661291501 0.0 26.014147801347402 205.0 4.995121951219509 1.6780798288775685 1.3576255831327877 5.869339320126588 0.0 27.227370151867863 164.0 6.243902439024386 6.060369474376964 8.383165740516072 28.568402560419546 0.0 22.965543407014067 48.0 21.33333333333333 1.3422022939898475 1.0497864930257756 3.9592310638267834 0.0 26.236970631054856 191.0 5.361256544502614 
320.0005150327869 1.6711124647310902 1.2361296941198099 4.6261065484396156 0.0 25.80428800157183 105.0 9.752380952380944 3.056263059684581 4.12259513383657 13.834661177334347 0.0 15.970947686880438 51.0 20.078431372549026 1.3246991553798906 0.9281394053322238 3.4836138576524758 0.0 26.000875782667034 126.0 8.126984126984144 1.6755998426685004 1.2685070684224855 4.6261065484396156 0.0 26.694635475199426 111.0 9.225225225225216 3.215174161356519 4.115440220494991 13.241912419968985 0.0 16.309553926498698 49.0 20.89795918367347 1.3834591525988875 0.8746406494893674 3.332808309342373 0.0 26.118119880814813 133.0 7.6992481203007515 1.7049961204885735 1.3501349219171261 5.6352774948562505 0.0 27.65355608478594 110.0 9.309090909090905 3.8649473481133176 6.466106547867601 24.628416408678792 0.0 21.257994108536618 46.0 22.260869565217398 1.410342496680556 0.9965322428027106 3.6016230121356916 0.0 26.215785468000025 126.0 8.126984126984144 0.0 0.0 0.0 0.0 0.0 1.0 1024.0 0.0 0.0 0.0 0.0 0.0 37.0 27.675675675675677 0.0 0.0 0.0 0.0 0.0 1.0 1024.0 0.0 0.0 0.0 0.0 0.0 1.0 1024.0 0.0 0.0 0.0 0.0 0.0 37.0 27.675675675675677 0.0 0.0 0.0 0.0 0.0 1.0 1024.0 0.0 0.0 0.0 0.0 0.0 1.0 1024.0 0.0 0.0 0.0 0.0 0.0 37.0 27.675675675675677 0.0 0.0 0.0 0.0 0.0 1.0 1024.0 1.7878106458068546 1.2112953583949102 4.805157531375327 0.0 25.327310762244274 150.0 6.826666666666676 4.58106600659779 4.752829121290701 15.074033345448699 0.0 19.31325074437748 51.0 20.078431372549023 1.3834532845382594 0.9662471048660553 3.4864782878754865 0.0 25.306913250458557 179.0 5.720670391061458 1.699932186167027 1.2129516108062908 4.805157531375327 0.0 26.18867949772848 162.0 6.3209876543209775 4.623389552209654 4.626418050729 15.166946884958433 0.0 19.60975946760939 50.0 20.48 1.3421144271630991 0.9325415632952897 3.355582661291501 0.0 25.970864696467284 198.0 5.1717171717171695 1.8421706829794184 1.36498551580882 5.869339320126588 0.0 26.380517004688823 145.0 7.06206896551723 6.599812247510329 8.555497930014969 28.568402560419546 0.0 23.60727266036167 44.0 23.272727272727266 1.4685772678168236 1.0158776072768176 3.9592310638267834 0.0 25.16905258271956 175.0 5.851428571428562 1.4821718997126845 3.7743625924153417 41.78745222094094 0.0 29.348448643212514 638.0 1.6050156739811945 24.07319097332853 10.878977035411614 36.9901087825193 0.0 13.537096399266316 42.0 24.380952380952376 0.67316311656262 1.058939836325291 4.365364986724842 0.0 29.23826360004977 667.0 1.535232383808098 1.4169618569110516 3.4117222292526472 32.874741622928155 0.0 29.45164062088824 644.0 1.5900621118012397 26.413959054522664 9.991545507772553 41.631810312897706 0.0 9.48347659176922 38.0 26.947368421052634 0.6580914509313256 1.0264785295261905 3.5217069291965686 0.0 29.384316693613304 680.0 1.505882352941178 1.3946511866458113 3.502690858301952 45.01462284090048 0.0 29.345482224521774 641.0 1.5975039001560107 28.13662262744742 5.58675950686399 35.76295777937128 0.0 7.64368178375316 36.0 28.44444444444444 0.6977944404766012 1.0905571814145025 4.365364986724842 0.0 29.32950224089589 666.0 1.5375375375375404 1.6712414037244683 1.2892530754802933 4.805157531375327 0.0 25.28345734249194 157.0 6.522292993630575 4.492304162831175 4.749166652328453 15.074033345448699 0.0 19.24625954219646 52.0 19.692307692307697 1.321978175300479 0.9453177456961792 3.4864782878754865 0.0 25.352363193517235 191.0 5.361256544502614 1.5719151843132069 1.2154946711199581 4.805157531375327 0.0 26.50507462107677 180.0 5.688888888888892 4.623389552209654 4.626418050729 15.166946884958433 0.0 19.60975946760939 50.0 20.48 1.3036761034254267 0.9467092755079379 3.355582661291501 0.0 25.979610594011376 206.0 4.970873786407768 1.759002756730259 1.3410706298306243 5.869339320126588 0.0 26.68963987828621 156.0 6.564102564102567 6.198623715077485 8.418777938320746 28.568402560419546 0.0 23.10340021827846 47.0 21.787234042553187 1.3918639758088776 1.038842748842922 3.9592310638267834 0.0 25.62544386558595 185.0 5.535135135135135 
321.0005150327869 1.6711124647310902 1.2361296941198099 4.6261065484396156 0.0 25.80428800157183 105.0 9.752380952380944 3.056263059684581 4.12259513383657 13.834661177334347 0.0 15.970947686880438 51.0 20.078431372549026 1.3246991553798906 0.9281394053322238 3.4836138576524758 0.0 26.000875782667034 126.0 8.126984126984144 1.6755998426685004 1.2685070684224855 4.6261065484396156 0.0 26.694635475199426 111.0 9.225225225225216 3.215174161356519 4.115440220494991 13.241912419968985 0.0 16.309553926498698 49.0 20.89795918367347 1.3834591525988875 0.8746406494893674 3.332808309342373 0.0 26.118119880814813 133.0 7.6992481203007515 1.7049961204885735 1.3501349219171261 5.6352774948562505 0.0 27.65355608478594 110.0 9.309090909090905 3.8649473481133176 6.466106547867601 24.628416408678792 0.0 21.257994108536618 46.0 22.260869565217398 1.410342496680556 0.9965322428027106 3.6016230121356916 0.0 26.215785468000025 126.0 8.126984126984144 0.0 0.0 0.0 0.0 0.0 1.0 1024.0 0.0 0.0 0.0 0.0 0.0 37.0 27.675675675675677 0.0 0.0 0.0 0.0 0.0 1.0 1024.0 0.0 0.0 0.0 0.0 0.0 1.0 1024.0 0.0 0.0 0.0 0.0 0.0 37.0 27.675675675675677 0.0 0.0 0.0 0.0 0.0 1.0 1024.0 0.0 0.0 0.0 0.0 0.0 1.0 1024.0 0.0 0.0 0.0 0.0 0.0 37.0 27.675675675675677 0.0 0.0 0.0 0.0 0.0 1.0 1024.0 1.7878106458068546 1.2112953583949102 4.805157531375327 0.0 25.327310762244274 150.0 6.826666666666676 4.58106600659779 4.752829121290701 15.074033345448699 0.0 19.31325074437748 51.0 20.078431372549023 1.3834532845382594 0.9662471048660553 3.4864782878754865 0.0 25.306913250458557 179.0 5.720670391061458 1.699932186167027 1.2129516108062908 4.805157531375327 0.0 26.18867949772848 162.0 6.3209876543209775 4.623389552209654 4.626418050729 15.166946884958433 0.0 19.60975946760939 50.0 20.48 1.3421386248661729 0.9325093566544587 3.355582661291501 0.0 25.97117177703451 198.0 5.1717171717171695 1.8421706829794184 1.36498551580882 5.869339320126588 0.0 26.380517004688823 145.0 7.06206896551723 6.599812247510329 8.555497930014969 28.568402560419546 0.0 23.60727266036167 44.0 23.272727272727266 1.4685772678168236 1.0158776072768176 3.9592310638267834 0.0 25.16905258271956 175.0 5.851428571428562 1.4821718997126845 3.7743625924153417 41.78745222094094 0.0 29.348448643212514 638.0 1.6050156739811945 24.07319097332853 10.878977035411614 36.9901087825193 0.0 13.537096399266316 42.0 24.380952380952376 0.67316311656262 1.058939836325291 4.365364986724842 0.0 29.23826360004977 667.0 1.535232383808098 1.4169618569110516 3.4117222292526472 32.874741622928155 0.0 29.45164062088824 644.0 1.5900621118012397 26.413959054522664 9.991545507772553 41.631810312897706 0.0 9.48347659176922 38.0 26.947368421052634 0.6580914509313256 1.0264785295261905 3.5217069291965686 0.0 29.384316693613304 680.0 1.505882352941178 1.3946511866458113 3.502690858301952 45.01462284090048 0.0 29.345482224521774 641.0 1.5975039001560107 28.13662262744742 5.58675950686399 35.76295777937128 0.0 7.64368178375316 36.0 28.44444444444444 0.6977944404766012 1.0905571814145025 4.365364986724842 0.0 29.32950224089589 666.0 1.5375375375375404 1.6712414037244683 1.2892530754802933 4.805157531375327 0.0 25.28345734249194 157.0 6.522292993630575 4.492304162831175 4.749166652328453 15.074033345448699 0.0 19.24625954219646 52.0 19.692307692307697 1.333809722473358 0.9410304780870072 3.4864782878754865 0.0 25.380353771578466 189.0 5.417989417989418 1.5337672246371232 1.2324799390140921 4.805157531375327 0.0 26.64603681089414 183.0 5.595628415300541 4.623389552209654 4.626418050729 15.166946884958433 0.0 19.60975946760939 50.0 20.48 1.3266412442698372 0.9410300601407312 3.355582661291501 0.0 26.046750418467834 205.0 4.995121951219509 1.7893232401091663 1.336034836242167 5.869339320126588 0.0 26.472364960536083 153.0 6.6928104575163445 5.822094738069039 8.294607170328979 28.568402560419546 0.0 22.751063252479433 50.0 20.48 1.4237846386832105 1.0302479890743321 3.9592310638267834 0.0 25.43731640528146 182.0 5.626373626373633 
322.0005150327869 1.6711124647310902 1.2361296941198099 4.6261065484396156 0.0 25.80428800157183 105.0 9.752380952380944 3.056263059684581 4.12259513383657 13.834661177334347 0.0 15.970947686880438 51.0 20.078431372549026 1.3246991553798906 0.9281394053322238 3.4836138576524758 0.0 26.000875782667034 126.0 8.126984126984144 1.6755998426685004 1.2685070684224855 4.6261065484396156 0.0 26.694635475199426 111.0 9.225225225225216 3.215174161356519 4.115440220494991 13.241912419968985 0.0 16.309553926498698 49.0 20.89795918367347 1.3834591525988875 0.8746406494893674 3.332808309342373 0.0 26.118119880814813 133.0 7.6992481203007515 1.7049961204885735 1.3501349219171261 5.6352774948562505 0.0 27.65355608478594 110.0 9.309090909090905 3.8649473481133176 6.466106547867601 24.628416408678792 0.0 21.257994108536618 46.0 22.260869565217398 1.410342496680556 0.9965322428027106 3.6016230121356916 0.0 26.215785468000025 126.0 8.126984126984144 0.0 0.0 0.0 0.0 0.0 1.0 1024.0 0.0 0.0 0.0 0.0 0.0 37.0 27.675675675675677 0.0 0.0 0.0 0.0 0.0 1.0 1024.0 0.0 0.0 0.0 0.0 0.0 1.0 1024.0 0.0 0.0 0.0 0.0 0.0 37.0 27.675675675675677 0.0 0.0 0.0 0.0 0.0 1.0 1024.0 0.0 0.0 0.0 0.0 0.0 1.0 1024.0 0.0 0.0 0.0 0.0 0.0 37.0 27.675675675675677 0.0 0.0 0.0 0.0 0.0 1.0 1024.0 1.7878106458068546 1.2112953583949102 4.805157531375327 0.0 25.327310762244274 150.0 6.826666666666676 4.58106600659779 4.752829121290701 15.074033345448699 0.0 19.31325074437748 51.0 20.078431372549023 1.3834532845382594 0.9662471048660553 3.4864782878754865 0.0 25.306913250458557 179.0 5.720670391061458 1.7102573746727017 1.2097956827002787 4.805157531375327 0.0 26.10909118739853 161.0 6.3602484472049605 4.623389552209654 4.626418050729 15.166946884958433 0.0 19.60975946760939 50.0 20.48 1.335354731321604 0.9350529255744972 3.355582661291501 0.0 26.03512794824295 199.0 5.145728643216084 1.8421428383600371 1.3650378079335654 5.869339320126588 0.0 26.380995016793428 145.0 7.06206896551723 6.599812247510329 8.555497930014969 28.568402560419546 0.0 23.60727266036167 44.0 23.272727272727266 1.4685772678168236 1.0158776072768176 3.9592310638267834 0.0 25.16905258271956 175.0 5.851428571428562 1.4821718997126845 3.7743625924153417 41.78745222094094 0.0 29.348448643212514 638.0 1.6050156739811945 24.07319097332853 10.878977035411614 36.9901087825193 0.0 13.537096399266316 42.0 24.380952380952376 0.67316311656262 1.058939836325291 4.365364986724842 0.0 29.23826360004977 667.0 1.535232383808098 1.4169618569110516 3.4117222292526472 32.874741622928155 0.0 29.45164062088824 644.0 1.5900621118012397 26.413959054522664 9.991545507772553 41.631810312897706 0.0 9.48347659176922 38.0 26.947368421052634 0.6580914509313256 1.0264785295261905 3.5217069291965686 0.0 29.384316693613304 680.0 1.505882352941178 1.3946511866458113 3.502690858301952 45.01462284090048 0.0 29.345482224521774 641.0 1.5975039001560107 28.13662262744742 5.58675950686399 35.76295777937128 0.0 7.64368178375316 36.0 28.44444444444444 0.6977944404766012 1.0905571814145025 4.365364986724842 0.0 29.32950224089589 666.0 1.5375375375375404 1.672490718940839 1.2881135816320048 4.805157531375327 0.0 25.28485697943581 157.0 6.522292993630575 4.492304162831175 4.749166652328453 15.074033345448699 0.0 19.24625954219646 52.0 19.692307692307697 1.3450983697667984 0.9405391516221964 3.4864782878754865 0.0 25.278763624709843 186.0 5.505376344086026 1.5758759423644142 1.2139351104100717 4.805157531375327 0.0 26.451042912158666 180.0 5.688888888888892 4.623389552209654 4.626418050729 15.166946884958433 0.0 19.60975946760939 50.0 20.48 1.312113679808475 0.9428915310509466 3.355582661291501 0.0 26.08618961877635 206.0 4.970873786407768 1.7327797459591832 1.352134065344582 5.869339320126588 0.0 26.907034676280674 158.0 6.481012658227852 5.708241471533817 8.251398076640651 28.568402560419546 0.0 22.62051018059908 51.0 20.07843137254903 1.3785314991179571 1.0431374704070582 3.9592310638267834 0.0 25.8949371300169 187.0 5.475935828876998 
323.0005150327869 1.6711124647310902 1.2361296941198099 4.6261065484396156 0.0 25.80428800157183 105.0 9.752380952380944 3.056263059684581 4.12259513383657 13.834661177334347 0.0 15.970947686880438 51.0 20.078431372549026 1.3246991553798906 0.9281394053322238 3.4836138576524758 0.0 26.000875782667034 126.0 8.126984126984144 1.6755998426685004 1.2685070684224855 4.6261065484396156 0.0 26.694635475199426 111.0 9.225225225225216 3.215174161356519 4.115440220494991 13.241912419968985 0.0 16.309553926498698 49.0 20.89795918367347 1.3834591525988875 0.8746406494893674 3.332808309342373 0.0 26.118119880814813 133.0 7.6992481203007515 1.7049961204885735 1.3501349219171261 5.6352774948562505 0.0 27.65355608478594 110.0 9.309090909090905 3.8649473481133176 6.466106547867601 24.628416408678792 0.0 21.257994108536618 46.0 22.260869565217398 1.410342496680556 0.9965322428027106 3.6016230121356916 0.0 26.215785468000025 126.0 8.126984126984144 0.0 0.0 0.0 0.0 0.0 1.0 1024.0 0.0 0.0 0.0 0.0 0.0 37.0 27.675675675675677 0.0 0.0 0.0 0.0 0.0 1.0 1024.0 0.0 0.0 0.0 0.0 0.0 1.0 1024.0 0.0 0.0 0.0 0.0 0.0 37.0 27.675675675675677 0.0 0.0 0.0 0.0 0.0 1.0 1024.0 0.0 0.0 0.0 0.0 0.0 1.0 1024.0 0.0 0.0 0.0 0.0 0.0 37.0 27.675675675675677 0.0 0.0 0.0 0.0 0.0 1.0 1024.0 1.7863027226540356 1.212333381512356 4.805157531375327 0.0 25.329017346667996 150.0 6.826666666666676 4.58106600659779 4.752829121290701 15.074033345448699 0.0 19.31325074437748 51.0 20.078431372549023 1.3834532845382594 0.9662471048660553 3.4864782878754865 0.0 25.306913250458557 179.0 5.720670391061458 1.7102573746727017 1.2097956827002787 4.805157531375327 0.0 26.10909118739853 161.0 6.3602484472049605 4.623389552209654 4.626418050729 15.166946884958433 0.0 19.60975946760939 50.0 20.48 1.335354731321604 0.9350529255744972 3.355582661291501 0.0 26.03512794824295 199.0 5.145728643216084 1.8421428383600371 1.3650378079335654 5.869339320126588 0.0 26.380995016793428 145.0 7.06206896551723 6.599812247510329 8.555497930014969 28.568402560419546 0.0 23.60727266036167 44.0 23.272727272727266 1.4685772678168236 1.0158776072768176 3.9592310638267834 0.0 25.16905258271956 175.0 5.851428571428562 1.4821718997126845 3.7743625924153417 41.78745222094094 0.0 29.348448643212514 638.0 1.6050156739811945 24.07319097332853 10.878977035411614 36.9901087825193 0.0 13.537096399266316 42.0 24.380952380952376 0.67316311656262 1.058939836325291 4.365364986724842 0.0 29.23826360004977 667.0 1.535232383808098 1.4169618569110516 3.4117222292526472 32.874741622928155 0.0 29.45164062088824 644.0 1.5900621118012397 26.413959054522664 9.991545507772553 41.631810312897706 0.0 9.48347659176922 38.0 26.947368421052634 0.6580914509313256 1.0264785295261905 3.5217069291965686 0.0 29.384316693613304 680.0 1.505882352941178 1.3946511866458113 3.502690858301952 45.01462284090048 0.0 29.345482224521774 641.0 1.5975039001560107 28.13662262744742 5.58675950686399 35.76295777937128 0.0 7.64368178375316 36.0 28.44444444444444 0.6977944404766012 1.0905571814145025 4.365364986724842 0.0 29.32950224089589 666.0 1.5375375375375404 1.6623339598808413 1.2907272237866512 4.805157531375327 0.0 25.36695650753051 158.0 6.481012658227857 4.402282390917312 4.74838529020778 15.074033345448699 0.0 19.176341256961802 53.0 19.320754716981135 1.3221440956456978 0.9491897058731279 3.4864782878754865 0.0 25.38796146939131 189.0 5.417989417989418 1.5373188572669623 1.2277762754049166 4.805157531375327 0.0 26.414823338462405 183.0 5.595628415300541 4.623389552209654 4.626418050729 15.166946884958433 0.0 19.60975946760939 50.0 20.48 1.2953326187707714 0.9462423731921138 3.355582661291501 0.0 26.08199590941591 209.0 4.899521531100481 1.6671525472485433 1.3676716024593747 5.869339320126588 0.0 27.249361128912565 164.0 6.243902439024386 5.823198156851072 8.293813948714405 28.568402560419546 0.0 22.73410645325787 50.0 20.48 1.344077292288721 1.052007474510355 3.9592310638267834 0.0 26.291203954304265 192.0 5.333333333333338 
324.0005150327869 1.670997390525034 1.2362547463210616 4.6261065484396156 0.0 25.804211244516218 105.0 9.752380952380944 3.056263059684581 4.12259513383657 13.834661177334347 0.0 15.970947686880438 51.0 20.078431372549026 1.3246991553798906 0.9281394053322238 3.4836138576524758 0.0 26.000875782667034 126.0 8.126984126984144 1.6755998426685004 1.2685070684224855 4.6261065484396156 0.0 26.694635475199426 111.0 9.225225225225216 3.215174161356519 4.115440220494991 13.241912419968985 0.0 16.309553926498698 49.0 20.89795918367347 1.3834591525988875 0.8746406494893674 3.332808309342373 0.0 26.118119880814813 133.0 7.6992481203007515 1.7049961204885735 1.3501349219171261 5.6352774948562505 0.0 27.65355608478594 110.0 9.309090909090905 3.8649473481133176 6.466106547867601 24.628416408678792 0.0 21.257994108536618 46.0 22.260869565217398 1.410342496680556 0.9965322428027106 3.6016230121356916 0.0 26.215785468000025 126.0 8.126984126984144 0.0 0.0 0.0 0.0 0.0 1.0 1024.0 0.0 0.0 0.0 0.0 0.0 37.0 27.675675675675677 0.0 0.0 0.0 0.0 0.0 1.0 1024.0 0.0 0.0 0.0 0.0 0.0 1.0 1024.0 0.0 0.0 0.0 0.0 0.0 37.0 27.675675675675677 0.0 0.0 0.0 0.0 0.0 1.0 1024.0 0.0 0.0 0.0 0.0 0.0 1.0 1024.0 0.0 0.0 0.0 0.0 0.0 37.0 27.675675675675677 0.0 0.0 0.0 0.0 0.0 1.0 1024.0 1.784801230742273 1.2132525308601632 4.805157531375327 0.0 25.33447096493501 150.0 6.826666666666676 4.58106600659779 4.752829121290701 15.074033345448699 0.0 19.31325074437748 51.0 20.078431372549023 1.3834532845382594 0.9662471048660553 3.4864782878754865 0.0 25.306913250458557 179.0 5.720670391061458 1.7102573746727017 1.2097956827002787 4.805157531375327 0.0 26.10909118739853 161.0 6.3602484472049605 4.623389552209654 4.626418050729 15.166946884958433 0.0 19.60975946760939 50.0 20.48 1.335354731321604 0.9350529255744972 3.355582661291501 0.0 26.03512794824295 199.0 5.145728643216084 1.8420945479958841 1.3651119815631974 5.869339320126588 0.0 26.381452469887225 145.0 7.06206896551723 6.599812247510329 8.555497930014969 28.568402560419546 0.0 23.60727266036167 44.0 23.272727272727266 1.4685772678168236 1.0158776072768176 3.9592310638267834 0.0 25.16905258271956 175.0 5.851428571428562 1.4821718997126845 3.7743625924153417 41.78745222094094 0.0 29.348448643212514 638.0 1.6050156739811945 24.07319097332853 10.878977035411614 36.9901087825193 0.0 13.537096399266316 42.0 24.380952380952376 0.67316311656262 1.058939836325291 4.365364986724842 0.0 29.23826360004977 667.0 1.535232383808098 1.4169618569110516 3.4117222292526472 32.874741622928155 0.0 29.45164062088824 644.0 1.5900621118012397 26.413959054522664 9.991545507772553 41.631810312897706 0.0 9.48347659176922 38.0 26.947368421052634 0.6580914509313256 1.0264785295261905 3.5217069291965686 0.0 29.384316693613304 680.0 1.505882352941178 1.3946511866458113 3.502690858301952 45.01462284090048 0.0 29.345482224521774 641.0 1.5975039001560107 28.13662262744742 5.58675950686399 35.76295777937128 0.0 7.64368178375316 36.0 28.44444444444444 0.6977944404766012 1.0905571814145025 4.365364986724842 0.0 29.32950224089589 666.0 1.5375375375375404 1.6764426794076577 1.287104452797776 4.805157531375327 0.0 25.292249776069138 157.0 6.522292993630575 4.487786311650166 4.753357834310861 15.074033345448699 0.0 19.243238357971542 52.0 19.692307692307697 1.3513915325118344 0.9348118382268101 3.4864782878754865 0.0 25.373456404536473 188.0 5.446808510638299 1.5585484401573402 1.2204344223883317 4.805157531375327 0.0 26.541269259419636 183.0 5.595628415300541 4.623389552209654 4.626418050729 15.166946884958433 0.0 19.60975946760939 50.0 20.48 1.3062464881797808 0.9485509636506407 3.355582661291501 0.0 26.13361577392333 209.0 4.899521531100481 1.7658870170560248 1.3412827822800728 5.869339320126588 0.0 26.6486829212775 155.0 6.606451612903228 6.328326215629848 8.46414491100394 28.568402560419546 0.0 23.22820527035883 46.0 22.260869565217398 1.3965982513520725 1.0363772392734576 3.9592310638267834 0.0 25.720179560764823 185.0 5.535135135135135 
325.0005150327869 1.670997390525034 1.2362547463210616 4.6261065484396156 0.0 25.804211244516218 105.0 9.752380952380944 3.056263059684581 4.12259513383657 13.834661177334347 0.0 15.970947686880438 51.0 20.078431372549026 1.3246991553798906 0.9281394053322238 3.4836138576524758 0.0 26.000875782667034 126.0 8.126984126984144 1.6755998426685004 1.2685070684224855 4.6261065484396156 0.0 26.694635475199426 111.0 9.225225225225216 3.215174161356519 4.115440220494991 13.241912419968985 0.0 16.309553926498698 49.0 20.89795918367347 1.3834591525988875 0.8746406494893674 3.332808309342373 0.0 26.118119880814813 133.0 7.6992481203007515 1.7049961204885735 1.3501349219171261 5.6352774948562505 0.0 27.65355608478594 110.0 9.309090909090905 3.8649473481133176 6.466106547867601 24.628416408678792 0.0 21.257994108536618 46.0 22.260869565217398 1.410342496680556 0.9965322428027106 3.6016230121356916 0.0 26.215785468000025 126.0 8.126984126984144 0.0 0.0 0.0 0.0 0.0 1.0 1024.0 0.0 0.0 0.0 0.0 0.0 37.0 27.675675675675677 0.0 0.0 0.0 0.0 0.0 1.0 1024.0 0.0 0.0 0.0 0.0 0.0 1.0 1024.0 0.0 0.0 0.0 0.0 0.0 37.0 27.675675675675677 0.0 0.0 0.0 0.0 0.0 1.0 1024.0 0.0 0.0 0.0 0.0 0.0 1.0 1024.0 0.0 0.0 0.0 0.0 0.0 37.0 27.675675675675677 0.0 0.0 0.0 0.0 0.0 1.0 1024.0 1.7843924823016524 1.2137403161654143 4.805157531375327 0.0 25.338554864922024 150.0 6.826666666666676 4.58106600659779 4.752829121290701 15.074033345448699 0.0 19.31325074437748 51.0 20.078431372549023 1.3834532845382594 0.9662471048660553 3.4864782878754865 0.0 25.306913250458557 179.0 5.720670391061458 1.7102573746727017 1.2097956827002787 4.805157531375327 0.0 26.10909118739853 161.0 6.3602484472049605 4.623389552209654 4.626418050729 15.166946884958433 0.0 19.60975946760939 50.0 20.48 1.335354731321604 0.9350529255744972 3.355582661291501 0.0 26.03512794824295 199.0 5.145728643216084 1.8420945479958841 1.3651119815631974 5.869339320126588 0.0 26.381452469887225 145.0 7.06206896551723 6.599812247510329 8.555497930014969 28.568402560419546 0.0 23.60727266036167 44.0 23.272727272727266 1.4685772678168236 1.0158776072768176 3.9592310638267834 0.0 25.16905258271956 175.0 5.851428571428562 1.4821718997126845 3.7743625924153417 41.78745222094094 0.0 29.348448643212514 638.0 1.6050156739811945 24.07319097332853 10.878977035411614 36.9901087825193 0.0 13.537096399266316 42.0 24.380952380952376 0.67316311656262 1.058939836325291 4.365364986724842 0.0 29.23826360004977 667.0 1.535232383808098 1.4169618569110516 3.4117222292526472 32.874741622928155 0.0 29.45164062088824 644.0 1.5900621118012397 26.413959054522664 9.991545507772553 41.631810312897706 0.0 9.48347659176922 38.0 26.947368421052634 0.6580914509313256 1.0264785295261905 3.5217069291965686 0.0 29.384316693613304 680.0 1.505882352941178 1.3946511866458113 3.502690858301952 45.01462284090048 0.0 29.345482224521774 641.0 1.5975039001560107 28.13662262744742 5.58675950686399 35.76295777937128 0.0 7.64368178375316 36.0 28.44444444444444 0.6977944404766012 1.0905571814145025 4.365364986724842 0.0 29.32950224089589 666.0 1.5375375375375404 1.680098546727199 1.2832582318906003 4.805157531375327 0.0 25.295598342468622 157.0 6.522292993630575 4.487786311650166 4.753357834310861 15.074033345448699 0.0 19.243238357971542 52.0 19.692307692307697 1.3327404685446438 0.9437118351802172 3.4864782878754865 0.0 25.356234355067375 189.0 5.417989417989418 1.5816798230010412 1.219419411137354 4.805157531375327 0.0 26.40460199885698 178.0 5.752808988764035 4.623389552209654 4.626418050729 15.166946884958433 0.0 19.60975946760939 50.0 20.48 1.3188849881126803 0.9451332226131468 3.355582661291501 0.0 26.136022983470287 207.0 4.946859903381648 1.7847195339296094 1.340044103814335 5.869339320126588 0.0 26.447332304534704 153.0 6.692810457516344 6.193446616155893 8.422556389873263 28.568402560419546 0.0 23.114846087360252 47.0 21.78723404255319 1.405406308681098 1.0401197737314398 3.9592310638267834 0.0 25.52578449833357 184.0 5.565217391304339 
326.0005150327869 1.670997390525034 1.2362547463210616 4.6261065484396156 0.0 25.804211244516218 105.0 9.752380952380944 3.056263059684581 4.12259513383657 13.834661177334347 0.0 15.970947686880438 51.0 20.078431372549026 1.3246991553798906 0.9281394053322238 3.4836138576524758 0.0 26.000875782667034 126.0 8.126984126984144 1.6755621543728465 1.2685362774908302 4.6261065484396156 0.0 26.694821015136462 111.0 9.225225225225216 3.215174161356519 4.115440220494991 13.241912419968985 0.0 16.309553926498698 49.0 20.89795918367347 1.3834591525988875 0.8746406494893674 3.332808309342373 0.0 26.118119880814813 133.0 7.6992481203007515 1.7049961204885735 1.3501349219171261 5.6352774948562505 0.0 27.65355608478594 110.0 9.309090909090905 3.8649473481133176 6.466106547867601 24.628416408678792 0.0 21.257994108536618 46.0 22.260869565217398 1.410342496680556 0.9965322428027106 3.6016230121356916 0.0 26.215785468000025 126.0 8.126984126984144 0.0 0.0 0.0 0.0 0.0 1.0 1024.0 0.0 0.0 0.0 0.0 0.0 37.0 27.675675675675677 0.0 0.0 0.0 0.0 0.0 1.0 1024.0 0.0 0.0 0.0 0.0 0.0 1.0 1024.0 0.0 0.0 0.0 0.0 0.0 37.0 27.675675675675677 0.0 0.0 0.0 0.0 0.0 1.0 1024.0 0.0 0.0 0.0 0.0 0.0 1.0 1024.0 0.0 0.0 0.0 0.0 0.0 37.0 27.675675675675677 0.0 0.0 0.0 0.0 0.0 1.0 1024.0 1.7861932673266363 1.2131303562348374 4.805157531375327 0.0 25.344961955248024 150.0 6.826666666666676 4.58106600659779 4.752829121290701 15.074033345448699 0.0 19.31325074437748 51.0 20.078431372549023 1.3834532845382594 0.9662471048660553 3.4864782878754865 0.0 25.306913250458557 179.0 5.720670391061458 1.7102573746727017 1.2097956827002787 4.805157531375327 0.0 26.10909118739853 161.0 6.3602484472049605 4.623389552209654 4.626418050729 15.166946884958433 0.0 19.60975946760939 50.0 20.48 1.338190077132219 0.9317157856263978 3.355582661291501 0.0 26.038328041449727 199.0 5.145728643216084 1.8420945479958841 1.3651119815631974 5.869339320126588 0.0 26.381452469887225 145.0 7.06206896551723 6.599812247510329 8.555497930014969 28.568402560419546 0.0 23.60727266036167 44.0 23.272727272727266 1.4685772678168236 1.0158776072768176 3.9592310638267834 0.0 25.16905258271956 175.0 5.851428571428562 1.4821718997126845 3.7743625924153417 41.78745222094094 0.0 29.348448643212514 638.0 1.6050156739811945 24.07319097332853 10.878977035411614 36.9901087825193 0.0 13.537096399266316 42.0 24.380952380952376 0.67316311656262 1.058939836325291 4.365364986724842 0.0 29.23826360004977 667.0 1.535232383808098 1.4169618569110516 3.4117222292526472 32.874741622928155 0.0 29.45164062088824 644.0 1.5900621118012397 26.413959054522664 9.991545507772553 41.631810312897706 0.0 9.48347659176922 38.0 26.947368421052634 0.6580914509313256 1.0264785295261905 3.5217069291965686 0.0 29.384316693613304 680.0 1.505882352941178 1.3946511866458113 3.502690858301952 45.01462284090048 0.0 29.345482224521774 641.0 1.5975039001560107 28.13662262744742 5.58675950686399 35.76295777937128 0.0 7.64368178375316 36.0 28.44444444444444 0.6977944404766012 1.0905571814145025 4.365364986724842 0.0 29.32950224089589 666.0 1.5375375375375404 1.6801241872088197 1.2841043815946098 4.805157531375327 0.0 25.294605328895713 157.0 6.522292993630575 4.487786311650166 4.753357834310861 15.074033345448699 0.0 19.243238357971542 52.0 19.692307692307697 1.336687293572765 0.949273458927848 3.4864782878754865 0.0 25.18440998511878 186.0 5.505376344086026 1.5592844634837841 1.2253499763142102 4.805157531375327 0.0 26.494357511303374 180.0 5.68888888888889 4.623389552209654 4.626418050729 15.166946884958433 0.0 19.60975946760939 50.0 20.48 1.3297445226633775 0.9389314673549234 3.355582661291501 0.0 26.164173277866006 206.0 4.970873786407768 1.7170954672346357 1.3583129315596607 5.869339320126588 0.0 26.956934884459397 159.0 6.440251572327046 5.821791480444859 8.294840993279003 28.568402560419546 0.0 22.766948724234087 50.0 20.479999999999997 1.3682707052953174 1.0517252654154285 3.9592310638267834 0.0 25.9571242287361 189.0 5.417989417989418 
327.0005150327869 1.670997390525034 1.2362547463210616 4.6261065484396156 0.0 25.804211244516218 105.0 9.752380952380944 3.056263059684581 4.12259513383657 13.834661177334347 0.0 15.970947686880438 51.0 20.078431372549026 1.3246991553798906 0.9281394053322238 3.4836138576524758 0.0 26.000875782667034 126.0 8.126984126984144 1.6753668724407886 1.2687633321885254 4.6261065484396156 0.0 26.695119712496837 111.0 9.225225225225216 3.215174161356519 4.115440220494991 13.241912419968985 0.0 16.309553926498698 49.0 20.89795918367347 1.3834591525988875 0.8746406494893674 3.332808309342373 0.0 26.118119880814813 133.0 7.6992481203007515 1.7049961204885735 1.3501349219171261 5.6352774948562505 0.0 27.65355608478594 110.0 9.309090909090905 3.8649473481133176 6.466106547867601 24.628416408678792 0.0 21.257994108536618 46.0 22.260869565217398 1.410342496680556 0.9965322428027106 3.6016230121356916 0.0 26.215785468000025 126.0 8.126984126984144 0.0 0.0 0.0 0.0 0.0 1.0 1024.0 0.0 0.0 0.0 0.0 0.0 37.0 27.675675675675677 0.0 0.0 0.0 0.0 0.0 1.0 1024.0 0.0 0.0 0.0 0.0 0.0 1.0 1024.0 0.0 0.0 0.0 0.0 0.0 37.0 27.675675675675677 0.0 0.0 0.0 0.0 0.0 1.0 1024.0 0.0 0.0 0.0 0.0 0.0 1.0 1024.0 0.0 0.0 0.0 0.0 0.0 37.0 27.675675675675677 0.0 0.0 0.0 0.0 0.0 1.0 1024.0 1.7849834581952455 1.2146059985704487 4.805157531375327 0.0 25.347409664816364 150.0 6.826666666666676 4.58106600659779 4.752829121290701 15.074033345448699 0.0 19.31325074437748 51.0 20.078431372549023 1.3834532845382594 0.9662471048660553 3.4864782878754865 0.0 25.306913250458557 179.0 5.720670391061458 1.7102573746727017 1.2097956827002787 4.805157531375327 0.0 26.10909118739853 161.0 6.3602484472049605 4.623389552209654 4.626418050729 15.166946884958433 0.0 19.60975946760939 50.0 20.48 1.3493904284842837 0.9294184926911613 3.355582661291501 0.0 25.909690730323454 197.0 5.197969543147215 1.8420945479958841 1.3651119815631974 5.869339320126588 0.0 26.381452469887225 145.0 7.06206896551723 6.599812247510329 8.555497930014969 28.568402560419546 0.0 23.60727266036167 44.0 23.272727272727266 1.4685772678168236 1.0158776072768176 3.9592310638267834 0.0 25.16905258271956 175.0 5.851428571428562 1.4821718997126845 3.7743625924153417 41.78745222094094 0.0 29.348448643212514 638.0 1.6050156739811945 24.07319097332853 10.878977035411614 36.9901087825193 0.0 13.537096399266316 42.0 24.380952380952376 0.67316311656262 1.058939836325291 4.365364986724842 0.0 29.23826360004977 667.0 1.535232383808098 1.4169618569110516 3.4117222292526472 32.874741622928155 0.0 29.45164062088824 644.0 1.5900621118012397 26.413959054522664 9.991545507772553 41.631810312897706 0.0 9.48347659176922 38.0 26.947368421052634 0.6580914509313256 1.0264785295261905 3.5217069291965686 0.0 29.384316693613304 680.0 1.505882352941178 1.3946511866458113 3.502690858301952 45.01462284090048 0.0 29.345482224521774 641.0 1.5975039001560107 28.13662262744742 5.58675950686399 35.76295777937128 0.0 7.64368178375316 36.0 28.44444444444444 0.6977944404766012 1.0905571814145025 4.365364986724842 0.0 29.32950224089589 666.0 1.5375375375375404 1.6814966457722273 1.2841000650288212 4.805157531375327 0.0 25.296204401298198 157.0 6.522292993630575 4.321233407744253 4.740952100625292 15.074033345448699 0.0 19.088852897820548 54.0 18.962962962962962 1.30747174090296 0.9630423961974295 3.4864782878754865 0.0 25.2706801710398 190.0 5.389473684210525 1.5932734123647576 1.2170532246117445 4.805157531375327 0.0 26.339810942329922 176.0 5.818181818181823 4.623389552209654 4.626418050729 15.166946884958433 0.0 19.60975946760939 50.0 20.48 1.3322201677130485 0.9363482141343679 3.355582661291501 0.0 26.167401887765624 206.0 4.970873786407768 1.6651798717948145 1.368838243582975 5.869339320126588 0.0 27.321365212584805 164.0 6.243902439024386 6.3282479584545905 8.464210562370702 28.568402560419546 0.0 23.228796507137098 46.0 22.260869565217398 1.3583283226970737 1.0543545128579315 3.9592310638267834 0.0 26.211375642571024 192.0 5.333333333333337 
328.0005150327869 1.670997390525034 1.2362547463210616 4.6261065484396156 0.0 25.804211244516218 105.0 9.752380952380944 3.056263059684581 4.12259513383657 13.834661177334347 0.0 15.970947686880438 51.0 20.078431372549026 1.3246991553798906 0.9281394053322238 3.4836138576524758 0.0 26.000875782667034 126.0 8.126984126984144 1.6753668724407886 1.2687633321885254 4.6261065484396156 0.0 26.695119712496837 111.0 9.225225225225216 3.215174161356519 4.115440220494991 13.241912419968985 0.0 16.309553926498698 49.0 20.89795918367347 1.3834591525988875 0.8746406494893674 3.332808309342373 0.0 26.118119880814813 133.0 7.6992481203007515 1.7049961204885735 1.3501349219171261 5.6352774948562505 0.0 27.65355608478594 110.0 9.309090909090905 3.8649473481133176 6.466106547867601 24.628416408678792 0.0 21.257994108536618 46.0 22.260869565217398 1.410342496680556 0.9965322428027106 3.6016230121356916 0.0 26.215785468000025 126.0 8.126984126984144 0.0 0.0 0.0 0.0 0.0 1.0 1024.0 0.0 0.0 0.0 0.0 0.0 37.0 27.675675675675677 0.0 0.0 0.0 0.0 0.0 1.0 1024.0 0.0 0.0 0.0 0.0 0.0 1.0 1024.0 0.0 0.0 0.0 0.0 0.0 37.0 27.675675675675677 0.0 0.0 0.0 0.0 0.0 1.0 1024.0 0.0 0.0 0.0 0.0 0.0 1.0 1024.0 0.0 0.0 0.0 0.0 0.0 37.0 27.675675675675677 0.0 0.0 0.0 0.0 0.0 1.0 1024.0 1.7847391136685022 1.2147435118945222 4.805157531375327 0.0 25.34841085988424 150.0 6.826666666666676 4.58106600659779 4.752829121290701 15.074033345448699 0.0 19.31325074437748 51.0 20.078431372549023 1.3834532845382594 0.9662471048660553 3.4864782878754865 0.0 25.306913250458557 179.0 5.720670391061458 1.7102573746727017 1.2097956827002787 4.805157531375327 0.0 26.10909118739853 161.0 6.3602484472049605 4.623389552209654 4.626418050729 15.166946884958433 0.0 19.60975946760939 50.0 20.48 1.3493904284842837 0.9294184926911613 3.355582661291501 0.0 25.909690730323454 197.0 5.197969543147215 1.8420945479958841 1.3651119815631974 5.869339320126588 0.0 26.381452469887225 145.0 7.06206896551723 6.599812247510329 8.555497930014969 28.568402560419546 0.0 23.60727266036167 44.0 23.272727272727266 1.4685772678168236 1.0158776072768176 3.9592310638267834 0.0 25.16905258271956 175.0 5.851428571428562 1.4821718997126845 3.7743625924153417 41.78745222094094 0.0 29.348448643212514 638.0 1.6050156739811945 24.07319097332853 10.878977035411614 36.9901087825193 0.0 13.537096399266316 42.0 24.380952380952376 0.67316311656262 1.058939836325291 4.365364986724842 0.0 29.23826360004977 667.0 1.535232383808098 1.4169618569110516 3.4117222292526472 32.874741622928155 0.0 29.45164062088824 644.0 1.5900621118012397 26.413959054522664 9.991545507772553 41.631810312897706 0.0 9.48347659176922 38.0 26.947368421052634 0.6580914509313256 1.0264785295261905 3.5217069291965686 0.0 29.384316693613304 680.0 1.505882352941178 1.3946511866458113 3.502690858301952 45.01462284090048 0.0 29.345482224521774 641.0 1.5975039001560107 28.13662262744742 5.58675950686399 35.76295777937128 0.0 7.64368178375316 36.0 28.44444444444444 0.6977944404766012 1.0905571814145025 4.365364986724842 0.0 29.32950224089589 666.0 1.5375375375375404 1.682031503367357 1.2842331936190086 4.805157531375327 0.0 25.298587549500642 157.0 6.522292993630575 4.403252927150093 4.747487801262693 15.074033345448699 0.0 19.166747392961412 53.0 19.320754716981135 1.3379752228469173 0.9577404658826844 3.4864782878754865 0.0 25.341460192030482 188.0 5.446808510638301 1.59224575842679 1.2179704332141892 4.805157531375327 0.0 26.340267174614247 176.0 5.818181818181823 4.623389552209654 4.626418050729 15.166946884958433 0.0 19.60975946760939 50.0 20.48 1.3242493013342163 0.9398107206415305 3.355582661291501 0.0 26.21511412319125 207.0 4.946859903381648 1.7509223933511815 1.3478148324478054 5.869339320126588 0.0 26.697972341646405 156.0 6.5641025641025665 6.468605666837923 8.505545029235027 28.568402560419546 0.0 23.340593467045245 45.0 22.755555555555553 1.397698522032903 1.0429264456387777 3.9592310638267834 0.0 25.64336028935777 186.0 5.505376344086026 
329.0005150327869 1.670997390525034 1.2362547463210616 4.6261065484396156 0.0 25.804211244516218 105.0 9.752380952380944 3.056263059684581 4.12259513383657 13.834661177334347 0.0 15.970947686880438 51.0 20.078431372549026 1.3246991553798906 0.9281394053322238 3.4836138576524758 0.0 26.000875782667034 126.0 8.126984126984144 1.6753668724407886 1.2687633321885254 4.6261065484396156 0.0 26.695119712496837 111.0 9.225225225225216 3.215174161356519 4.115440220494991 13.241912419968985 0.0 16.309553926498698 49.0 20.89795918367347 1.3834591525988875 0.8746406494893674 3.332808309342373 0.0 26.118119880814813 133.0 7.6992481203007515 1.7049961204885735 1.3501349219171261 5.6352774948562505 0.0 27.65355608478594 110.0 9.309090909090905 3.8649473481133176 6.466106547867601 24.628416408678792 0.0 21.257994108536618 46.0 22.260869565217398 1.410342496680556 0.9965322428027106 3.6016230121356916 0.0 26.215785468000025 126.0 8.126984126984144 0.0 0.0 0.0 0.0 0.0 1.0 1024.0 0.0 0.0 0.0 0.0 0.0 37.0 27.675675675675677 0.0 0.0 0.0 0.0 0.0 1.0 1024.0 0.0 0.0 0.0 0.0 0.0 1.0 1024.0 0.0 0.0 0.0 0.0 0.0 37.0 27.675675675675677 0.0 0.0 0.0 0.0 0.0 1.0 1024.0 0.0 0.0 0.0 0.0 0.0 1.0 1024.0 0.0 0.0 0.0 0.0 0.0 37.0 27.675675675675677 0.0 0.0 0.0 0.0 0.0 1.0 1024.0 1.7847391136685022 1.2147435118945222 4.805157531375327 0.0 25.34841085988424 150.0 6.826666666666676 4.58106600659779 4.752829121290701 15.074033345448699 0.0 19.31325074437748 51.0 20.078431372549023 1.3834532845382594 0.9662471048660553 3.4864782878754865 0.0 25.306913250458557 179.0 5.720670391061458 1.7102573746727017 1.2097956827002787 4.805157531375327 0.0 26.10909118739853 161.0 6.3602484472049605 4.623389552209654 4.626418050729 15.166946884958433 0.0 19.60975946760939 50.0 20.48 1.349616492232433 0.929139744634982 3.355582661291501 0.0 25.91003056246668 197.0 5.197969543147215 1.8420945479958841 1.3651119815631974 5.869339320126588 0.0 26.381452469887225 145.0 7.06206896551723 6.599812247510329 8.555497930014969 28.568402560419546 0.0 23.60727266036167 44.0 23.272727272727266 1.4685772678168236 1.0158776072768176 3.9592310638267834 0.0 25.16905258271956 175.0 5.851428571428562 1.4821718997126845 3.7743625924153417 41.78745222094094 0.0 29.348448643212514 638.0 1.6050156739811945 24.07319097332853 10.878977035411614 36.9901087825193 0.0 13.537096399266316 42.0 24.380952380952376 0.67316311656262 1.058939836325291 4.365364986724842 0.0 29.23826360004977 667.0 1.535232383808098 1.4169618569110516 3.4117222292526472 32.874741622928155 0.0 29.45164062088824 644.0 1.5900621118012397 26.413959054522664 9.991545507772553 41.631810312897706 0.0 9.48347659176922 38.0 26.947368421052634 0.6580914509313256 1.0264785295261905 3.5217069291965686 0.0 29.384316693613304 680.0 1.505882352941178 1.3946511866458113 3.502690858301952 45.01462284090048 0.0 29.345482224521774 641.0 1.5975039001560107 28.13662262744742 5.58675950686399 35.76295777937128 0.0 7.64368178375316 36.0 28.44444444444444 0.6977944404766012 1.0905571814145025 4.365364986724842 0.0 29.32950224089589 666.0 1.5375375375375404 1.680820957143625 1.2846296000369803 4.805157531375327 0.0 25.299223969514113 157.0 6.522292993630575 4.492809098781488 4.748827487057185 15.074033345448699 0.0 19.25206262154284 52.0 19.692307692307697 1.3377197258677012 0.9700433764843075 3.4926449408052265 0.0 25.364648383172394 189.0 5.417989417989418 1.563437953639837 1.2260220754495121 4.805157531375327 0.0 26.45308569162713 179.0 5.720670391061458 4.623389552209654 4.626418050729 15.166946884958433 0.0 19.60975946760939 50.0 20.48 1.3140475409591932 0.9426948190937993 3.355582661291501 0.0 26.22591848415053 207.0 4.946859903381648 1.771340466366942 1.3440132532178994 5.869339320126588 0.0 26.506209534420293 154.0 6.649350649350648 6.468605666837923 8.505545029235027 28.568402560419546 0.0 23.340593467045245 45.0 22.755555555555553 1.4333475206937198 1.0282240971949976 3.9592310638267834 0.0 25.446468907579792 182.0 5.626373626373634 
330.0005150327869 1.670997390525034 1.2362547463210616 4.6261065484396156 0.0 25.804211244516218 105.0 9.752380952380944 3.056263059684581 4.12259513383657 13.834661177334347 0.0 15.970947686880438 51.0 20.078431372549026 1.3246991553798906 0.9281394053322238 3.4836138576524758 0.0 26.000875782667034 126.0 8.126984126984144 1.6753554336329766 1.2687653901196965 4.6261065484396156 0.0 26.69503213473754 111.0 9.225225225225216 3.215174161356519 4.115440220494991 13.241912419968985 0.0 16.309553926498698 49.0 20.89795918367347 1.3834591525988875 0.8746406494893674 3.332808309342373 0.0 26.118119880814813 133.0 7.6992481203007515 1.7049961204885735 1.3501349219171261 5.6352774948562505 0.0 27.65355608478594 110.0 9.309090909090905 3.8649473481133176 6.466106547867601 24.628416408678792 0.0 21.257994108536618 46.0 22.260869565217398 1.410342496680556 0.9965322428027106 3.6016230121356916 0.0 26.215785468000025 126.0 8.126984126984144 0.0 0.0 0.0 0.0 0.0 1.0 1024.0 0.0 0.0 0.0 0.0 0.0 37.0 27.675675675675677 0.0 0.0 0.0 0.0 0.0 1.0 1024.0 0.0 0.0 0.0 0.0 0.0 1.0 1024.0 0.0 0.0 0.0 0.0 0.0 37.0 27.675675675675677 0.0 0.0 0.0 0.0 0.0 1.0 1024.0 0.0 0.0 0.0 0.0 0.0 1.0 1024.0 0.0 0.0 0.0 0.0 0.0 37.0 27.675675675675677 0.0 0.0 0.0 0.0 0.0 1.0 1024.0 1.7847391136685022 1.2147435118945222 4.805157531375327 0.0 25.34841085988424 150.0 6.826666666666676 4.58106600659779 4.752829121290701 15.074033345448699 0.0 19.31325074437748 51.0 20.078431372549023 1.3834532845382594 0.9662471048660553 3.4864782878754865 0.0 25.306913250458557 179.0 5.720670391061458 1.7102573746727017 1.2097956827002787 4.805157531375327 0.0 26.10909118739853 161.0 6.3602484472049605 4.623389552209654 4.626418050729 15.166946884958433 0.0 19.60975946760939 50.0 20.48 1.349673997279847 0.9290708059343491 3.355582661291501 0.0 25.910279112444638 197.0 5.197969543147215 1.8420945479958841 1.3651119815631974 5.869339320126588 0.0 26.381452469887225 145.0 7.06206896551723 6.599812247510329 8.555497930014969 28.568402560419546 0.0 23.60727266036167 44.0 23.272727272727266 1.4685772678168236 1.0158776072768176 3.9592310638267834 0.0 25.16905258271956 175.0 5.851428571428562 1.4821718997126845 3.7743625924153417 41.78745222094094 0.0 29.348448643212514 638.0 1.6050156739811945 24.07319097332853 10.878977035411614 36.9901087825193 0.0 13.537096399266316 42.0 24.380952380952376 0.67316311656262 1.058939836325291 4.365364986724842 0.0 29.23826360004977 667.0 1.535232383808098 1.4169618569110516 3.4117222292526472 32.874741622928155 0.0 29.45164062088824 644.0 1.5900621118012397 26.413959054522664 9.991545507772553 41.631810312897706 0.0 9.48347659176922 38.0 26.947368421052634 0.6580914509313256 1.0264785295261905 3.5217069291965686 0.0 29.384316693613304 680.0 1.505882352941178 1.3946511866458113 3.502690858301952 45.01462284090048 0.0 29.345482224521774 641.0 1.5975039001560107 28.13662262744742 5.58675950686399 35.76295777937128 0.0 7.64368178375316 36.0 28.44444444444444 0.6977944404766012 1.0905571814145025 4.365364986724842 0.0 29.32950224089589 666.0 1.5375375375375404 1.6815718482594484 1.2851794922625 4.805157531375327 0.0 25.302062062406428 157.0 6.522292993630575 4.58106600659779 4.752829121290701 15.074033345448699 0.0 19.31325074437748 51.0 20.078431372549023 1.311518697117604 0.9653665905777883 3.4864782878754865 0.0 25.409241222485246 189.0 5.417989417989418 1.5981126682800495 1.2181418852191863 4.805157531375327 0.0 26.449213996767533 178.0 5.752808988764035 4.623389552209654 4.626418050729 15.166946884958433 0.0 19.60975946760939 50.0 20.48 1.3066392775952294 0.9463513951851452 3.355582661291501 0.0 26.234404064504382 208.0 4.923076923076917 1.7262094923158617 1.3618521887396253 5.869339320126588 0.0 26.86469813683662 158.0 6.481012658227853 6.468605666837923 8.505545029235027 28.568402560419546 0.0 23.340593467045245 45.0 22.755555555555553 1.387155366350871 1.0428245777884186 3.9592310638267834 0.0 25.975718886139905 188.0 5.446808510638307 
331.0005150327869 1.670997390525034 1.2362547463210616 4.6261065484396156 0.0 25.804211244516218 105.0 9.752380952380944 3.056263059684581 4.12259513383657 13.834661177334347 0.0 15.970947686880438 51.0 20.078431372549026 1.3246991553798906 0.9281394053322238 3.4836138576524758 0.0 26.000875782667034 126.0 8.126984126984144 1.6750284240972912 1.269158896373524 4.6261065484396156 0.0 26.694596870227052 111.0 9.225225225225216 3.215174161356519 4.115440220494991 13.241912419968985 0.0 16.309553926498698 49.0 20.89795918367347 1.3834591525988875 0.8746406494893674 3.332808309342373 0.0 26.118119880814813 133.0 7.6992481203007515 1.7049961204885735 1.3501349219171261 5.6352774948562505 0.0 27.65355608478594 110.0 9.309090909090905 3.8649473481133176 6.466106547867601 24.628416408678792 0.0 21.257994108536618 46.0 22.260869565217398 1.410342496680556 0.9965322428027106 3.6016230121356916 0.0 26.215785468000025 126.0 8.126984126984144 0.0 0.0 0.0 0.0 0.0 1.0 1024.0 0.0 0.0 0.0 0.0 0.0 37.0 27.675675675675677 0.0 0.0 0.0 0.0 0.0 1.0 1024.0 0.0 0.0 0.0 0.0 0.0 1.0 1024.0 0.0 0.0 0.0 0.0 0.0 37.0 27.675675675675677 0.0 0.0 0.0 0.0 0.0 1.0 1024.0 0.0 0.0 0.0 0.0 0.0 1.0 1024.0 0.0 0.0 0.0 0.0 0.0 37.0 27.675675675675677 0.0 0.0 0.0 0.0 0.0 1.0 1024.0 1.7847391136685022 1.2147435118945222 4.805157531375327 0.0 25.34841085988424 150.0 6.826666666666676 4.58106600659779 4.752829121290701 15.074033345448699 0.0 19.31325074437748 51.0 20.078431372549023 1.3834532845382594 0.9662471048660553 3.4864782878754865 0.0 25.306913250458557 179.0 5.720670391061458 1.7102573746727017 1.2097956827002787 4.805157531375327 0.0 26.10909118739853 161.0 6.3602484472049605 4.623389552209654 4.626418050729 15.166946884958433 0.0 19.60975946760939 50.0 20.48 1.349722482632201 0.9290130938656275 3.355582661291501 0.0 25.910507617326093 197.0 5.197969543147215 1.8420945479958841 1.3651119815631974 5.869339320126588 0.0 26.381452469887225 145.0 7.06206896551723 6.599812247510329 8.555497930014969 28.568402560419546 0.0 23.60727266036167 44.0 23.272727272727266 1.4685772678168236 1.0158776072768176 3.9592310638267834 0.0 25.16905258271956 175.0 5.851428571428562 1.4821718997126845 3.7743625924153417 41.78745222094094 0.0 29.348448643212514 638.0 1.6050156739811945 24.07319097332853 10.878977035411614 36.9901087825193 0.0 13.537096399266316 42.0 24.380952380952376 0.67316311656262 1.058939836325291 4.365364986724842 0.0 29.23826360004977 667.0 1.535232383808098 1.4169618569110516 3.4117222292526472 32.874741622928155 0.0 29.45164062088824 644.0 1.5900621118012397 26.413959054522664 9.991545507772553 41.631810312897706 0.0 9.48347659176922 38.0 26.947368421052634 0.6580914509313256 1.0264785295261905 3.5217069291965686 0.0 29.384316693613304 680.0 1.505882352941178 1.3946511866458113 3.502690858301952 45.01462284090048 0.0 29.345482224521774 641.0 1.5975039001560107 28.13662262744742 5.58675950686399 35.76295777937128 0.0 7.64368178375316 36.0 28.44444444444444 0.6977944404766012 1.0905571814145025 4.365364986724842 0.0 29.32950224089589 666.0 1.5375375375375404 1.6814010298657878 1.2852278826313788 4.805157531375327 0.0 25.3030357965804 157.0 6.522292993630575 4.58106600659779 4.752829121290701 15.074033345448699 0.0 19.31325074437748 51.0 20.078431372549023 1.3450158868110555 0.9613965012647347 3.4864782878754865 0.0 25.43497780020214 189.0 5.417989417989418 1.6077837605857557 1.211564727850485 4.805157531375327 0.0 26.445481454804906 176.0 5.818181818181823 4.623389552209654 4.626418050729 15.166946884958433 0.0 19.60975946760939 50.0 20.48 1.2994889004767975 0.948126193821334 3.355582661291501 0.0 26.257088951107157 209.0 4.899521531100481 1.6850927316151934 1.3706494372435207 5.869339320126588 0.0 27.28201747144517 162.0 6.320987654320978 6.468605666837923 8.505545029235027 28.568402560419546 0.0 23.340593467045245 45.0 22.755555555555553 1.363316900606502 1.0460420928912135 3.9592310638267834 0.0 26.200638174057104 192.0 5.333333333333336 
332.0005150327869 1.670997390525034 1.2362547463210616 4.6261065484396156 0.0 25.804211244516218 105.0 9.752380952380944 3.056263059684581 4.12259513383657 13.834661177334347 0.0 15.970947686880438 51.0 20.078431372549026 1.3246991553798906 0.9281394053322238 3.4836138576524758 0.0 26.000875782667034 126.0 8.126984126984144 1.6750284240972912 1.269158896373524 4.6261065484396156 0.0 26.694596870227052 111.0 9.225225225225216 3.215174161356519 4.115440220494991 13.241912419968985 0.0 16.309553926498698 49.0 20.89795918367347 1.3834591525988875 0.8746406494893674 3.332808309342373 0.0 26.118119880814813 133.0 7.6992481203007515 1.7049961204885735 1.3501349219171261 5.6352774948562505 0.0 27.65355608478594 110.0 9.309090909090905 3.8649473481133176 6.466106547867601 24.628416408678792 0.0 21.257994108536618 46.0 22.260869565217398 1.410342496680556 0.9965322428027106 3.6016230121356916 0.0 26.215785468000025 126.0 8.126984126984144 0.0 0.0 0.0 0.0 0.0 1.0 1024.0 0.0 0.0 0.0 0.0 0.0 37.0 27.675675675675677 0.0 0.0 0.0 0.0 0.0 1.0 1024.0 0.0 0.0 0.0 0.0 0.0 1.0 1024.0 0.0 0.0 0.0 0.0 0.0 37.0 27.675675675675677 0.0 0.0 0.0 0.0 0.0 1.0 1024.0 0.0 0.0 0.0 0.0 0.0 1.0 1024.0 0.0 0.0 0.0 0.0 0.0 37.0 27.675675675675677 0.0 0.0 0.0 0.0 0.0 1.0 1024.0 1.7847391136685022 1.2147435118945222 4.805157531375327 0.0 25.34841085988424 150.0 6.826666666666676 4.58106600659779 4.752829121290701 15.074033345448699 0.0 19.31325074437748 51.0 20.078431372549023 1.3834532845382594 0.9662471048660553 3.4864782878754865 0.0 25.306913250458557 179.0 5.720670391061458 1.7102573746727017 1.2097956827002787 4.805157531375327 0.0 26.10909118739853 161.0 6.3602484472049605 4.623389552209654 4.626418050729 15.166946884958433 0.0 19.60975946760939 50.0 20.48 1.3497781405442533 0.9289500305840799 3.355582661291501 0.0 25.911204359065554 197.0 5.197969543147216 1.8420945479958841 1.3651119815631974 5.869339320126588 0.0 26.381452469887225 145.0 7.06206896551723 6.599812247510329 8.555497930014969 28.568402560419546 0.0 23.60727266036167 44.0 23.272727272727266 1.4685772678168236 1.0158776072768176 3.9592310638267834 0.0 25.16905258271956 175.0 5.851428571428562 1.4821718997126845 3.7743625924153417 41.78745222094094 0.0 29.348448643212514 638.0 1.6050156739811945 24.07319097332853 10.878977035411614 36.9901087825193 0.0 13.537096399266316 42.0 24.380952380952376 0.67316311656262 1.058939836325291 4.365364986724842 0.0 29.23826360004977 667.0 1.535232383808098 1.4169618569110516 3.4117222292526472 32.874741622928155 0.0 29.45164062088824 644.0 1.5900621118012397 26.413959054522664 9.991545507772553 41.631810312897706 0.0 9.48347659176922 38.0 26.947368421052634 0.6580914509313256 1.0264785295261905 3.5217069291965686 0.0 29.384316693613304 680.0 1.505882352941178 1.3946511866458113 3.502690858301952 45.01462284090048 0.0 29.345482224521774 641.0 1.5975039001560107 28.13662262744742 5.58675950686399 35.76295777937128 0.0 7.64368178375316 36.0 28.44444444444444 0.6977944404766012 1.0905571814145025 4.365364986724842 0.0 29.32950224089589 666.0 1.5375375375375404 1.6705967972419202 1.2882319861283364 4.805157531375327 0.0 25.267302039354792 158.0 6.481012658227857 4.58106600659779 4.752829121290701 15.074033345448699 0.0 19.31325074437748 51.0 20.078431372549023 1.36278667707037 0.9568106842138348 3.4864782878754865 0.0 25.410012148526217 188.0 5.4468085106383 1.6086701135435149 1.2140230030973365 4.805157531375327 0.0 26.482988990112975 176.0 5.818181818181823 4.623389552209654 4.626418050729 15.166946884958433 0.0 19.60975946760939 50.0 20.48 1.2909718372034793 0.9499063937706045 3.355582661291501 0.0 26.293594407241823 210.0 4.87619047619047 1.7873184491353746 1.345947399651141 5.869339320126588 0.0 26.6469729768159 153.0 6.6928104575163445 6.468605666837923 8.505545029235027 28.568402560419546 0.0 23.340593467045245 45.0 22.755555555555553 1.418065024934377 1.02859047429705 3.9592310638267834 0.0 25.64767289890837 184.0 5.565217391304339 
333.0005150327869 1.670997390525034 1.2362547463210616 4.6261065484396156 0.0 25.804211244516218 105.0 9.752380952380944 3.056263059684581 4.12259513383657 13.834661177334347 0.0 15.970947686880438 51.0 20.078431372549026 1.3246991553798906 0.9281394053322238 3.4836138576524758 0.0 26.000875782667034 126.0 8.126984126984144 1.6750284240972912 1.269158896373524 4.6261065484396156 0.0 26.694596870227052 111.0 9.225225225225216 3.215174161356519 4.115440220494991 13.241912419968985 0.0 16.309553926498698 49.0 20.89795918367347 1.3834591525988875 0.8746406494893674 3.332808309342373 0.0 26.118119880814813 133.0 7.6992481203007515 1.7049961204885735 1.3501349219171261 5.6352774948562505 0.0 27.65355608478594 110.0 9.309090909090905 3.8649473481133176 6.466106547867601 24.628416408678792 0.0 21.257994108536618 46.0 22.260869565217398 1.410342496680556 0.9965322428027106 3.6016230121356916 0.0 26.215785468000025 126.0 8.126984126984144 0.0 0.0 0.0 0.0 0.0 1.0 1024.0 0.0 0.0 0.0 0.0 0.0 37.0 27.675675675675677 0.0 0.0 0.0 0.0 0.0 1.0 1024.0 0.0 0.0 0.0 0.0 0.0 1.0 1024.0 0.0 0.0 0.0 0.0 0.0 37.0 27.675675675675677 0.0 0.0 0.0 0.0 0.0 1.0 1024.0 0.0 0.0 0.0 0.0 0.0 1.0 1024.0 0.0 0.0 0.0 0.0 0.0 37.0 27.675675675675677 0.0 0.0 0.0 0.0 0.0 1.0 1024.0 1.7847391136685022 1.2147435118945222 4.805157531375327 0.0 25.34841085988424 150.0 6.826666666666676 4.58106600659779 4.752829121290701 15.074033345448699 0.0 19.31325074437748 51.0 20.078431372549023 1.3834532845382594 0.9662471048660553 3.4864782878754865 0.0 25.306913250458557 179.0 5.720670391061458 1.71042436636787 1.2096256010916264 4.805157531375327 0.0 26.109927199238243 161.0 6.3602484472049605 4.623389552209654 4.626418050729 15.166946884958433 0.0 19.60975946760939 50.0 20.48 1.3497731900363303 0.9289564312879058 3.355582661291501 0.0 25.911596976981034 197.0 5.197969543147216 1.8420945479958841 1.3651119815631974 5.869339320126588 0.0 26.381452469887225 145.0 7.06206896551723 6.599812247510329 8.555497930014969 28.568402560419546 0.0 23.60727266036167 44.0 23.272727272727266 1.4685772678168236 1.0158776072768176 3.9592310638267834 0.0 25.16905258271956 175.0 5.851428571428562 1.4821718997126845 3.7743625924153417 41.78745222094094 0.0 29.348448643212514 638.0 1.6050156739811945 24.07319097332853 10.878977035411614 36.9901087825193 0.0 13.537096399266316 42.0 24.380952380952376 0.67316311656262 1.058939836325291 4.365364986724842 0.0 29.23826360004977 667.0 1.535232383808098 1.4169618569110516 3.4117222292526472 32.874741622928155 0.0 29.45164062088824 644.0 1.5900621118012397 26.413959054522664 9.991545507772553 41.631810312897706 0.0 9.48347659176922 38.0 26.947368421052634 0.6580914509313256 1.0264785295261905 3.5217069291965686 0.0 29.384316693613304 680.0 1.505882352941178 1.3946511866458113 3.502690858301952 45.01462284090048 0.0 29.345482224521774 641.0 1.5975039001560107 28.13662262744742 5.58675950686399 35.76295777937128 0.0 7.64368178375316 36.0 28.44444444444444 0.6977944404766012 1.0905571814145025 4.365364986724842 0.0 29.32950224089589 666.0 1.5375375375375404 1.6699966216880953 1.2890439107895333 4.805157531375327 0.0 25.26949271948456 158.0 6.481012658227857 4.58106600659779 4.752829121290701 15.074033345448699 0.0 19.31325074437748 51.0 20.078431372549023 1.3582696939407943 0.9603666784330773 3.4864782878754865 0.0 25.422570254662872 188.0 5.4468085106382995 1.5731713245498062 1.2291956886148088 4.805157531375327 0.0 26.62193495551986 179.0 5.720670391061457 4.623389552209654 4.626418050729 15.166946884958433 0.0 19.60975946760939 50.0 20.48 1.2942653985880763 0.948201674956989 3.355582661291501 0.0 26.30416088482116 209.0 4.899521531100481 1.7719458392614245 1.353603656956083 5.869339320126588 0.0 26.64976201254071 154.0 6.649350649350648 6.468605666837923 8.505545029235027 28.568402560419546 0.0 23.340593467045245 45.0 22.755555555555553 1.434234833934136 1.0233392618230217 3.9592310638267834 0.0 25.451417898198002 182.0 5.626373626373634 
334.0005150327869 1.670997390525034 1.2362547463210616 4.6261065484396156 0.0 25.804211244516218 105.0 9.752380952380944 3.056263059684581 4.12259513383657 13.834661177334347 0.0 15.970947686880438 51.0 20.078431372549026 1.3246991553798906 0.9281394053322238 3.4836138576524758 0.0 26.000875782667034 126.0 8.126984126984144 1.6748868130733963 1.2693246009898052 4.6261065484396156 0.0 26.69486073869848 111.0 9.225225225225216 3.215174161356519 4.115440220494991 13.241912419968985 0.0 16.309553926498698 49.0 20.89795918367347 1.3834591525988875 0.8746406494893674 3.332808309342373 0.0 26.118119880814813 133.0 7.6992481203007515 1.7049961204885735 1.3501349219171261 5.6352774948562505 0.0 27.65355608478594 110.0 9.309090909090905 3.8649473481133176 6.466106547867601 24.628416408678792 0.0 21.257994108536618 46.0 22.260869565217398 1.410342496680556 0.9965322428027106 3.6016230121356916 0.0 26.215785468000025 126.0 8.126984126984144 0.0 0.0 0.0 0.0 0.0 1.0 1024.0 0.0 0.0 0.0 0.0 0.0 37.0 27.675675675675677 0.0 0.0 0.0 0.0 0.0 1.0 1024.0 0.0 0.0 0.0 0.0 0.0 1.0 1024.0 0.0 0.0 0.0 0.0 0.0 37.0 27.675675675675677 0.0 0.0 0.0 0.0 0.0 1.0 1024.0 0.0 0.0 0.0 0.0 0.0 1.0 1024.0 0.0 0.0 0.0 0.0 0.0 37.0 27.675675675675677 0.0 0.0 0.0 0.0 0.0 1.0 1024.0 1.7849546110237868 1.2144764692993837 4.805157531375327 0.0 25.34918048893624 150.0 6.826666666666676 4.58106600659779 4.752829121290701 15.074033345448699 0.0 19.31325074437748 51.0 20.078431372549023 1.3834532845382594 0.9662471048660553 3.4864782878754865 0.0 25.306913250458557 179.0 5.720670391061458 1.71042436636787 1.2096256010916264 4.805157531375327 0.0 26.109927199238243 161.0 6.3602484472049605 4.623389552209654 4.626418050729 15.166946884958433 0.0 19.60975946760939 50.0 20.48 1.3497231057349068 0.929017984588354 3.355582661291501 0.0 25.911746784005338 197.0 5.197969543147216 1.8420945479958841 1.3651119815631974 5.869339320126588 0.0 26.381452469887225 145.0 7.06206896551723 6.599812247510329 8.555497930014969 28.568402560419546 0.0 23.60727266036167 44.0 23.272727272727266 1.4685772678168236 1.0158776072768176 3.9592310638267834 0.0 25.16905258271956 175.0 5.851428571428562 1.4821718997126845 3.7743625924153417 41.78745222094094 0.0 29.348448643212514 638.0 1.6050156739811945 24.07319097332853 10.878977035411614 36.9901087825193 0.0 13.537096399266316 42.0 24.380952380952376 0.67316311656262 1.058939836325291 4.365364986724842 0.0 29.23826360004977 667.0 1.535232383808098 1.4169618569110516 3.4117222292526472 32.874741622928155 0.0 29.45164062088824 644.0 1.5900621118012397 26.413959054522664 9.991545507772553 41.631810312897706 0.0 9.48347659176922 38.0 26.947368421052634 0.6580914509313256 1.0264785295261905 3.5217069291965686 0.0 29.384316693613304 680.0 1.505882352941178 1.3946511866458113 3.502690858301952 45.01462284090048 0.0 29.345482224521774 641.0 1.5975039001560107 28.13662262744742 5.58675950686399 35.76295777937128 0.0 7.64368178375316 36.0 28.44444444444444 0.6977944404766012 1.0905571814145025 4.365364986724842 0.0 29.32950224089589 666.0 1.5375375375375404 1.6709314275812268 1.2890614351094294 4.805157531375327 0.0 25.28549077926763 158.0 6.481012658227857 4.58106600659779 4.752829121290701 15.074033345448699 0.0 19.31325074437748 51.0 20.078431372549023 1.358252738245496 0.9603619270752184 3.4864782878754865 0.0 25.42283505221693 188.0 5.4468085106383 1.6033010802722343 1.2237629420166567 4.805157531375327 0.0 26.520276013775405 176.0 5.818181818181822 4.623389552209654 4.626418050729 15.166946884958433 0.0 19.60975946760939 50.0 20.48 1.2904803844801684 0.951618918681521 3.355582661291501 0.0 26.233529999357646 209.0 4.899521531100481 1.7332415611059584 1.3599986062939737 5.869339320126588 0.0 27.055918157232092 158.0 6.4810126582278516 6.468605666837923 8.505545029235027 28.568402560419546 0.0 23.340593467045245 45.0 22.755555555555553 1.3846963298562 1.0417999102869946 3.9592310638267834 0.0 25.978630695128352 188.0 5.446808510638307 
335.0005150327869 1.670997390525034 1.2362547463210616 4.6261065484396156 0.0 25.804211244516218 105.0 9.752380952380944 3.056263059684581 4.12259513383657 13.834661177334347 0.0 15.970947686880438 51.0 20.078431372549026 1.3246991553798906 0.9281394053322238 3.4836138576524758 0.0 26.000875782667034 126.0 8.126984126984144 1.6748868130733963 1.2693246009898052 4.6261065484396156 0.0 26.69486073869848 111.0 9.225225225225216 3.215174161356519 4.115440220494991 13.241912419968985 0.0 16.309553926498698 49.0 20.89795918367347 1.3834591525988875 0.8746406494893674 3.332808309342373 0.0 26.118119880814813 133.0 7.6992481203007515 1.7049961204885735 1.3501349219171261 5.6352774948562505 0.0 27.65355608478594 110.0 9.309090909090905 3.8649473481133176 6.466106547867601 24.628416408678792 0.0 21.257994108536618 46.0 22.260869565217398 1.410342496680556 0.9965322428027106 3.6016230121356916 0.0 26.215785468000025 126.0 8.126984126984144 0.0 0.0 0.0 0.0 0.0 1.0 1024.0 0.0 0.0 0.0 0.0 0.0 37.0 27.675675675675677 0.0 0.0 0.0 0.0 0.0 1.0 1024.0 0.0 0.0 0.0 0.0 0.0 1.0 1024.0 0.0 0.0 0.0 0.0 0.0 37.0 27.675675675675677 0.0 0.0 0.0 0.0 0.0 1.0 1024.0 0.0 0.0 0.0 0.0 0.0 1.0 1024.0 0.0 0.0 0.0 0.0 0.0 37.0 27.675675675675677 0.0 0.0 0.0 0.0 0.0 1.0 1024.0 1.7849546110237868 1.2144764692993837 4.805157531375327 0.0 25.34918048893624 150.0 6.826666666666676 4.58106600659779 4.752829121290701 15.074033345448699 0.0 19.31325074437748 51.0 20.078431372549023 1.3834532845382594 0.9662471048660553 3.4864782878754865 0.0 25.306913250458557 179.0 5.720670391061458 1.71042436636787 1.2096256010916264 4.805157531375327 0.0 26.109927199238243 161.0 6.3602484472049605 4.623389552209654 4.626418050729 15.166946884958433 0.0 19.60975946760939 50.0 20.48 1.3497231057349068 0.929017984588354 3.355582661291501 0.0 25.911746784005338 197.0 5.197969543147216 1.8420945479958841 1.3651119815631974 5.869339320126588 0.0 26.381452469887225 145.0 7.06206896551723 6.599812247510329 8.555497930014969 28.568402560419546 0.0 23.60727266036167 44.0 23.272727272727266 1.4685772678168236 1.0158776072768176 3.9592310638267834 0.0 25.16905258271956 175.0 5.851428571428562 1.4821718997126845 3.7743625924153417 41.78745222094094 0.0 29.348448643212514 638.0 1.6050156739811945 24.07319097332853 10.878977035411614 36.9901087825193 0.0 13.537096399266316 42.0 24.380952380952376 0.67316311656262 1.058939836325291 4.365364986724842 0.0 29.23826360004977 667.0 1.535232383808098 1.4169618569110516 3.4117222292526472 32.874741622928155 0.0 29.45164062088824 644.0 1.5900621118012397 26.413959054522664 9.991545507772553 41.631810312897706 0.0 9.48347659176922 38.0 26.947368421052634 0.6580914509313256 1.0264785295261905 3.5217069291965686 0.0 29.384316693613304 680.0 1.505882352941178 1.3946511866458113 3.502690858301952 45.01462284090048 0.0 29.345482224521774 641.0 1.5975039001560107 28.13662262744742 5.58675950686399 35.76295777937128 0.0 7.64368178375316 36.0 28.44444444444444 0.6977944404766012 1.0905571814145025 4.365364986724842 0.0 29.32950224089589 666.0 1.5375375375375404 1.6758038286088657 1.2854872505883619 4.805157531375327 0.0 25.301925121995644 158.0 6.481012658227857 4.58106600659779 4.752829121290701 15.074033345448699 0.0 19.31325074437748 51.0 20.078431372549023 1.3435099216854858 0.9655337847687061 3.4864782878754865 0.0 25.5282025141968 190.0 5.389473684210527 1.5619228075048945 1.2324431224439476 4.805157531375327 0.0 26.68459385665073 178.0 5.752808988764034 4.623389552209654 4.626418050729 15.166946884958433 0.0 19.60975946760939 50.0 20.48 1.2903064171948622 0.9504139560843368 3.355582661291501 0.0 26.23689903146789 209.0 4.899521531100481 1.6657608666702477 1.3762075175793793 5.869339320126588 0.0 27.47759704898841 164.0 6.243902439024385 6.468605666837923 8.505545029235027 28.568402560419546 0.0 23.340593467045245 45.0 22.755555555555553 1.369233185628546 1.0417651144663629 3.9592310638267834 0.0 26.22249753588442 191.0 5.361256544502613 
336.0005150327869 1.671122825445148 1.2361101037405695 4.6261065484396156 0.0 25.8045602144479 105.0 9.752380952380944 3.056263059684581 4.12259513383657 13.834661177334347 0.0 15.970947686880438 51.0 20.078431372549026 1.3246991553798906 0.9281394053322238 3.4836138576524758 0.0 26.000875782667034 126.0 8.126984126984144 1.674683871354832 1.2695752750996157 4.6261065484396156 0.0 26.69467041431452 111.0 9.225225225225216 3.215174161356519 4.115440220494991 13.241912419968985 0.0 16.309553926498698 49.0 20.89795918367347 1.3834591525988875 0.8746406494893674 3.332808309342373 0.0 26.118119880814813 133.0 7.6992481203007515 1.7049961204885735 1.3501349219171261 5.6352774948562505 0.0 27.65355608478594 110.0 9.309090909090905 3.8649473481133176 6.466106547867601 24.628416408678792 0.0 21.257994108536618 46.0 22.260869565217398 1.410342496680556 0.9965322428027106 3.6016230121356916 0.0 26.215785468000025 126.0 8.126984126984144 0.0 0.0 0.0 0.0 0.0 1.0 1024.0 0.0 0.0 0.0 0.0 0.0 37.0 27.675675675675677 0.0 0.0 0.0 0.0 0.0 1.0 1024.0 0.0 0.0 0.0 0.0 0.0 1.0 1024.0 0.0 0.0 0.0 0.0 0.0 37.0 27.675675675675677 0.0 0.0 0.0 0.0 0.0 1.0 1024.0 0.0 0.0 0.0 0.0 0.0 1.0 1024.0 0.0 0.0 0.0 0.0 0.0 37.0 27.675675675675677 0.0 0.0 0.0 0.0 0.0 1.0 1024.0 1.7849546110237868 1.2144764692993837 4.805157531375327 0.0 25.34918048893624 150.0 6.826666666666676 4.58106600659779 4.752829121290701 15.074033345448699 0.0 19.31325074437748 51.0 20.078431372549023 1.3834532845382594 0.9662471048660553 3.4864782878754865 0.0 25.306913250458557 179.0 5.720670391061458 1.7099330928407417 1.210288206782651 4.805157531375327 0.0 26.11084038565566 161.0 6.3602484472049605 4.623389552209654 4.626418050729 15.166946884958433 0.0 19.60975946760939 50.0 20.48 1.3496140253680895 0.9291477295640289 3.355582661291501 0.0 25.91217701462666 197.0 5.197969543147215 1.8420945479958841 1.3651119815631974 5.869339320126588 0.0 26.381452469887225 145.0 7.06206896551723 6.599812247510329 8.555497930014969 28.568402560419546 0.0 23.60727266036167 44.0 23.272727272727266 1.4685772678168236 1.0158776072768176 3.9592310638267834 0.0 25.16905258271956 175.0 5.851428571428562 1.4821718997126845 3.7743625924153417 41.78745222094094 0.0 29.348448643212514 638.0 1.6050156739811945 24.07319097332853 10.878977035411614 36.9901087825193 0.0 13.537096399266316 42.0 24.380952380952376 0.67316311656262 1.058939836325291 4.365364986724842 0.0 29.23826360004977 667.0 1.535232383808098 1.4169618569110516 3.4117222292526472 32.874741622928155 0.0 29.45164062088824 644.0 1.5900621118012397 26.413959054522664 9.991545507772553 41.631810312897706 0.0 9.48347659176922 38.0 26.947368421052634 0.6580914509313256 1.0264785295261905 3.5217069291965686 0.0 29.384316693613304 680.0 1.505882352941178 1.3946511866458113 3.502690858301952 45.01462284090048 0.0 29.345482224521774 641.0 1.5975039001560107 28.13662262744742 5.58675950686399 35.76295777937128 0.0 7.64368178375316 36.0 28.44444444444444 0.6977944404766012 1.0905571814145025 4.365364986724842 0.0 29.32950224089589 666.0 1.5375375375375404 1.6810987092352772 1.292690952592111 4.805157531375327 0.0 25.327655240017712 157.0 6.522292993630575 4.58106600659779 4.752829121290701 15.074033345448699 0.0 19.31325074437748 51.0 20.078431372549023 1.3424279130650025 0.9644936885806075 3.4864782878754865 0.0 25.529240988605327 190.0 5.389473684210526 1.5269239623768183 1.2424871189274787 4.805157531375327 0.0 26.687115926381402 181.0 5.657458563535921 4.623389552209654 4.626418050729 15.166946884958433 0.0 19.60975946760939 50.0 20.48 1.2908586725981643 0.9506539590881883 3.355582661291501 0.0 26.238162632999224 209.0 4.899521531100481 1.7414857295909143 1.3576848324777924 5.869339320126588 0.0 26.964105123815358 157.0 6.522292993630575 6.468605666837923 8.505545029235027 28.568402560419546 0.0 23.340593467045245 45.0 22.755555555555553 1.4093465317711296 1.0321092490364765 3.9592310638267834 0.0 25.7216974374244 185.0 5.535135135135135 
337.0005150327869 1.671122825445148 1.2361101037405695 4.6261065484396156 0.0 25.8045602144479 105.0 9.752380952380944 3.056263059684581 4.12259513383657 13.834661177334347 0.0 15.970947686880438 51.0 20.078431372549026 1.3246991553798906 0.9281394053322238 3.4836138576524758 0.0 26.000875782667034 126.0 8.126984126984144 1.674683871354832 1.2695752750996157 4.6261065484396156 0.0 26.69467041431452 111.0 9.225225225225216 3.215174161356519 4.115440220494991 13.241912419968985 0.0 16.309553926498698 49.0 20.89795918367347 1.3834591525988875 0.8746406494893674 3.332808309342373 0.0 26.118119880814813 133.0 7.6992481203007515 1.7049961204885735 1.3501349219171261 5.6352774948562505 0.0 27.65355608478594 110.0 9.309090909090905 3.8649473481133176 6.466106547867601 24.628416408678792 0.0 21.257994108536618 46.0 22.260869565217398 1.410342496680556 0.9965322428027106 3.6016230121356916 0.0 26.215785468000025 126.0 8.126984126984144 0.0 0.0 0.0 0.0 0.0 1.0 1024.0 0.0 0.0 0.0 0.0 0.0 37.0 27.675675675675677 0.0 0.0 0.0 0.0 0.0 1.0 1024.0 0.0 0.0 0.0 0.0 0.0 1.0 1024.0 0.0 0.0 0.0 0.0 0.0 37.0 27.675675675675677 0.0 0.0 0.0 0.0 0.0 1.0 1024.0 0.0 0.0 0.0 0.0 0.0 1.0 1024.0 0.0 0.0 0.0 0.0 0.0 37.0 27.675675675675677 0.0 0.0 0.0 0.0 0.0 1.0 1024.0 1.7851823075818114 1.214203220555033 4.805157531375327 0.0 25.349915362887714 150.0 6.826666666666676 4.58106600659779 4.752829121290701 15.074033345448699 0.0 19.31325074437748 51.0 20.078431372549023 1.3834532845382594 0.9662471048660553 3.4864782878754865 0.0 25.306913250458557 179.0 5.720670391061458 1.7099330928407417 1.210288206782651 4.805157531375327 0.0 26.11084038565566 161.0 6.3602484472049605 4.623389552209654 4.626418050729 15.166946884958433 0.0 19.60975946760939 50.0 20.48 1.3496330033456228 0.9291303402801135 3.355582661291501 0.0 25.91267208824541 197.0 5.197969543147215 1.8420945479958841 1.3651119815631974 5.869339320126588 0.0 26.381452469887225 145.0 7.06206896551723 6.599812247510329 8.555497930014969 28.568402560419546 0.0 23.60727266036167 44.0 23.272727272727266 1.4685772678168236 1.0158776072768176 3.9592310638267834 0.0 25.16905258271956 175.0 5.851428571428562 1.4821718997126845 3.7743625924153417 41.78745222094094 0.0 29.348448643212514 638.0 1.6050156739811945 24.07319097332853 10.878977035411614 36.9901087825193 0.0 13.537096399266316 42.0 24.380952380952376 0.67316311656262 1.058939836325291 4.365364986724842 0.0 29.23826360004977 667.0 1.535232383808098 1.4169618569110516 3.4117222292526472 32.874741622928155 0.0 29.45164062088824 644.0 1.5900621118012397 26.413959054522664 9.991545507772553 41.631810312897706 0.0 9.48347659176922 38.0 26.947368421052634 0.6580914509313256 1.0264785295261905 3.5217069291965686 0.0 29.384316693613304 680.0 1.505882352941178 1.3946511866458113 3.502690858301952 45.01462284090048 0.0 29.345482224521774 641.0 1.5975039001560107 28.13662262744742 5.58675950686399 35.76295777937128 0.0 7.64368178375316 36.0 28.44444444444444 0.6977944404766012 1.0905571814145025 4.365364986724842 0.0 29.32950224089589 666.0 1.5375375375375404 1.6738655225022248 1.2887102467969773 4.805157531375327 0.0 25.329042998602677 157.0 6.522292993630575 4.58106600659779 4.752829121290701 15.074033345448699 0.0 19.31325074437748 51.0 20.078431372549023 1.3173696540931434 0.9696468100157352 3.4864782878754865 0.0 25.60018273676889 192.0 5.333333333333336 1.5607745056094458 1.2295985370375915 4.805157531375327 0.0 26.608998087434113 178.0 5.752808988764035 4.623389552209654 4.626418050729 15.166946884958433 0.0 19.60975946760939 50.0 20.48 1.2963450772937044 0.9489654361507291 3.355582661291501 0.0 26.26549070979475 208.0 4.923076923076918 1.7726823960915967 1.3517659824070078 5.869339320126588 0.0 26.693919902961532 154.0 6.649350649350648 6.468605666837923 8.505545029235027 28.568402560419546 0.0 23.340593467045245 45.0 22.755555555555553 1.4212515271332966 1.0302724439758966 3.9592310638267834 0.0 25.535146487329005 183.0 5.595628415300541 
338.0005150327869 1.671122825445148 1.2361101037405695 4.6261065484396156 0.0 25.8045602144479 105.0 9.752380952380944 3.056263059684581 4.12259513383657 13.834661177334347 0.0 15.970947686880438 51.0 20.078431372549026 1.3246991553798906 0.9281394053322238 3.4836138576524758 0.0 26.000875782667034 126.0 8.126984126984144 1.674683871354832 1.2695752750996157 4.6261065484396156 0.0 26.69467041431452 111.0 9.225225225225216 3.215174161356519 4.115440220494991 13.241912419968985 0.0 16.309553926498698 49.0 20.89795918367347 1.3834591525988875 0.8746406494893674 3.332808309342373 0.0 26.118119880814813 133.0 7.6992481203007515 1.7049961204885735 1.3501349219171261 5.6352774948562505 0.0 27.65355608478594 110.0 9.309090909090905 3.8649473481133176 6.466106547867601 24.628416408678792 0.0 21.257994108536618 46.0 22.260869565217398 1.410342496680556 0.9965322428027106 3.6016230121356916 0.0 26.215785468000025 126.0 8.126984126984144 0.0 0.0 0.0 0.0 0.0 1.0 1024.0 0.0 0.0 0.0 0.0 0.0 37.0 27.675675675675677 0.0 0.0 0.0 0.0 0.0 1.0 1024.0 0.0 0.0 0.0 0.0 0.0 1.0 1024.0 0.0 0.0 0.0 0.0 0.0 37.0 27.675675675675677 0.0 0.0 0.0 0.0 0.0 1.0 1024.0 0.0 0.0 0.0 0.0 0.0 1.0 1024.0 0.0 0.0 0.0 0.0 0.0 37.0 27.675675675675677 0.0 0.0 0.0 0.0 0.0 1.0 1024.0 1.7851823075818114 1.214203220555033 4.805157531375327 0.0 25.349915362887714 150.0 6.826666666666676 4.58106600659779 4.752829121290701 15.074033345448699 0.0 19.31325074437748 51.0 20.078431372549023 1.3834532845382594 0.9662471048660553 3.4864782878754865 0.0 25.306913250458557 179.0 5.720670391061458 1.7099330928407417 1.210288206782651 4.805157531375327 0.0 26.11084038565566 161.0 6.3602484472049605 4.623389552209654 4.626418050729 15.166946884958433 0.0 19.60975946760939 50.0 20.48 1.3496316707140457 0.9291358812214516 3.355582661291501 0.0 25.913117684337738 197.0 5.197969543147215 1.8420945479958841 1.3651119815631974 5.869339320126588 0.0 26.381452469887225 145.0 7.06206896551723 6.599812247510329 8.555497930014969 28.568402560419546 0.0 23.60727266036167 44.0 23.272727272727266 1.4685772678168236 1.0158776072768176 3.9592310638267834 0.0 25.16905258271956 175.0 5.851428571428562 1.4821718997126845 3.7743625924153417 41.78745222094094 0.0 29.348448643212514 638.0 1.6050156739811945 24.07319097332853 10.878977035411614 36.9901087825193 0.0 13.537096399266316 42.0 24.380952380952376 0.67316311656262 1.058939836325291 4.365364986724842 0.0 29.23826360004977 667.0 1.535232383808098 1.4169618569110516 3.4117222292526472 32.874741622928155 0.0 29.45164062088824 644.0 1.5900621118012397 26.413959054522664 9.991545507772553 41.631810312897706 0.0 9.48347659176922 38.0 26.947368421052634 0.6580914509313256 1.0264785295261905 3.5217069291965686 0.0 29.384316693613304 680.0 1.505882352941178 1.3946511866458113 3.502690858301952 45.01462284090048 0.0 29.345482224521774 641.0 1.5975039001560107 28.13662262744742 5.58675950686399 35.76295777937128 0.0 7.64368178375316 36.0 28.44444444444444 0.6977944404766012 1.0905571814145025 4.365364986724842 0.0 29.32950224089589 666.0 1.5375375375375404 1.6589191181377942 1.2975648159215478 4.805157531375327 0.0 25.26331341295798 157.0 6.522292993630575 4.58106600659779 4.752829121290701 15.074033345448699 0.0 19.31325074437748 51.0 20.078431372549023 1.3097821926882411 0.9736952986077457 3.4864782878754865 0.0 25.62521076932596 193.0 5.3056994818652825 1.5564375593283786 1.232773465803808 4.805157531375327 0.0 26.604009739214273 178.0 5.752808988764035 4.623389552209654 4.626418050729 15.166946884958433 0.0 19.60975946760939 50.0 20.48 1.297426071178956 0.9476104813804809 3.355582661291501 0.0 26.266774019448043 208.0 4.923076923076917 1.7272524779739624 1.3643945669438813 5.869339320126588 0.0 27.042713742987285 158.0 6.481012658227852 6.468605666837923 8.505545029235027 28.568402560419546 0.0 23.340593467045245 45.0 22.755555555555553 1.392085481578337 1.038619585240542 3.9592310638267834 0.0 25.907745439980648 187.0 5.475935828876998 
339.0005150327869 1.6713088206093312 1.2358978023324112 4.6261065484396156 0.0 25.804931178302066 105.0 9.752380952380944 3.056263059684581 4.12259513383657 13.834661177334347 0.0 15.970947686880438 51.0 20.078431372549026 1.3246991553798906 0.9281394053322238 3.4836138576524758 0.0 26.000875782667034 126.0 8.126984126984144 1.674683871354832 1.2695752750996157 4.6261065484396156 0.0 26.69467041431452 111.0 9.225225225225216 3.215174161356519 4.115440220494991 13.241912419968985 0.0 16.309553926498698 49.0 20.89795918367347 1.3834591525988875 0.8746406494893674 3.332808309342373 0.0 26.118119880814813 133.0 7.6992481203007515 1.7049961204885735 1.3501349219171261 5.6352774948562505 0.0 27.65355608478594 110.0 9.309090909090905 3.8649473481133176 6.466106547867601 24.628416408678792 0.0 21.257994108536618 46.0 22.260869565217398 1.410342496680556 0.9965322428027106 3.6016230121356916 0.0 26.215785468000025 126.0 8.126984126984144 0.0 0.0 0.0 0.0 0.0 1.0 1024.0 0.0 0.0 0.0 0.0 0.0 37.0 27.675675675675677 0.0 0.0 0.0 0.0 0.0 1.0 1024.0 0.0 0.0 0.0 0.0 0.0 1.0 1024.0 0.0 0.0 0.0 0.0 0.0 37.0 27.675675675675677 0.0 0.0 0.0 0.0 0.0 1.0 1024.0 0.0 0.0 0.0 0.0 0.0 1.0 1024.0 0.0 0.0 0.0 0.0 0.0 37.0 27.675675675675677 0.0 0.0 0.0 0.0 0.0 1.0 1024.0 1.7851823075818114 1.214203220555033 4.805157531375327 0.0 25.349915362887714 150.0 6.826666666666676 4.58106600659779 4.752829121290701 15.074033345448699 0.0 19.31325074437748 51.0 20.078431372549023 1.3834532845382594 0.9662471048660553 3.4864782878754865 0.0 25.306913250458557 179.0 5.720670391061458 1.7099330928407417 1.210288206782651 4.805157531375327 0.0 26.11084038565566 161.0 6.3602484472049605 4.623389552209654 4.626418050729 15.166946884958433 0.0 19.60975946760939 50.0 20.48 1.3496316707140457 0.9291358812214516 3.355582661291501 0.0 25.913117684337738 197.0 5.197969543147215 1.8420945479958841 1.3651119815631974 5.869339320126588 0.0 26.381452469887225 145.0 7.06206896551723 6.599812247510329 8.555497930014969 28.568402560419546 0.0 23.60727266036167 44.0 23.272727272727266 1.4685772678168236 1.0158776072768176 3.9592310638267834 0.0 25.16905258271956 175.0 5.851428571428562 1.4821718997126845 3.7743625924153417 41.78745222094094 0.0 29.348448643212514 638.0 1.6050156739811945 24.07319097332853 10.878977035411614 36.9901087825193 0.0 13.537096399266316 42.0 24.380952380952376 0.67316311656262 1.058939836325291 4.365364986724842 0.0 29.23826360004977 667.0 1.535232383808098 1.4169618569110516 3.4117222292526472 32.874741622928155 0.0 29.45164062088824 644.0 1.5900621118012397 26.413959054522664 9.991545507772553 41.631810312897706 0.0 9.48347659176922 38.0 26.947368421052634 0.6580914509313256 1.0264785295261905 3.5217069291965686 0.0 29.384316693613304 680.0 1.505882352941178 1.3946511866458113 3.502690858301952 45.01462284090048 0.0 29.345482224521774 641.0 1.5975039001560107 28.13662262744742 5.58675950686399 35.76295777937128 0.0 7.64368178375316 36.0 28.44444444444444 0.6977944404766012 1.0905571814145025 4.365364986724842 0.0 29.32950224089589 666.0 1.5375375375375404 1.661250712578554 1.291866580292374 4.805157531375327 0.0 25.290766094650486 158.0 6.481012658227857 4.58106600659779 4.752829121290701 15.074033345448699 0.0 19.31325074437748 51.0 20.078431372549023 1.29396072448083 0.9794465251143673 3.4864782878754865 0.0 25.677164366290192 195.0 5.251282051282055 1.5429677395782597 1.2369432389663217 4.805157531375327 0.0 26.591126051372182 179.0 5.720670391061457 4.623389552209654 4.626418050729 15.166946884958433 0.0 19.60975946760939 50.0 20.48 1.2960903830175572 0.9466885922465956 3.355582661291501 0.0 26.267872954075756 208.0 4.923076923076917 1.6748226011369791 1.3751313165177192 5.869339320126588 0.0 27.411906726879668 163.0 6.282208588957052 6.468605666837923 8.505545029235027 28.568402560419546 0.0 23.340593467045245 45.0 22.755555555555553 1.3751896646901964 1.0450295780146062 3.9592310638267834 0.0 26.155401545523357 190.0 5.389473684210524 
340.0005150327869 1.6713088206093312 1.2358978023324112 4.6261065484396156 0.0 25.804931178302066 105.0 9.752380952380944 3.056263059684581 4.12259513383657 13.834661177334347 0.0 15.970947686880438 51.0 20.078431372549026 1.3246991553798906 0.9281394053322238 3.4836138576524758 0.0 26.000875782667034 126.0 8.126984126984144 1.674683871354832 1.2695752750996157 4.6261065484396156 0.0 26.69467041431452 111.0 9.225225225225216 3.215174161356519 4.115440220494991 13.241912419968985 0.0 16.309553926498698 49.0 20.89795918367347 1.3834591525988875 0.8746406494893674 3.332808309342373 0.0 26.118119880814813 133.0 7.6992481203007515 1.7049961204885735 1.3501349219171261 5.6352774948562505 0.0 27.65355608478594 110.0 9.309090909090905 3.8649473481133176 6.466106547867601 24.628416408678792 0.0 21.257994108536618 46.0 22.260869565217398 1.410342496680556 0.9965322428027106 3.6016230121356916 0.0 26.215785468000025 126.0 8.126984126984144 0.0 0.0 0.0 0.0 0.0 1.0 1024.0 0.0 0.0 0.0 0.0 0.0 37.0 27.675675675675677 0.0 0.0 0.0 0.0 0.0 1.0 1024.0 0.0 0.0 0.0 0.0 0.0 1.0 1024.0 0.0 0.0 0.0 0.0 0.0 37.0 27.675675675675677 0.0 0.0 0.0 0.0 0.0 1.0 1024.0 0.0 0.0 0.0 0.0 0.0 1.0 1024.0 0.0 0.0 0.0 0.0 0.0 37.0 27.675675675675677 0.0 0.0 0.0 0.0 0.0 1.0 1024.0 1.791583679297674 1.207219593121469 4.805157531375327 0.0 25.356036849301162 150.0 6.826666666666676 4.58106600659779 4.752829121290701 15.074033345448699 0.0 19.31325074437748 51.0 20.078431372549023 1.3834532845382594 0.9662471048660553 3.4864782878754865 0.0 25.306913250458557 179.0 5.720670391061458 1.7099330928407417 1.210288206782651 4.805157531375327 0.0 26.11084038565566 161.0 6.3602484472049605 4.623389552209654 4.626418050729 15.166946884958433 0.0 19.60975946760939 50.0 20.48 1.3496316707140457 0.9291358812214516 3.355582661291501 0.0 25.913117684337738 197.0 5.197969543147215 1.8420945479958841 1.3651119815631974 5.869339320126588 0.0 26.381452469887225 145.0 7.06206896551723 6.599812247510329 8.555497930014969 28.568402560419546 0.0 23.60727266036167 44.0 23.272727272727266 1.4685772678168236 1.0158776072768176 3.9592310638267834 0.0 25.16905258271956 175.0 5.851428571428562 1.4821718997126845 3.7743625924153417 41.78745222094094 0.0 29.348448643212514 638.0 1.6050156739811945 24.07319097332853 10.878977035411614 36.9901087825193 0.0 13.537096399266316 42.0 24.380952380952376 0.67316311656262 1.058939836325291 4.365364986724842 0.0 29.23826360004977 667.0 1.535232383808098 1.4169618569110516 3.4117222292526472 32.874741622928155 0.0 29.45164062088824 644.0 1.5900621118012397 26.413959054522664 9.991545507772553 41.631810312897706 0.0 9.48347659176922 38.0 26.947368421052634 0.6580914509313256 1.0264785295261905 3.5217069291965686 0.0 29.384316693613304 680.0 1.505882352941178 1.3946511866458113 3.502690858301952 45.01462284090048 0.0 29.345482224521774 641.0 1.5975039001560107 28.13662262744742 5.58675950686399 35.76295777937128 0.0 7.64368178375316 36.0 28.44444444444444 0.6977944404766012 1.0905571814145025 4.365364986724842 0.0 29.32950224089589 666.0 1.5375375375375404 1.6528993195372603 1.294359715371048 4.805157531375327 0.0 25.30568599065904 158.0 6.481012658227857 4.58106600659779 4.752829121290701 15.074033345448699 0.0 19.31325074437748 51.0 20.078431372549023 1.3244409356341433 0.9649208515968206 3.4864782878754865 0.0 25.595005100499844 192.0 5.333333333333335 1.5356533737699942 1.2381275122385567 4.805157531375327 0.0 26.641165266220295 180.0 5.688888888888891 4.623389552209654 4.626418050729 15.166946884958433 0.0 19.60975946760939 50.0 20.48 1.3026365627654772 0.945098929487384 3.355582661291501 0.0 26.248404706300843 206.0 4.970873786407768 1.7624528178819858 1.3533349395561438 5.869339320126588 0.0 26.78856999283473 155.0 6.606451612903227 6.468605666837923 8.505545029235027 28.568402560419546 0.0 23.340593467045245 45.0 22.755555555555553 1.4263156473525207 1.029353975318295 3.9592310638267834 0.0 25.559380574591533 183.0 5.595628415300541 
341.0005150327869 1.6711743748454946 1.2360333474943106 4.6261065484396156 0.0 25.807523531525575 105.0 9.752380952380944 3.056263059684581 4.12259513383657 13.834661177334347 0.0 15.970947686880438 51.0 20.078431372549026 1.3246991553798906 0.9281394053322238 3.4836138576524758 0.0 26.000875782667034 126.0 8.126984126984144 1.674683871354832 1.2695752750996157 4.6261065484396156 0.0 26.69467041431452 111.0 9.225225225225216 3.215174161356519 4.115440220494991 13.241912419968985 0.0 16.309553926498698 49.0 20.89795918367347 1.3834591525988875 0.8746406494893674 3.332808309342373 0.0 26.118119880814813 133.0 7.6992481203007515 1.7049961204885735 1.3501349219171261 5.6352774948562505 0.0 27.65355608478594 110.0 9.309090909090905 3.8649473481133176 6.466106547867601 24.628416408678792 0.0 21.257994108536618 46.0 22.260869565217398 1.410342496680556 0.9965322428027106 3.6016230121356916 0.0 26.215785468000025 126.0 8.126984126984144 0.0 0.0 0.0 0.0 0.0 1.0 1024.0 0.0 0.0 0.0 0.0 0.0 37.0 27.675675675675677 0.0 0.0 0.0 0.0 0.0 1.0 1024.0 0.0 0.0 0.0 0.0 0.0 1.0 1024.0 0.0 0.0 0.0 0.0 0.0 37.0 27.675675675675677 0.0 0.0 0.0 0.0 0.0 1.0 1024.0 0.0 0.0 0.0 0.0 0.0 1.0 1024.0 0.0 0.0 0.0 0.0 0.0 37.0 27.675675675675677 0.0 0.0 0.0 0.0 0.0 1.0 1024.0 1.791583679297674 1.207219593121469 4.805157531375327 0.0 25.356036849301162 150.0 6.826666666666676 4.58106600659779 4.752829121290701 15.074033345448699 0.0 19.31325074437748 51.0 20.078431372549023 1.3834532845382594 0.9662471048660553 3.4864782878754865 0.0 25.306913250458557 179.0 5.720670391061458 1.7099330928407417 1.210288206782651 4.805157531375327 0.0 26.11084038565566 161.0 6.3602484472049605 4.623389552209654 4.626418050729 15.166946884958433 0.0 19.60975946760939 50.0 20.48 1.3496215763377608 0.9291493999202978 3.355582661291501 0.0 25.91327177040158 197.0 5.197969543147215 1.8420945479958841 1.3651119815631974 5.869339320126588 0.0 26.381452469887225 145.0 7.06206896551723 6.599812247510329 8.555497930014969 28.568402560419546 0.0 23.60727266036167 44.0 23.272727272727266 1.4685772678168236 1.0158776072768176 3.9592310638267834 0.0 25.16905258271956 175.0 5.851428571428562 1.4821718997126845 3.7743625924153417 41.78745222094094 0.0 29.348448643212514 638.0 1.6050156739811945 24.07319097332853 10.878977035411614 36.9901087825193 0.0 13.537096399266316 42.0 24.380952380952376 0.67316311656262 1.058939836325291 4.365364986724842 0.0 29.23826360004977 667.0 1.535232383808098 1.4169618569110516 3.4117222292526472 32.874741622928155 0.0 29.45164062088824 644.0 1.5900621118012397 26.413959054522664 9.991545507772553 41.631810312897706 0.0 9.48347659176922 38.0 26.947368421052634 0.6580914509313256 1.0264785295261905 3.5217069291965686 0.0 29.384316693613304 680.0 1.505882352941178 1.3946511866458113 3.502690858301952 45.01462284090048 0.0 29.345482224521774 641.0 1.5975039001560107 28.13662262744742 5.58675950686399 35.76295777937128 0.0 7.64368178375316 36.0 28.44444444444444 0.6977944404766012 1.0905571814145025 4.365364986724842 0.0 29.32950224089589 666.0 1.5375375375375404 1.6374250185194936 1.3019785117797362 4.805157531375327 0.0 25.289785570154702 159.0 6.440251572327046 4.58106600659779 4.752829121290701 15.074033345448699 0.0 19.31325074437748 51.0 20.078431372549023 1.3503042279687365 0.964605295021516 3.4864782878754865 0.0 25.392060711421795 187.0 5.475935828877002 1.5511405388671544 1.2331098747863272 4.805157531375327 0.0 26.59702957595533 179.0 5.720670391061457 4.623389552209654 4.626418050729 15.166946884958433 0.0 19.60975946760939 50.0 20.48 1.3084839918690196 0.942864744014189 3.355582661291501 0.0 26.229276036431056 205.0 4.995121951219509 1.7599288434531026 1.3559461941090085 5.869339320126588 0.0 26.68399596294429 155.0 6.606451612903227 6.468605666837923 8.505545029235027 28.568402560419546 0.0 23.340593467045245 45.0 22.755555555555553 1.4423660629622774 1.024784568969835 3.9592310638267834 0.0 25.354589152324873 181.0 5.657458563535922 
342.0005150327869 1.6711743748454946 1.2360333474943106 4.6261065484396156 0.0 25.807523531525575 105.0 9.752380952380944 3.056263059684581 4.12259513383657 13.834661177334347 0.0 15.970947686880438 51.0 20.078431372549026 1.3246991553798906 0.9281394053322238 3.4836138576524758 0.0 26.000875782667034 126.0 8.126984126984144 1.674683871354832 1.2695752750996157 4.6261065484396156 0.0 26.69467041431452 111.0 9.225225225225216 3.215174161356519 4.115440220494991 13.241912419968985 0.0 16.309553926498698 49.0 20.89795918367347 1.3834591525988875 0.8746406494893674 3.332808309342373 0.0 26.118119880814813 133.0 7.6992481203007515 1.7049936902395981 1.3501309378301092 5.6352774948562505 0.0 27.65362226992531 110.0 9.309090909090905 3.8649473481133176 6.466106547867601 24.628416408678792 0.0 21.257994108536618 46.0 22.260869565217398 1.410342496680556 0.9965322428027106 3.6016230121356916 0.0 26.215785468000025 126.0 8.126984126984144 0.0 0.0 0.0 0.0 0.0 1.0 1024.0 0.0 0.0 0.0 0.0 0.0 37.0 27.675675675675677 0.0 0.0 0.0 0.0 0.0 1.0 1024.0 0.0 0.0 0.0 0.0 0.0 1.0 1024.0 0.0 0.0 0.0 0.0 0.0 37.0 27.675675675675677 0.0 0.0 0.0 0.0 0.0 1.0 1024.0 0.0 0.0 0.0 0.0 0.0 1.0 1024.0 0.0 0.0 0.0 0.0 0.0 37.0 27.675675675675677 0.0 0.0 0.0 0.0 0.0 1.0 1024.0 1.7947694478750575 1.2057916307136225 4.805157531375327 0.0 25.36178908998618 150.0 6.826666666666676 4.58106600659779 4.752829121290701 15.074033345448699 0.0 19.31325074437748 51.0 20.078431372549023 1.3834532845382594 0.9662471048660553 3.4864782878754865 0.0 25.306913250458557 179.0 5.720670391061458 1.7099330928407417 1.210288206782651 4.805157531375327 0.0 26.11084038565566 161.0 6.3602484472049605 4.623389552209654 4.626418050729 15.166946884958433 0.0 19.60975946760939 50.0 20.48 1.3426569017772017 0.9319212711569493 3.355582661291501 0.0 25.98186245690584 198.0 5.1717171717171695 1.8420945479958841 1.3651119815631974 5.869339320126588 0.0 26.381452469887225 145.0 7.06206896551723 6.599812247510329 8.555497930014969 28.568402560419546 0.0 23.60727266036167 44.0 23.272727272727266 1.4685772678168236 1.0158776072768176 3.9592310638267834 0.0 25.16905258271956 175.0 5.851428571428562 1.4821718997126845 3.7743625924153417 41.78745222094094 0.0 29.348448643212514 638.0 1.6050156739811945 24.07319097332853 10.878977035411614 36.9901087825193 0.0 13.537096399266316 42.0 24.380952380952376 0.67316311656262 1.058939836325291 4.365364986724842 0.0 29.23826360004977 667.0 1.535232383808098 1.4169618569110516 3.4117222292526472 32.874741622928155 0.0 29.45164062088824 644.0 1.5900621118012397 26.413959054522664 9.991545507772553 41.631810312897706 0.0 9.48347659176922 38.0 26.947368421052634 0.6580914509313256 1.0264785295261905 3.5217069291965686 0.0 29.384316693613304 680.0 1.505882352941178 1.3946511866458113 3.502690858301952 45.01462284090048 0.0 29.345482224521774 641.0 1.5975039001560107 28.13662262744742 5.58675950686399 35.76295777937128 0.0 7.64368178375316 36.0 28.44444444444444 0.6977944404766012 1.0905571814145025 4.365364986724842 0.0 29.32950224089589 666.0 1.5375375375375404 1.641576149752479 1.3052040689894693 4.805157531375327 0.0 25.258798837184713 158.0 6.481012658227857 4.58106600659779 4.752829121290701 15.074033345448699 0.0 19.31325074437748 51.0 20.078431372549023 1.3406131983512186 0.9704822666566402 3.4864782878754865 0.0 25.498077086231298 188.0 5.446808510638302 1.5593843792917061 1.2313093191676172 4.805157531375327 0.0 26.574602894247654 178.0 5.752808988764035 4.623389552209654 4.626418050729 15.166946884958433 0.0 19.60975946760939 50.0 20.48 1.312200675933493 0.9437371391457305 3.355582661291501 0.0 26.18562164599365 204.0 5.01960784313725 1.7089487032161685 1.3681902372227712 5.869339320126588 0.0 27.104713934327126 160.0 6.400000000000005 6.468605666837923 8.505545029235027 28.568402560419546 0.0 23.340593467045245 45.0 22.755555555555553 1.3769992062771135 1.04622166796306 3.9592310638267834 0.0 26.035942984860903 189.0 5.417989417989418 
343.0005150327869 1.6711743748454946 1.2360333474943106 4.6261065484396156 0.0 25.807523531525575 105.0 9.752380952380944 3.056263059684581 4.12259513383657 13.834661177334347 0.0 15.970947686880438 51.0 20.078431372549026 1.3246991553798906 0.9281394053322238 3.4836138576524758 0.0 26.000875782667034 126.0 8.126984126984144 1.674683871354832 1.2695752750996157 4.6261065484396156 0.0 26.69467041431452 111.0 9.225225225225216 3.215174161356519 4.115440220494991 13.241912419968985 0.0 16.309553926498698 49.0 20.89795918367347 1.3834591525988875 0.8746406494893674 3.332808309342373 0.0 26.118119880814813 133.0 7.6992481203007515 1.7049936902395981 1.3501309378301092 5.6352774948562505 0.0 27.65362226992531 110.0 9.309090909090905 3.8649473481133176 6.466106547867601 24.628416408678792 0.0 21.257994108536618 46.0 22.260869565217398 1.410342496680556 0.9965322428027106 3.6016230121356916 0.0 26.215785468000025 126.0 8.126984126984144 0.0 0.0 0.0 0.0 0.0 1.0 1024.0 0.0 0.0 0.0 0.0 0.0 37.0 27.675675675675677 0.0 0.0 0.0 0.0 0.0 1.0 1024.0 0.0 0.0 0.0 0.0 0.0 1.0 1024.0 0.0 0.0 0.0 0.0 0.0 37.0 27.675675675675677 0.0 0.0 0.0 0.0 0.0 1.0 1024.0 0.0 0.0 0.0 0.0 0.0 1.0 1024.0 0.0 0.0 0.0 0.0 0.0 37.0 27.675675675675677 0.0 0.0 0.0 0.0 0.0 1.0 1024.0 1.7947694478750575 1.2057916307136225 4.805157531375327 0.0 25.36178908998618 150.0 6.826666666666676 4.58106600659779 4.752829121290701 15.074033345448699 0.0 19.31325074437748 51.0 20.078431372549023 1.3834532845382594 0.9662471048660553 3.4864782878754865 0.0 25.306913250458557 179.0 5.720670391061458 1.7099330928407417 1.210288206782651 4.805157531375327 0.0 26.11084038565566 161.0 6.3602484472049605 4.623389552209654 4.626418050729 15.166946884958433 0.0 19.60975946760939 50.0 20.48 1.3428046269709144 0.9317266592755631 3.355582661291501 0.0 25.982714964546172 198.0 5.1717171717171695 1.8420945479958841 1.3651119815631974 5.869339320126588 0.0 26.381452469887225 145.0 7.06206896551723 6.599812247510329 8.555497930014969 28.568402560419546 0.0 23.60727266036167 44.0 23.272727272727266 1.4685772678168236 1.0158776072768176 3.9592310638267834 0.0 25.16905258271956 175.0 5.851428571428562 1.4821718997126845 3.7743625924153417 41.78745222094094 0.0 29.348448643212514 638.0 1.6050156739811945 24.07319097332853 10.878977035411614 36.9901087825193 0.0 13.537096399266316 42.0 24.380952380952376 0.67316311656262 1.058939836325291 4.365364986724842 0.0 29.23826360004977 667.0 1.535232383808098 1.4169618569110516 3.4117222292526472 32.874741622928155 0.0 29.45164062088824 644.0 1.5900621118012397 26.413959054522664 9.991545507772553 41.631810312897706 0.0 9.48347659176922 38.0 26.947368421052634 0.6580914509313256 1.0264785295261905 3.5217069291965686 0.0 29.384316693613304 680.0 1.505882352941178 1.3946511866458113 3.502690858301952 45.01462284090048 0.0 29.345482224521774 641.0 1.5975039001560107 28.13662262744742 5.58675950686399 35.76295777937128 0.0 7.64368178375316 36.0 28.44444444444444 0.6977944404766012 1.0905571814145025 4.365364986724842 0.0 29.32950224089589 666.0 1.5375375375375404 1.6556750885174347 1.2975848890495842 4.805157531375327 0.0 25.293205486810926 158.0 6.481012658227857 4.58106600659779 4.752829121290701 15.074033345448699 0.0 19.31325074437748 51.0 20.078431372549023 1.3664091057474623 0.9596058511478872 3.4864782878754865 0.0 25.37956065934801 185.0 5.535135135135135 1.54217771373673 1.2359559976250596 4.805157531375327 0.0 26.67828295247049 180.0 5.68888888888889 4.623389552209654 4.626418050729 15.166946884958433 0.0 19.60975946760939 50.0 20.48 1.312195244628056 0.9437440492299011 3.355582661291501 0.0 26.185987643861953 204.0 5.01960784313725 1.6790422322462981 1.3744201201068897 5.869339320126588 0.0 27.333559144757537 162.0 6.320987654320978 6.46803555059694 8.505387973316806 28.568402560419546 0.0 23.340439132397677 45.0 22.755555555555553 1.359340574822932 1.0488022009182996 3.9592310638267834 0.0 26.271401295561873 192.0 5.333333333333337 
344.0005150327869 1.6711743748454946 1.2360333474943106 4.6261065484396156 0.0 25.807523531525575 105.0 9.752380952380944 3.056263059684581 4.12259513383657 13.834661177334347 0.0 15.970947686880438 51.0 20.078431372549026 1.3246991553798906 0.9281394053322238 3.4836138576524758 0.0 26.000875782667034 126.0 8.126984126984144 1.674683871354832 1.2695752750996157 4.6261065484396156 0.0 26.69467041431452 111.0 9.225225225225216 3.215174161356519 4.115440220494991 13.241912419968985 0.0 16.309553926498698 49.0 20.89795918367347 1.3834591525988875 0.8746406494893674 3.332808309342373 0.0 26.118119880814813 133.0 7.6992481203007515 1.7049936902395981 1.3501309378301092 5.6352774948562505 0.0 27.65362226992531 110.0 9.309090909090905 3.8649473481133176 6.466106547867601 24.628416408678792 0.0 21.257994108536618 46.0 22.260869565217398 1.410342496680556 0.9965322428027106 3.6016230121356916 0.0 26.215785468000025 126.0 8.126984126984144 0.0 0.0 0.0 0.0 0.0 1.0 1024.0 0.0 0.0 0.0 0.0 0.0 37.0 27.675675675675677 0.0 0.0 0.0 0.0 0.0 1.0 1024.0 0.0 0.0 0.0 0.0 0.0 1.0 1024.0 0.0 0.0 0.0 0.0 0.0 37.0 27.675675675675677 0.0 0.0 0.0 0.0 0.0 1.0 1024.0 0.0 0.0 0.0 0.0 0.0 1.0 1024.0 0.0 0.0 0.0 0.0 0.0 37.0 27.675675675675677 0.0 0.0 0.0 0.0 0.0 1.0 1024.0 1.7950363364346476 1.2056377692751714 4.805157531375327 0.0 25.36251951032153 150.0 6.826666666666676 4.58106600659779 4.752829121290701 15.074033345448699 0.0 19.31325074437748 51.0 20.078431372549023 1.3834532845382594 0.9662471048660553 3.4864782878754865 0.0 25.306913250458557 179.0 5.720670391061458 1.7099330928407417 1.210288206782651 4.805157531375327 0.0 26.11084038565566 161.0 6.3602484472049605 4.623389552209654 4.626418050729 15.166946884958433 0.0 19.60975946760939 50.0 20.48 1.3427639177640023 0.9317793274455342 3.355582661291501 0.0 25.9828609418699 198.0 5.171717171717169 1.8420945479958841 1.3651119815631974 5.869339320126588 0.0 26.381452469887225 145.0 7.06206896551723 6.599812247510329 8.555497930014969 28.568402560419546 0.0 23.60727266036167 44.0 23.272727272727266 1.4685772678168236 1.0158776072768176 3.9592310638267834 0.0 25.16905258271956 175.0 5.851428571428562 1.4821718997126845 3.7743625924153417 41.78745222094094 0.0 29.348448643212514 638.0 1.6050156739811945 24.07319097332853 10.878977035411614 36.9901087825193 0.0 13.537096399266316 42.0 24.380952380952376 0.67316311656262 1.058939836325291 4.365364986724842 0.0 29.23826360004977 667.0 1.535232383808098 1.4169618569110516 3.4117222292526472 32.874741622928155 0.0 29.45164062088824 644.0 1.5900621118012397 26.413959054522664 9.991545507772553 41.631810312897706 0.0 9.48347659176922 38.0 26.947368421052634 0.6580914509313256 1.0264785295261905 3.5217069291965686 0.0 29.384316693613304 680.0 1.505882352941178 1.3946511866458113 3.502690858301952 45.01462284090048 0.0 29.345482224521774 641.0 1.5975039001560107 28.13662262744742 5.58675950686399 35.76295777937128 0.0 7.64368178375316 36.0 28.44444444444444 0.6977944404766012 1.0905571814145025 4.365364986724842 0.0 29.32950224089589 666.0 1.5375375375375404 1.647040204629057 1.289890328466416 4.805157531375327 0.0 25.28870026262058 159.0 6.440251572327046 4.58106600659779 4.752829121290701 15.074033345448699 0.0 19.31325074437748 51.0 20.078431372549023 1.3653638049166583 0.9605650067388334 3.4864782878754865 0.0 25.33480709035175 184.0 5.5652173913043415 1.5280626154707089 1.2367986104924755 4.805157531375327 0.0 26.775287958860552 182.0 5.626373626373629 4.623389552209654 4.626418050729 15.166946884958433 0.0 19.60975946760939 50.0 20.48 1.314413989267075 0.9411937973220347 3.355582661291501 0.0 26.188676355745066 204.0 5.01960784313725 1.7674104821481293 1.3521404350990929 5.869339320126588 0.0 26.681553017906193 154.0 6.649350649350648 6.456434469307724 8.513328788650053 28.568402560419546 0.0 23.341183625825785 45.0 22.755555555555553 1.4102664102856304 1.034080095301229 3.9592310638267834 0.0 25.715108749979233 185.0 5.535135135135135 
345.0005150327869 1.6711743748454946 1.2360333474943106 4.6261065484396156 0.0 25.807523531525575 105.0 9.752380952380944 3.056263059684581 4.12259513383657 13.834661177334347 0.0 15.970947686880438 51.0 20.078431372549026 1.3246991553798906 0.9281394053322238 3.4836138576524758 0.0 26.000875782667034 126.0 8.126984126984144 1.674683871354832 1.2695752750996157 4.6261065484396156 0.0 26.69467041431452 111.0 9.225225225225216 3.215174161356519 4.115440220494991 13.241912419968985 0.0 16.309553926498698 49.0 20.89795918367347 1.3834591525988875 0.8746406494893674 3.332808309342373 0.0 26.118119880814813 133.0 7.6992481203007515 1.7049936902395981 1.3501309378301092 5.6352774948562505 0.0 27.65362226992531 110.0 9.309090909090905 3.8649473481133176 6.466106547867601 24.628416408678792 0.0 21.257994108536618 46.0 22.260869565217398 1.410342496680556 0.9965322428027106 3.6016230121356916 0.0 26.215785468000025 126.0 8.126984126984144 0.0 0.0 0.0 0.0 0.0 1.0 1024.0 0.0 0.0 0.0 0.0 0.0 37.0 27.675675675675677 0.0 0.0 0.0 0.0 0.0 1.0 1024.0 0.0 0.0 0.0 0.0 0.0 1.0 1024.0 0.0 0.0 0.0 0.0 0.0 37.0 27.675675675675677 0.0 0.0 0.0 0.0 0.0 1.0 1024.0 0.0 0.0 0.0 0.0 0.0 1.0 1024.0 0.0 0.0 0.0 0.0 0.0 37.0 27.675675675675677 0.0 0.0 0.0 0.0 0.0 1.0 1024.0 1.795507649972446 1.2055927253486907 4.805157531375327 0.0 25.366343303989407 150.0 6.826666666666676 4.58106600659779 4.752829121290701 15.074033345448699 0.0 19.31325074437748 51.0 20.078431372549023 1.3834532845382594 0.9662471048660553 3.4864782878754865 0.0 25.306913250458557 179.0 5.720670391061458 1.7099330928407417 1.210288206782651 4.805157531375327 0.0 26.11084038565566 161.0 6.3602484472049605 4.623389552209654 4.626418050729 15.166946884958433 0.0 19.60975946760939 50.0 20.48 1.3427639177640023 0.9317793274455342 3.355582661291501 0.0 25.9828609418699 198.0 5.171717171717169 1.8420945479958841 1.3651119815631974 5.869339320126588 0.0 26.381452469887225 145.0 7.06206896551723 6.599812247510329 8.555497930014969 28.568402560419546 0.0 23.60727266036167 44.0 23.272727272727266 1.4685772678168236 1.0158776072768176 3.9592310638267834 0.0 25.16905258271956 175.0 5.851428571428562 1.4821718997126845 3.7743625924153417 41.78745222094094 0.0 29.348448643212514 638.0 1.6050156739811945 24.07319097332853 10.878977035411614 36.9901087825193 0.0 13.537096399266316 42.0 24.380952380952376 0.67316311656262 1.058939836325291 4.365364986724842 0.0 29.23826360004977 667.0 1.535232383808098 1.4169618569110516 3.4117222292526472 32.874741622928155 0.0 29.45164062088824 644.0 1.5900621118012397 26.413959054522664 9.991545507772553 41.631810312897706 0.0 9.48347659176922 38.0 26.947368421052634 0.6580914509313256 1.0264785295261905 3.5217069291965686 0.0 29.384316693613304 680.0 1.505882352941178 1.3946511866458113 3.502690858301952 45.01462284090048 0.0 29.345482224521774 641.0 1.5975039001560107 28.13662262744742 5.58675950686399 35.76295777937128 0.0 7.64368178375316 36.0 28.44444444444444 0.6977944404766012 1.0905571814145025 4.365364986724842 0.0 29.32950224089589 666.0 1.5375375375375404 1.623441489897646 1.3022786387249077 4.805157531375327 0.0 25.357461337201922 160.0 6.40000000000001 4.58106600659779 4.752829121290701 15.074033345448699 0.0 19.31325074437748 51.0 20.078431372549023 1.3630570291507698 0.9614391911941402 3.4864782878754865 0.0 25.392351100048934 184.0 5.5652173913043415 1.5175452726456153 1.2407501528249327 4.805157531375327 0.0 26.818684783350037 183.0 5.595628415300541 4.623389552209654 4.626418050729 15.166946884958433 0.0 19.60975946760939 50.0 20.48 1.3188815385077515 0.94120243163607 3.355582661291501 0.0 26.13381428984409 203.0 5.0443349753694635 1.7884332193228887 1.3484505710148937 5.869339320126588 0.0 26.48049370522922 152.0 6.736842105263156 6.456434469307724 8.513328788650053 28.568402560419546 0.0 23.341183625825785 45.0 22.755555555555553 1.4331815826065806 1.0273271468654313 3.9592310638267834 0.0 25.531001435043393 182.0 5.626373626373635 
346.0005150327869 1.6712717413484717 1.2359233734692674 4.6261065484396156 0.0 25.80783596126223 105.0 9.752380952380944 3.056263059684581 4.12259513383657 13.834661177334347 0.0 15.970947686880438 51.0 20.078431372549026 1.3246991553798906 0.9281394053322238 3.4836138576524758 0.0 26.000875782667034 126.0 8.126984126984144 1.674683871354832 1.2695752750996157 4.6261065484396156 0.0 26.69467041431452 111.0 9.225225225225216 3.215174161356519 4.115440220494991 13.241912419968985 0.0 16.309553926498698 49.0 20.89795918367347 1.3834591525988875 0.8746406494893674 3.332808309342373 0.0 26.118119880814813 133.0 7.6992481203007515 1.7049936902395981 1.3501309378301092 5.6352774948562505 0.0 27.65362226992531 110.0 9.309090909090905 3.8649473481133176 6.466106547867601 24.628416408678792 0.0 21.257994108536618 46.0 22.260869565217398 1.410342496680556 0.9965322428027106 3.6016230121356916 0.0 26.215785468000025 126.0 8.126984126984144 0.0 0.0 0.0 0.0 0.0 1.0 1024.0 0.0 0.0 0.0 0.0 0.0 37.0 27.675675675675677 0.0 0.0 0.0 0.0 0.0 1.0 1024.0 0.0 0.0 0.0 0.0 0.0 1.0 1024.0 0.0 0.0 0.0 0.0 0.0 37.0 27.675675675675677 0.0 0.0 0.0 0.0 0.0 1.0 1024.0 0.0 0.0 0.0 0.0 0.0 1.0 1024.0 0.0 0.0 0.0 0.0 0.0 37.0 27.675675675675677 0.0 0.0 0.0 0.0 0.0 1.0 1024.0 1.795507649972446 1.2055927253486907 4.805157531375327 0.0 25.366343303989407 150.0 6.826666666666676 4.58106600659779 4.752829121290701 15.074033345448699 0.0 19.31325074437748 51.0 20.078431372549023 1.3834532845382594 0.9662471048660553 3.4864782878754865 0.0 25.306913250458557 179.0 5.720670391061458 1.7099330928407417 1.210288206782651 4.805157531375327 0.0 26.11084038565566 161.0 6.3602484472049605 4.623389552209654 4.626418050729 15.166946884958433 0.0 19.60975946760939 50.0 20.48 1.3427639177640023 0.9317793274455342 3.355582661291501 0.0 25.9828609418699 198.0 5.171717171717169 1.8420945479958841 1.3651119815631974 5.869339320126588 0.0 26.381452469887225 145.0 7.06206896551723 6.599812247510329 8.555497930014969 28.568402560419546 0.0 23.60727266036167 44.0 23.272727272727266 1.4685772678168236 1.0158776072768176 3.9592310638267834 0.0 25.16905258271956 175.0 5.851428571428562 1.4821718997126845 3.7743625924153417 41.78745222094094 0.0 29.348448643212514 638.0 1.6050156739811945 24.07319097332853 10.878977035411614 36.9901087825193 0.0 13.537096399266316 42.0 24.380952380952376 0.67316311656262 1.058939836325291 4.365364986724842 0.0 29.23826360004977 667.0 1.535232383808098 1.4169618569110516 3.4117222292526472 32.874741622928155 0.0 29.45164062088824 644.0 1.5900621118012397 26.413959054522664 9.991545507772553 41.631810312897706 0.0 9.48347659176922 38.0 26.947368421052634 0.6580914509313256 1.0264785295261905 3.5217069291965686 0.0 29.384316693613304 680.0 1.505882352941178 1.3946511866458113 3.502690858301952 45.01462284090048 0.0 29.345482224521774 641.0 1.5975039001560107 28.13662262744742 5.58675950686399 35.76295777937128 0.0 7.64368178375316 36.0 28.44444444444444 0.6977944404766012 1.0905571814145025 4.365364986724842 0.0 29.32950224089589 666.0 1.5375375375375404 1.6435891536050857 1.3003900852010712 4.805157531375327 0.0 25.32082648813384 158.0 6.481012658227857 4.58106600659779 4.752829121290701 15.074033345448699 0.0 19.31325074437748 51.0 20.078431372549023 1.3553913701577742 0.965271353550814 3.4864782878754865 0.0 25.394034711417213 184.0 5.5652173913043415 1.5266108533025038 1.2385733681533404 4.805157531375327 0.0 26.780692499854307 182.0 5.626373626373628 4.623389552209654 4.626418050729 15.166946884958433 0.0 19.60975946760939 50.0 20.48 1.3158551169134922 0.9442063589079596 3.355582661291501 0.0 26.12687294469279 203.0 5.0443349753694635 1.719285064185141 1.3666681524451132 5.869339320126588 0.0 26.98530273800733 158.0 6.481012658227853 6.456434469307724 8.513328788650053 28.568402560419546 0.0 23.341183625825785 45.0 22.755555555555553 1.3703939170374164 1.0451868236711233 3.9592310638267834 0.0 26.127027566292362 188.0 5.446808510638306 
347.0005150327869 1.6712621636659424 1.2359368083119169 4.6261065484396156 0.0 25.80972875491251 105.0 9.752380952380944 3.056263059684581 4.12259513383657 13.834661177334347 0.0 15.970947686880438 51.0 20.078431372549026 1.3246991553798906 0.9281394053322238 3.4836138576524758 0.0 26.000875782667034 126.0 8.126984126984144 1.674683871354832 1.2695752750996157 4.6261065484396156 0.0 26.69467041431452 111.0 9.225225225225216 3.215174161356519 4.115440220494991 13.241912419968985 0.0 16.309553926498698 49.0 20.89795918367347 1.3834591525988875 0.8746406494893674 3.332808309342373 0.0 26.118119880814813 133.0 7.6992481203007515 1.7049936902395981 1.3501309378301092 5.6352774948562505 0.0 27.65362226992531 110.0 9.309090909090905 3.8649473481133176 6.466106547867601 24.628416408678792 0.0 21.257994108536618 46.0 22.260869565217398 1.410342496680556 0.9965322428027106 3.6016230121356916 0.0 26.215785468000025 126.0 8.126984126984144 0.0 0.0 0.0 0.0 0.0 1.0 1024.0 0.0 0.0 0.0 0.0 0.0 37.0 27.675675675675677 0.0 0.0 0.0 0.0 0.0 1.0 1024.0 0.0 0.0 0.0 0.0 0.0 1.0 1024.0 0.0 0.0 0.0 0.0 0.0 37.0 27.675675675675677 0.0 0.0 0.0 0.0 0.0 1.0 1024.0 0.0 0.0 0.0 0.0 0.0 1.0 1024.0 0.0 0.0 0.0 0.0 0.0 37.0 27.675675675675677 0.0 0.0 0.0 0.0 0.0 1.0 1024.0 1.7949073703593716 1.205839496546813 4.805157531375327 0.0 25.368584704533532 150.0 6.826666666666676 4.58106600659779 4.752829121290701 15.074033345448699 0.0 19.31325074437748 51.0 20.078431372549023 1.3834532845382594 0.9662471048660553 3.4864782878754865 0.0 25.306913250458557 179.0 5.720670391061458 1.7099330928407417 1.210288206782651 4.805157531375327 0.0 26.11084038565566 161.0 6.3602484472049605 4.623389552209654 4.626418050729 15.166946884958433 0.0 19.60975946760939 50.0 20.48 1.3427639177640023 0.9317793274455342 3.355582661291501 0.0 25.9828609418699 198.0 5.171717171717169 1.8420945479958841 1.3651119815631974 5.869339320126588 0.0 26.381452469887225 145.0 7.06206896551723 6.599812247510329 8.555497930014969 28.568402560419546 0.0 23.60727266036167 44.0 23.272727272727266 1.4685772678168236 1.0158776072768176 3.9592310638267834 0.0 25.16905258271956 175.0 5.851428571428562 1.4821718997126845 3.7743625924153417 41.78745222094094 0.0 29.348448643212514 638.0 1.6050156739811945 24.07319097332853 10.878977035411614 36.9901087825193 0.0 13.537096399266316 42.0 24.380952380952376 0.67316311656262 1.058939836325291 4.365364986724842 0.0 29.23826360004977 667.0 1.535232383808098 1.4169618569110516 3.4117222292526472 32.874741622928155 0.0 29.45164062088824 644.0 1.5900621118012397 26.413959054522664 9.991545507772553 41.631810312897706 0.0 9.48347659176922 38.0 26.947368421052634 0.6580914509313256 1.0264785295261905 3.5217069291965686 0.0 29.384316693613304 680.0 1.505882352941178 1.3946511866458113 3.502690858301952 45.01462284090048 0.0 29.345482224521774 641.0 1.5975039001560107 28.13662262744742 5.58675950686399 35.76295777937128 0.0 7.64368178375316 36.0 28.44444444444444 0.6977944404766012 1.0905571814145025 4.365364986724842 0.0 29.32950224089589 666.0 1.5375375375375404 1.6745836582971734 1.289546942261333 4.805157531375327 0.0 25.312331741747776 156.0 6.5641025641025745 4.58106600659779 4.752829121290701 15.074033345448699 0.0 19.31325074437748 51.0 20.078431372549023 1.3706731419372284 0.9597890824720364 3.4864782878754865 0.0 25.308303657252022 182.0 5.626373626373631 1.5605104060073611 1.2303223996290409 4.805157531375327 0.0 26.651013202330613 178.0 5.752808988764035 4.623389552209654 4.626418050729 15.166946884958433 0.0 19.60975946760939 50.0 20.48 1.3241152277462094 0.9402856289389199 3.355582661291501 0.0 26.133815077114864 203.0 5.0443349753694635 1.6675618496984395 1.3767772144711474 5.869339320126588 0.0 27.3593582532675 163.0 6.282208588957051 6.456434469307724 8.513328788650053 28.568402560419546 0.0 23.341183625825785 45.0 22.755555555555553 1.3553342865774807 1.0469153372651414 3.9592310638267834 0.0 26.365029048558696 191.0 5.361256544502614 
348.0005150327869 1.6712621636659424 1.2359368083119169 4.6261065484396156 0.0 25.80972875491251 105.0 9.752380952380944 3.056263059684581 4.12259513383657 13.834661177334347 0.0 15.970947686880438 51.0 20.078431372549026 1.3246991553798906 0.9281394053322238 3.4836138576524758 0.0 26.000875782667034 126.0 8.126984126984144 1.674683871354832 1.2695752750996157 4.6261065484396156 0.0 26.69467041431452 111.0 9.225225225225216 3.215174161356519 4.115440220494991 13.241912419968985 0.0 16.309553926498698 49.0 20.89795918367347 1.3834591525988875 0.8746406494893674 3.332808309342373 0.0 26.118119880814813 133.0 7.6992481203007515 1.7049936902395981 1.3501309378301092 5.6352774948562505 0.0 27.65362226992531 110.0 9.309090909090905 3.8649473481133176 6.466106547867601 24.628416408678792 0.0 21.257994108536618 46.0 22.260869565217398 1.410342496680556 0.9965322428027106 3.6016230121356916 0.0 26.215785468000025 126.0 8.126984126984144 0.0 0.0 0.0 0.0 0.0 1.0 1024.0 0.0 0.0 0.0 0.0 0.0 37.0 27.675675675675677 0.0 0.0 0.0 0.0 0.0 1.0 1024.0 0.0 0.0 0.0 0.0 0.0 1.0 1024.0 0.0 0.0 0.0 0.0 0.0 37.0 27.675675675675677 0.0 0.0 0.0 0.0 0.0 1.0 1024.0 0.0 0.0 0.0 0.0 0.0 1.0 1024.0 0.0 0.0 0.0 0.0 0.0 37.0 27.675675675675677 0.0 0.0 0.0 0.0 0.0 1.0 1024.0 1.7936456088012895 1.2065098295791727 4.805157531375327 0.0 25.369407725252422 150.0 6.826666666666676 4.58106600659779 4.752829121290701 15.074033345448699 0.0 19.31325074437748 51.0 20.078431372549023 1.3834532845382594 0.9662471048660553 3.4864782878754865 0.0 25.306913250458557 179.0 5.720670391061458 1.7099330928407417 1.210288206782651 4.805157531375327 0.0 26.11084038565566 161.0 6.3602484472049605 4.623389552209654 4.626418050729 15.166946884958433 0.0 19.60975946760939 50.0 20.48 1.3424121483601525 0.932217042115121 3.355582661291501 0.0 25.98541952155827 198.0 5.1717171717171695 1.8420945479958841 1.3651119815631974 5.869339320126588 0.0 26.381452469887225 145.0 7.06206896551723 6.599812247510329 8.555497930014969 28.568402560419546 0.0 23.60727266036167 44.0 23.272727272727266 1.4685772678168236 1.0158776072768176 3.9592310638267834 0.0 25.16905258271956 175.0 5.851428571428562 1.4821718997126845 3.7743625924153417 41.78745222094094 0.0 29.348448643212514 638.0 1.6050156739811945 24.07319097332853 10.878977035411614 36.9901087825193 0.0 13.537096399266316 42.0 24.380952380952376 0.67316311656262 1.058939836325291 4.365364986724842 0.0 29.23826360004977 667.0 1.535232383808098 1.4169618569110516 3.4117222292526472 32.874741622928155 0.0 29.45164062088824 644.0 1.5900621118012397 26.413959054522664 9.991545507772553 41.631810312897706 0.0 9.48347659176922 38.0 26.947368421052634 0.6580914509313256 1.0264785295261905 3.5217069291965686 0.0 29.384316693613304 680.0 1.505882352941178 1.3946511866458113 3.502690858301952 45.01462284090048 0.0 29.345482224521774 641.0 1.5975039001560107 28.13662262744742 5.58675950686399 35.76295777937128 0.0 7.64368178375316 36.0 28.44444444444444 0.6977944404766012 1.0905571814145025 4.365364986724842 0.0 29.32950224089589 666.0 1.5375375375375404 1.6745836582971734 1.289546942261333 4.805157531375327 0.0 25.312331741747776 156.0 6.5641025641025745 4.58106600659779 4.752829121290701 15.074033345448699 0.0 19.31325074437748 51.0 20.078431372549023 1.3869867998904952 0.96704100498985 3.4864782878754865 0.0 25.269283376393243 181.0 5.657458563535922 1.569950988613581 1.2282198563308633 4.805157531375327 0.0 26.61022625622404 177.0 5.785310734463274 4.623389552209654 4.626418050729 15.166946884958433 0.0 19.60975946760939 50.0 20.48 1.3288645016020195 0.9376419592297618 3.355582661291501 0.0 26.136167381983206 203.0 5.0443349753694635 1.7397072216394822 1.3570509586376562 5.869339320126588 0.0 26.75739412974686 157.0 6.522292993630575 6.456434469307724 8.513328788650053 28.568402560419546 0.0 23.341183625825785 45.0 22.755555555555553 1.4070272117037008 1.0319909011653934 3.9592310638267834 0.0 25.808000734074483 184.0 5.565217391304339 
349.0005150327869 1.6712621636659424 1.2359368083119169 4.6261065484396156 0.0 25.80972875491251 105.0 9.752380952380944 3.056263059684581 4.12259513383657 13.834661177334347 0.0 15.970947686880438 51.0 20.078431372549026 1.3246991553798906 0.9281394053322238 3.4836138576524758 0.0 26.000875782667034 126.0 8.126984126984144 1.674683871354832 1.2695752750996157 4.6261065484396156 0.0 26.69467041431452 111.0 9.225225225225216 3.215174161356519 4.115440220494991 13.241912419968985 0.0 16.309553926498698 49.0 20.89795918367347 1.3834591525988875 0.8746406494893674 3.332808309342373 0.0 26.118119880814813 133.0 7.6992481203007515 1.7049936902395981 1.3501309378301092 5.6352774948562505 0.0 27.65362226992531 110.0 9.309090909090905 3.8649473481133176 6.466106547867601 24.628416408678792 0.0 21.257994108536618 46.0 22.260869565217398 1.410342496680556 0.9965322428027106 3.6016230121356916 0.0 26.215785468000025 126.0 8.126984126984144 0.0 0.0 0.0 0.0 0.0 1.0 1024.0 0.0 0.0 0.0 0.0 0.0 37.0 27.675675675675677 0.0 0.0 0.0 0.0 0.0 1.0 1024.0 0.0 0.0 0.0 0.0 0.0 1.0 1024.0 0.0 0.0 0.0 0.0 0.0 37.0 27.675675675675677 0.0 0.0 0.0 0.0 0.0 1.0 1024.0 0.0 0.0 0.0 0.0 0.0 1.0 1024.0 0.0 0.0 0.0 0.0 0.0 37.0 27.675675675675677 0.0 0.0 0.0 0.0 0.0 1.0 1024.0 1.7936456088012895 1.2065098295791727 4.805157531375327 0.0 25.369407725252422 150.0 6.826666666666676 4.58106600659779 4.752829121290701 15.074033345448699 0.0 19.31325074437748 51.0 20.078431372549023 1.3834532845382594 0.9662471048660553 3.4864782878754865 0.0 25.306913250458557 179.0 5.720670391061458 1.7099330928407417 1.210288206782651 4.805157531375327 0.0 26.11084038565566 161.0 6.3602484472049605 4.623389552209654 4.626418050729 15.166946884958433 0.0 19.60975946760939 50.0 20.48 1.3491506406423621 0.9297267831664144 3.355582661291501 0.0 25.915339191693963 197.0 5.197969543147215 1.8420945479958841 1.3651119815631974 5.869339320126588 0.0 26.381452469887225 145.0 7.06206896551723 6.599812247510329 8.555497930014969 28.568402560419546 0.0 23.60727266036167 44.0 23.272727272727266 1.4685772678168236 1.0158776072768176 3.9592310638267834 0.0 25.16905258271956 175.0 5.851428571428562 1.4821718997126845 3.7743625924153417 41.78745222094094 0.0 29.348448643212514 638.0 1.6050156739811945 24.07319097332853 10.878977035411614 36.9901087825193 0.0 13.537096399266316 42.0 24.380952380952376 0.67316311656262 1.058939836325291 4.365364986724842 0.0 29.23826360004977 667.0 1.535232383808098 1.4169618569110516 3.4117222292526472 32.874741622928155 0.0 29.45164062088824 644.0 1.5900621118012397 26.413959054522664 9.991545507772553 41.631810312897706 0.0 9.48347659176922 38.0 26.947368421052634 0.6580914509313256 1.0264785295261905 3.5217069291965686 0.0 29.384316693613304 680.0 1.505882352941178 1.3946511866458113 3.502690858301952 45.01462284090048 0.0 29.345482224521774 641.0 1.5975039001560107 28.13662262744742 5.58675950686399 35.76295777937128 0.0 7.64368178375316 36.0 28.44444444444444 0.6977944404766012 1.0905571814145025 4.365364986724842 0.0 29.32950224089589 666.0 1.5375375375375404 1.6835067872399936 1.2825528501677679 4.805157531375327 0.0 25.320362972095992 156.0 6.564102564102574 4.58106600659779 4.752829121290701 15.074033345448699 0.0 19.31325074437748 51.0 20.078431372549023 1.3869867998904952 0.96704100498985 3.4864782878754865 0.0 25.269283376393243 181.0 5.657458563535922 1.577346842008628 1.2276350603510038 4.805157531375327 0.0 26.55340272204008 176.0 5.818181818181823 4.623389552209654 4.626418050729 15.166946884958433 0.0 19.60975946760939 50.0 20.48 1.329599253556369 0.938278610502302 3.355582661291501 0.0 26.141508205699232 203.0 5.0443349753694635 1.780451585301112 1.3517440282796005 5.869339320126588 0.0 26.515501094741158 154.0 6.649350649350648 6.456434469307724 8.513328788650053 28.568402560419546 0.0 23.341183625825785 45.0 22.755555555555553 1.422308996179335 1.027935479840544 3.9592310638267834 0.0 25.61221156161667 182.0 5.626373626373634 
350.0005150327869 1.6711583542319894 1.2360367321858967 4.6261065484396156 0.0 25.812125103066652 105.0 9.752380952380943 3.056263059684581 4.12259513383657 13.834661177334347 0.0 15.970947686880438 51.0 20.078431372549026 1.3246991553798906 0.9281394053322238 3.4836138576524758 0.0 26.000875782667034 126.0 8.126984126984144 1.674683871354832 1.2695752750996157 4.6261065484396156 0.0 26.69467041431452 111.0 9.225225225225216 3.215174161356519 4.115440220494991 13.241912419968985 0.0 16.309553926498698 49.0 20.89795918367347 1.3834591525988875 0.8746406494893674 3.332808309342373 0.0 26.118119880814813 133.0 7.6992481203007515 1.7049936902395981 1.3501309378301092 5.6352774948562505 0.0 27.65362226992531 110.0 9.309090909090905 3.8649473481133176 6.466106547867601 24.628416408678792 0.0 21.257994108536618 46.0 22.260869565217398 1.410342496680556 0.9965322428027106 3.6016230121356916 0.0 26.215785468000025 126.0 8.126984126984144 0.0 0.0 0.0 0.0 0.0 1.0 1024.0 0.0 0.0 0.0 0.0 0.0 37.0 27.675675675675677 0.0 0.0 0.0 0.0 0.0 1.0 1024.0 0.0 0.0 0.0 0.0 0.0 1.0 1024.0 0.0 0.0 0.0 0.0 0.0 37.0 27.675675675675677 0.0 0.0 0.0 0.0 0.0 1.0 1024.0 0.0 0.0 0.0 0.0 0.0 1.0 1024.0 0.0 0.0 0.0 0.0 0.0 37.0 27.675675675675677 0.0 0.0 0.0 0.0 0.0 1.0 1024.0 1.7936456088012895 1.2065098295791727 4.805157531375327 0.0 25.369407725252422 150.0 6.826666666666676 4.58106600659779 4.752829121290701 15.074033345448699 0.0 19.31325074437748 51.0 20.078431372549023 1.3834532845382594 0.9662471048660553 3.4864782878754865 0.0 25.306913250458557 179.0 5.720670391061458 1.7099330928407417 1.210288206782651 4.805157531375327 0.0 26.11084038565566 161.0 6.3602484472049605 4.623389552209654 4.626418050729 15.166946884958433 0.0 19.60975946760939 50.0 20.48 1.34873345554764 0.9302612948916351 3.355582661291501 0.0 25.915698480598266 197.0 5.197969543147215 1.8420945479958841 1.3651119815631974 5.869339320126588 0.0 26.381452469887225 145.0 7.06206896551723 6.599812247510329 8.555497930014969 28.568402560419546 0.0 23.60727266036167 44.0 23.272727272727266 1.4685772678168236 1.0158776072768176 3.9592310638267834 0.0 25.16905258271956 175.0 5.851428571428562 1.4821718997126845 3.7743625924153417 41.78745222094094 0.0 29.348448643212514 638.0 1.6050156739811945 24.07319097332853 10.878977035411614 36.9901087825193 0.0 13.537096399266316 42.0 24.380952380952376 0.67316311656262 1.058939836325291 4.365364986724842 0.0 29.23826360004977 667.0 1.535232383808098 1.4169618569110516 3.4117222292526472 32.874741622928155 0.0 29.45164062088824 644.0 1.5900621118012397 26.413959054522664 9.991545507772553 41.631810312897706 0.0 9.48347659176922 38.0 26.947368421052634 0.6580914509313256 1.0264785295261905 3.5217069291965686 0.0 29.384316693613304 680.0 1.505882352941178 1.3946511866458113 3.502690858301952 45.01462284090048 0.0 29.345482224521774 641.0 1.5975039001560107 28.13662262744742 5.58675950686399 35.76295777937128 0.0 7.64368178375316 36.0 28.44444444444444 0.6977944404766012 1.0905571814145025 4.365364986724842 0.0 29.32950224089589 666.0 1.5375375375375404 1.679813167197224 1.2848876602193071 4.805157531375327 0.0 25.33718624595891 156.0 6.564102564102574 4.58106600659779 4.752829121290701 15.074033345448699 0.0 19.31325074437748 51.0 20.078431372549023 1.3869752483132283 0.9671180081658631 3.4864782878754865 0.0 25.270597282025005 181.0 5.657458563535922 1.565072923234639 1.2332415405405999 4.805157531375327 0.0 26.532868342402953 177.0 5.785310734463273 4.623389552209654 4.626418050729 15.166946884958433 0.0 19.60975946760939 50.0 20.48 1.3292045987922718 0.9387083325214617 3.355582661291501 0.0 26.14195808107462 203.0 5.044334975369463 1.7399217520617725 1.3675172156959818 5.869339320126588 0.0 26.935648466686015 157.0 6.522292993630575 6.456434469307724 8.513328788650053 28.568402560419546 0.0 23.341183625825785 45.0 22.755555555555553 1.3860349216047942 1.0402899002010644 3.9592310638267834 0.0 26.139800195570473 186.0 5.505376344086026 
351.0005150327869 1.6657651003424219 1.2420768486115903 4.6261065484396156 0.0 25.80302297948711 105.0 9.752380952380943 3.056263059684581 4.12259513383657 13.834661177334347 0.0 15.970947686880438 51.0 20.078431372549026 1.3246991553798906 0.9281394053322238 3.4836138576524758 0.0 26.000875782667034 126.0 8.126984126984144 1.674503540540401 1.2697968903771277 4.6261065484396156 0.0 26.69484825168673 111.0 9.225225225225216 3.215174161356519 4.115440220494991 13.241912419968985 0.0 16.309553926498698 49.0 20.89795918367347 1.3834591525988875 0.8746406494893674 3.332808309342373 0.0 26.118119880814813 133.0 7.6992481203007515 1.7049936902395981 1.3501309378301092 5.6352774948562505 0.0 27.65362226992531 110.0 9.309090909090905 3.8649473481133176 6.466106547867601 24.628416408678792 0.0 21.257994108536618 46.0 22.260869565217398 1.410342496680556 0.9965322428027106 3.6016230121356916 0.0 26.215785468000025 126.0 8.126984126984144 0.0 0.0 0.0 0.0 0.0 1.0 1024.0 0.0 0.0 0.0 0.0 0.0 37.0 27.675675675675677 0.0 0.0 0.0 0.0 0.0 1.0 1024.0 0.0 0.0 0.0 0.0 0.0 1.0 1024.0 0.0 0.0 0.0 0.0 0.0 37.0 27.675675675675677 0.0 0.0 0.0 0.0 0.0 1.0 1024.0 0.0 0.0 0.0 0.0 0.0 1.0 1024.0 0.0 0.0 0.0 0.0 0.0 37.0 27.675675675675677 0.0 0.0 0.0 0.0 0.0 1.0 1024.0 1.7936456088012895 1.2065098295791727 4.805157531375327 0.0 25.369407725252422 150.0 6.826666666666676 4.58106600659779 4.752829121290701 15.074033345448699 0.0 19.31325074437748 51.0 20.078431372549023 1.3834532845382594 0.9662471048660553 3.4864782878754865 0.0 25.306913250458557 179.0 5.720670391061458 1.7099330928407417 1.210288206782651 4.805157531375327 0.0 26.11084038565566 161.0 6.3602484472049605 4.623389552209654 4.626418050729 15.166946884958433 0.0 19.60975946760939 50.0 20.48 1.354711342816473 0.9288357683448268 3.355582661291501 0.0 25.846323932379182 196.0 5.224489795918362 1.8420945479958841 1.3651119815631974 5.869339320126588 0.0 26.381452469887225 145.0 7.06206896551723 6.599812247510329 8.555497930014969 28.568402560419546 0.0 23.60727266036167 44.0 23.272727272727266 1.4685772678168236 1.0158776072768176 3.9592310638267834 0.0 25.16905258271956 175.0 5.851428571428562 1.4821718997126845 3.7743625924153417 41.78745222094094 0.0 29.348448643212514 638.0 1.6050156739811945 24.07319097332853 10.878977035411614 36.9901087825193 0.0 13.537096399266316 42.0 24.380952380952376 0.67316311656262 1.058939836325291 4.365364986724842 0.0 29.23826360004977 667.0 1.535232383808098 1.4169618569110516 3.4117222292526472 32.874741622928155 0.0 29.45164062088824 644.0 1.5900621118012397 26.413959054522664 9.991545507772553 41.631810312897706 0.0 9.48347659176922 38.0 26.947368421052634 0.6580914509313256 1.0264785295261905 3.5217069291965686 0.0 29.384316693613304 680.0 1.505882352941178 1.3946511866458113 3.502690858301952 45.01462284090048 0.0 29.345482224521774 641.0 1.5975039001560107 28.13662262744742 5.58675950686399 35.76295777937128 0.0 7.64368178375316 36.0 28.44444444444444 0.6977944404766012 1.0905571814145025 4.365364986724842 0.0 29.32950224089589 666.0 1.5375375375375404 1.6796367135360715 1.2837688153995122 4.805157531375327 0.0 25.335644862583443 156.0 6.564102564102574 4.58106600659779 4.752829121290701 15.074033345448699 0.0 19.31325074437748 51.0 20.078431372549023 1.3869752483132283 0.9671180081658631 3.4864782878754865 0.0 25.270597282025005 181.0 5.657458563535922 1.5735347963249988 1.231532909629398 4.805157531375327 0.0 26.470803924502007 176.0 5.818181818181823 4.623389552209654 4.626418050729 15.166946884958433 0.0 19.60975946760939 50.0 20.48 1.3220905601918729 0.9414934601385089 3.355582661291501 0.0 26.131697417370162 204.0 5.0196078431372495 1.685921240677888 1.3798945803568594 5.869339320126588 0.0 27.324307725781264 162.0 6.3209876543209775 6.456434469307724 8.513328788650053 28.568402560419546 0.0 23.341183625825785 45.0 22.755555555555553 1.3683899713821892 1.0431238385887711 3.9592310638267834 0.0 26.38170152650566 189.0 5.417989417989418 
352.0005150327869 1.681744673268467 1.2371758938069162 4.6261065484396156 0.0 25.7489641889796 104.0 9.846153846153836 3.056263059684581 4.12259513383657 13.834661177334347 0.0 15.970947686880438 51.0 20.078431372549026 1.3246991553798906 0.9281394053322238 3.4836138576524758 0.0 26.000875782667034 126.0 8.126984126984144 1.6897048351345454 1.2654047682709335 4.6261065484396156 0.0 26.625738462213345 110.0 9.309090909090905 3.215174161356519 4.115440220494991 13.241912419968985 0.0 16.309553926498698 49.0 20.89795918367347 1.3834591525988875 0.8746406494893674 3.332808309342373 0.0 26.118119880814813 133.0 7.6992481203007515 1.7049936902395981 1.3501309378301092 5.6352774948562505 0.0 27.65362226992531 110.0 9.309090909090905 3.8649473481133176 6.466106547867601 24.628416408678792 0.0 21.257994108536618 46.0 22.260869565217398 1.410342496680556 0.9965322428027106 3.6016230121356916 0.0 26.215785468000025 126.0 8.126984126984144 0.0 0.0 0.0 0.0 0.0 1.0 1024.0 0.0 0.0 0.0 0.0 0.0 37.0 27.675675675675677 0.0 0.0 0.0 0.0 0.0 1.0 1024.0 0.0 0.0 0.0 0.0 0.0 1.0 1024.0 0.0 0.0 0.0 0.0 0.0 37.0 27.675675675675677 0.0 0.0 0.0 0.0 0.0 1.0 1024.0 0.0 0.0 0.0 0.0 0.0 1.0 1024.0 0.0 0.0 0.0 0.0 0.0 37.0 27.675675675675677 0.0 0.0 0.0 0.0 0.0 1.0 1024.0 1.792826681117042 1.2070287905846768 4.805157531375327 0.0 25.370574705612356 150.0 6.826666666666676 4.58106600659779 4.752829121290701 15.074033345448699 0.0 19.31325074437748 51.0 20.078431372549023 1.3834532845382594 0.9662471048660553 3.4864782878754865 0.0 25.306913250458557 179.0 5.720670391061458 1.70977600836066 1.2105529168702422 4.805157531375327 0.0 26.111595503311808 161.0 6.3602484472049605 4.623389552209654 4.626418050729 15.166946884958433 0.0 19.60975946760939 50.0 20.48 1.3546456979865422 0.9289259020073503 3.355582661291501 0.0 25.846456954525497 196.0 5.224489795918362 1.8420945479958841 1.3651119815631974 5.869339320126588 0.0 26.381452469887225 145.0 7.06206896551723 6.599812247510329 8.555497930014969 28.568402560419546 0.0 23.60727266036167 44.0 23.272727272727266 1.4685772678168236 1.0158776072768176 3.9592310638267834 0.0 25.16905258271956 175.0 5.851428571428562 1.4821718997126845 3.7743625924153417 41.78745222094094 0.0 29.348448643212514 638.0 1.6050156739811945 24.07319097332853 10.878977035411614 36.9901087825193 0.0 13.537096399266316 42.0 24.380952380952376 0.67316311656262 1.058939836325291 4.365364986724842 0.0 29.23826360004977 667.0 1.535232383808098 1.4169618569110516 3.4117222292526472 32.874741622928155 0.0 29.45164062088824 644.0 1.5900621118012397 26.413959054522664 9.991545507772553 41.631810312897706 0.0 9.48347659176922 38.0 26.947368421052634 0.6580914509313256 1.0264785295261905 3.5217069291965686 0.0 29.384316693613304 680.0 1.505882352941178 1.3946511866458113 3.502690858301952 45.01462284090048 0.0 29.345482224521774 641.0 1.5975039001560107 28.13662262744742 5.58675950686399 35.76295777937128 0.0 7.64368178375316 36.0 28.44444444444444 0.6977944404766012 1.0905571814145025 4.365364986724842 0.0 29.32950224089589 666.0 1.5375375375375404 1.67995902923845 1.2838846900485887 4.805157531375327 0.0 25.338242557740454 156.0 6.564102564102574 4.58106600659779 4.752829121290701 15.074033345448699 0.0 19.31325074437748 51.0 20.078431372549023 1.379360347720378 0.9699022668074221 3.4864782878754865 0.0 25.349109612944616 182.0 5.626373626373631 1.5740727334795397 1.2310749766535962 4.805157531375327 0.0 26.469284469237635 176.0 5.818181818181823 4.623389552209654 4.626418050729 15.166946884958433 0.0 19.60975946760939 50.0 20.48 1.3305310355228754 0.943440851078884 3.355582661291501 0.0 26.150955383930334 204.0 5.0196078431372495 1.7753712510605657 1.3569120229796836 5.869339320126588 0.0 26.670015906955033 154.0 6.649350649350648 6.599812247510329 8.555497930014969 28.568402560419546 0.0 23.60727266036167 44.0 23.272727272727266 1.4216025253487572 1.0259579964547691 3.9592310638267834 0.0 25.80367699789018 182.0 5.626373626373631 
353.0005150327869 1.6817767375330597 1.2371499076744392 4.6261065484396156 0.0 25.749307891961223 104.0 9.846153846153836 3.056263059684581 4.12259513383657 13.834661177334347 0.0 15.970947686880438 51.0 20.078431372549026 1.3246991553798906 0.9281394053322238 3.4836138576524758 0.0 26.000875782667034 126.0 8.126984126984144 1.6897048351345454 1.2654047682709335 4.6261065484396156 0.0 26.625738462213345 110.0 9.309090909090905 3.215174161356519 4.115440220494991 13.241912419968985 0.0 16.309553926498698 49.0 20.89795918367347 1.3834591525988875 0.8746406494893674 3.332808309342373 0.0 26.118119880814813 133.0 7.6992481203007515 1.7049936902395981 1.3501309378301092 5.6352774948562505 0.0 27.65362226992531 110.0 9.309090909090905 3.8649473481133176 6.466106547867601 24.628416408678792 0.0 21.257994108536618 46.0 22.260869565217398 1.410342496680556 0.9965322428027106 3.6016230121356916 0.0 26.215785468000025 126.0 8.126984126984144 0.0 0.0 0.0 0.0 0.0 1.0 1024.0 0.0 0.0 0.0 0.0 0.0 37.0 27.675675675675677 0.0 0.0 0.0 0.0 0.0 1.0 1024.0 0.0 0.0 0.0 0.0 0.0 1.0 1024.0 0.0 0.0 0.0 0.0 0.0 37.0 27.675675675675677 0.0 0.0 0.0 0.0 0.0 1.0 1024.0 0.0 0.0 0.0 0.0 0.0 1.0 1024.0 0.0 0.0 0.0 0.0 0.0 37.0 27.675675675675677 0.0 0.0 0.0 0.0 0.0 1.0 1024.0 1.7918254464865955 1.208047984525155 4.805157531375327 0.0 25.37172392441599 150.0 6.826666666666676 4.58106600659779 4.752829121290701 15.074033345448699 0.0 19.31325074437748 51.0 20.078431372549023 1.3834532845382594 0.9662471048660553 3.4864782878754865 0.0 25.306913250458557 179.0 5.720670391061458 1.70977600836066 1.2105529168702422 4.805157531375327 0.0 26.111595503311808 161.0 6.3602484472049605 4.623389552209654 4.626418050729 15.166946884958433 0.0 19.60975946760939 50.0 20.48 1.3546456979865422 0.9289259020073503 3.355582661291501 0.0 25.846456954525497 196.0 5.224489795918362 1.8420945479958841 1.3651119815631974 5.869339320126588 0.0 26.381452469887225 145.0 7.06206896551723 6.599812247510329 8.555497930014969 28.568402560419546 0.0 23.60727266036167 44.0 23.272727272727266 1.4685772678168236 1.0158776072768176 3.9592310638267834 0.0 25.16905258271956 175.0 5.851428571428562 1.4821718997126845 3.7743625924153417 41.78745222094094 0.0 29.348448643212514 638.0 1.6050156739811945 24.07319097332853 10.878977035411614 36.9901087825193 0.0 13.537096399266316 42.0 24.380952380952376 0.67316311656262 1.058939836325291 4.365364986724842 0.0 29.23826360004977 667.0 1.535232383808098 1.4169618569110516 3.4117222292526472 32.874741622928155 0.0 29.45164062088824 644.0 1.5900621118012397 26.413959054522664 9.991545507772553 41.631810312897706 0.0 9.48347659176922 38.0 26.947368421052634 0.6580914509313256 1.0264785295261905 3.5217069291965686 0.0 29.384316693613304 680.0 1.505882352941178 1.3946511866458113 3.502690858301952 45.01462284090048 0.0 29.345482224521774 641.0 1.5975039001560107 28.13662262744742 5.58675950686399 35.76295777937128 0.0 7.64368178375316 36.0 28.44444444444444 0.6977944404766012 1.0905571814145025 4.365364986724842 0.0 29.32950224089589 666.0 1.5375375375375404 1.6961574936604558 1.2832314054362983 4.805157531375327 0.0 25.241820879474613 154.0 6.649350649350648 4.58106600659779 4.752829121290701 15.074033345448699 0.0 19.31325074437748 51.0 20.078431372549023 1.3718291591758227 0.9725887410731631 3.4864782878754865 0.0 25.42479919018066 183.0 5.595628415300541 1.5740727334795397 1.2310749766535962 4.805157531375327 0.0 26.469284469237635 176.0 5.818181818181823 4.623389552209654 4.626418050729 15.166946884958433 0.0 19.60975946760939 50.0 20.48 1.3180266905298161 0.9339602821263185 3.355582661291501 0.0 26.15577969777017 203.0 5.044334975369463 1.8135274803329198 1.3531550589213575 5.869339320126588 0.0 26.324914317224863 150.0 6.826666666666677 6.599812247510329 8.555497930014969 28.568402560419546 0.0 23.60727266036167 44.0 23.272727272727266 1.4370118134722558 1.0212060481931207 3.9592310638267834 0.0 25.60894064426119 180.0 5.688888888888896 
354.0005150327869 1.6816659312634958 1.2372532285042326 4.6261065484396156 0.0 25.749591412735754 104.0 9.846153846153836 3.056263059684581 4.12259513383657 13.834661177334347 0.0 15.970947686880438 51.0 20.078431372549026 1.3246991553798906 0.9281394053322238 3.4836138576524758 0.0 26.000875782667034 126.0 8.126984126984144 1.6897048351345454 1.2654047682709335 4.6261065484396156 0.0 26.625738462213345 110.0 9.309090909090905 3.215174161356519 4.115440220494991 13.241912419968985 0.0 16.309553926498698 49.0 20.89795918367347 1.3834591525988875 0.8746406494893674 3.332808309342373 0.0 26.118119880814813 133.0 7.6992481203007515 1.7049936902395981 1.3501309378301092 5.6352774948562505 0.0 27.65362226992531 110.0 9.309090909090905 3.8649473481133176 6.466106547867601 24.628416408678792 0.0 21.257994108536618 46.0 22.260869565217398 1.410342496680556 0.9965322428027106 3.6016230121356916 0.0 26.215785468000025 126.0 8.126984126984144 0.0 0.0 0.0 0.0 0.0 1.0 1024.0 0.0 0.0 0.0 0.0 0.0 37.0 27.675675675675677 0.0 0.0 0.0 0.0 0.0 1.0 1024.0 0.0 0.0 0.0 0.0 0.0 1.0 1024.0 0.0 0.0 0.0 0.0 0.0 37.0 27.675675675675677 0.0 0.0 0.0 0.0 0.0 1.0 1024.0 0.0 0.0 0.0 0.0 0.0 1.0 1024.0 0.0 0.0 0.0 0.0 0.0 37.0 27.675675675675677 0.0 0.0 0.0 0.0 0.0 1.0 1024.0 1.78955840225555 1.2102785249840489 4.805157531375327 0.0 25.375742915920934 150.0 6.826666666666676 4.58106600659779 4.752829121290701 15.074033345448699 0.0 19.31325074437748 51.0 20.078431372549023 1.3834532845382594 0.9662471048660553 3.4864782878754865 0.0 25.306913250458557 179.0 5.720670391061458 1.70977600836066 1.2105529168702422 4.805157531375327 0.0 26.111595503311808 161.0 6.3602484472049605 4.623389552209654 4.626418050729 15.166946884958433 0.0 19.60975946760939 50.0 20.48 1.3546456979865422 0.9289259020073503 3.355582661291501 0.0 25.846456954525497 196.0 5.224489795918362 1.8420945479958841 1.3651119815631974 5.869339320126588 0.0 26.381452469887225 145.0 7.06206896551723 6.599812247510329 8.555497930014969 28.568402560419546 0.0 23.60727266036167 44.0 23.272727272727266 1.4685772678168236 1.0158776072768176 3.9592310638267834 0.0 25.16905258271956 175.0 5.851428571428562 1.4821718997126845 3.7743625924153417 41.78745222094094 0.0 29.348448643212514 638.0 1.6050156739811945 24.07319097332853 10.878977035411614 36.9901087825193 0.0 13.537096399266316 42.0 24.380952380952376 0.67316311656262 1.058939836325291 4.365364986724842 0.0 29.23826360004977 667.0 1.535232383808098 1.4169618569110516 3.4117222292526472 32.874741622928155 0.0 29.45164062088824 644.0 1.5900621118012397 26.413959054522664 9.991545507772553 41.631810312897706 0.0 9.48347659176922 38.0 26.947368421052634 0.6580914509313256 1.0264785295261905 3.5217069291965686 0.0 29.384316693613304 680.0 1.505882352941178 1.3946511866458113 3.502690858301952 45.01462284090048 0.0 29.345482224521774 641.0 1.5975039001560107 28.13662262744742 5.58675950686399 35.76295777937128 0.0 7.64368178375316 36.0 28.44444444444444 0.6977944404766012 1.0905571814145025 4.365364986724842 0.0 29.32950224089589 666.0 1.5375375375375404 1.685271819780565 1.2864085125063942 4.805157531375327 0.0 25.30577513220843 155.0 6.6064516129032205 4.58106600659779 4.752829121290701 15.074033345448699 0.0 19.31325074437748 51.0 20.078431372549023 1.3649946559646988 0.975007254603191 3.4864782878754865 0.0 25.4993725678748 184.0 5.5652173913043415 1.5641547752210836 1.2345370882321949 4.805157531375327 0.0 26.520284458074517 177.0 5.785310734463273 4.623389552209654 4.626418050729 15.166946884958433 0.0 19.60975946760939 50.0 20.48 1.3112463470399136 0.936311591590111 3.355582661291501 0.0 26.16692263177079 203.0 5.044334975369463 1.754310745961746 1.3691148276146174 5.869339320126588 0.0 26.827836520510438 155.0 6.606451612903222 6.599812247510329 8.555497930014969 28.568402560419546 0.0 23.60727266036167 44.0 23.272727272727266 1.4370999610390713 1.0210904233476155 3.9592310638267834 0.0 25.603316547660327 180.0 5.688888888888896 
355.0005150327869 1.6816660043552065 1.2372543606795257 4.6261065484396156 0.0 25.749904943730716 104.0 9.846153846153836 3.056263059684581 4.12259513383657 13.834661177334347 0.0 15.970947686880438 51.0 20.078431372549026 1.3246991553798906 0.9281394053322238 3.4836138576524758 0.0 26.000875782667034 126.0 8.126984126984144 1.6897048351345454 1.2654047682709335 4.6261065484396156 0.0 26.625738462213345 110.0 9.309090909090905 3.215174161356519 4.115440220494991 13.241912419968985 0.0 16.309553926498698 49.0 20.89795918367347 1.3834591525988875 0.8746406494893674 3.332808309342373 0.0 26.118119880814813 133.0 7.6992481203007515 1.7049936902395981 1.3501309378301092 5.6352774948562505 0.0 27.65362226992531 110.0 9.309090909090905 3.8649473481133176 6.466106547867601 24.628416408678792 0.0 21.257994108536618 46.0 22.260869565217398 1.410342496680556 0.9965322428027106 3.6016230121356916 0.0 26.215785468000025 126.0 8.126984126984144 0.0 0.0 0.0 0.0 0.0 1.0 1024.0 0.0 0.0 0.0 0.0 0.0 37.0 27.675675675675677 0.0 0.0 0.0 0.0 0.0 1.0 1024.0 0.0 0.0 0.0 0.0 0.0 1.0 1024.0 0.0 0.0 0.0 0.0 0.0 37.0 27.675675675675677 0.0 0.0 0.0 0.0 0.0 1.0 1024.0 0.0 0.0 0.0 0.0 0.0 1.0 1024.0 0.0 0.0 0.0 0.0 0.0 37.0 27.675675675675677 0.0 0.0 0.0 0.0 0.0 1.0 1024.0 1.7993087507217187 1.2081151643916332 4.805157531375327 0.0 25.285102379480474 149.0 6.872483221476517 4.58106600659779 4.752829121290701 15.074033345448699 0.0 19.31325074437748 51.0 20.078431372549023 1.3834532845382594 0.9662471048660553 3.4864782878754865 0.0 25.306913250458557 179.0 5.720670391061458 1.70977600836066 1.2105529168702422 4.805157531375327 0.0 26.111595503311808 161.0 6.3602484472049605 4.623389552209654 4.626418050729 15.166946884958433 0.0 19.60975946760939 50.0 20.48 1.3545918701081465 0.9290013799513572 3.355582661291501 0.0 25.846585564298874 196.0 5.224489795918362 1.8420945479958841 1.3651119815631974 5.869339320126588 0.0 26.381452469887225 145.0 7.06206896551723 6.599812247510329 8.555497930014969 28.568402560419546 0.0 23.60727266036167 44.0 23.272727272727266 1.4685772678168236 1.0158776072768176 3.9592310638267834 0.0 25.16905258271956 175.0 5.851428571428562 1.4821718997126845 3.7743625924153417 41.78745222094094 0.0 29.348448643212514 638.0 1.6050156739811945 24.07319097332853 10.878977035411614 36.9901087825193 0.0 13.537096399266316 42.0 24.380952380952376 0.67316311656262 1.058939836325291 4.365364986724842 0.0 29.23826360004977 667.0 1.535232383808098 1.4169618569110516 3.4117222292526472 32.874741622928155 0.0 29.45164062088824 644.0 1.5900621118012397 26.413959054522664 9.991545507772553 41.631810312897706 0.0 9.48347659176922 38.0 26.947368421052634 0.6580914509313256 1.0264785295261905 3.5217069291965686 0.0 29.384316693613304 680.0 1.505882352941178 1.3946511866458113 3.502690858301952 45.01462284090048 0.0 29.345482224521774 641.0 1.5975039001560107 28.13662262744742 5.58675950686399 35.76295777937128 0.0 7.64368178375316 36.0 28.44444444444444 0.6977944404766012 1.0905571814145025 4.365364986724842 0.0 29.32950224089589 666.0 1.5375375375375404 1.6744906294714095 1.2893758018300314 4.805157531375327 0.0 25.34780679745478 156.0 6.5641025641025745 4.58106600659779 4.752829121290701 15.074033345448699 0.0 19.31325074437748 51.0 20.078431372549023 1.366584501437574 0.973043076127886 3.4864782878754865 0.0 25.562205174673203 185.0 5.535135135135135 1.5831492492443555 1.2288781462129024 4.805157531375327 0.0 26.40791212140819 175.0 5.8514285714285625 4.623389552209654 4.626418050729 15.166946884958433 0.0 19.60975946760939 50.0 20.48 1.3158894846822748 0.9397500985185993 3.355582661291501 0.0 26.098849605141417 203.0 5.044334975369463 1.700513561792448 1.3806165407184927 5.869339320126588 0.0 27.24352360561562 160.0 6.400000000000007 6.599812247510329 8.555497930014969 28.568402560419546 0.0 23.60727266036167 44.0 23.272727272727266 1.432767740181853 1.024045259081083 3.9592310638267834 0.0 25.597872002541205 180.0 5.688888888888896 
356.0005150327869 1.6816435609563603 1.2372752007446044 4.6261065484396156 0.0 25.750202449175955 104.0 9.846153846153836 3.056263059684581 4.12259513383657 13.834661177334347 0.0 15.970947686880438 51.0 20.078431372549026 1.3246991553798906 0.9281394053322238 3.4836138576524758 0.0 26.000875782667034 126.0 8.126984126984144 1.6897048351345454 1.2654047682709335 4.6261065484396156 0.0 26.625738462213345 110.0 9.309090909090905 3.215174161356519 4.115440220494991 13.241912419968985 0.0 16.309553926498698 49.0 20.89795918367347 1.3834591525988875 0.8746406494893674 3.332808309342373 0.0 26.118119880814813 133.0 7.6992481203007515 1.7049936902395981 1.3501309378301092 5.6352774948562505 0.0 27.65362226992531 110.0 9.309090909090905 3.8649473481133176 6.466106547867601 24.628416408678792 0.0 21.257994108536618 46.0 22.260869565217398 1.410342496680556 0.9965322428027106 3.6016230121356916 0.0 26.215785468000025 126.0 8.126984126984144 0.0 0.0 0.0 0.0 0.0 1.0 1024.0 0.0 0.0 0.0 0.0 0.0 37.0 27.675675675675677 0.0 0.0 0.0 0.0 0.0 1.0 1024.0 0.0 0.0 0.0 0.0 0.0 1.0 1024.0 0.0 0.0 0.0 0.0 0.0 37.0 27.675675675675677 0.0 0.0 0.0 0.0 0.0 1.0 1024.0 0.0 0.0 0.0 0.0 0.0 1.0 1024.0 0.0 0.0 0.0 0.0 0.0 37.0 27.675675675675677 0.0 0.0 0.0 0.0 0.0 1.0 1024.0 1.7993087507217187 1.2081151643916332 4.805157531375327 0.0 25.285102379480474 149.0 6.872483221476517 4.58106600659779 4.752829121290701 15.074033345448699 0.0 19.31325074437748 51.0 20.078431372549023 1.3834532845382594 0.9662471048660553 3.4864782878754865 0.0 25.306913250458557 179.0 5.720670391061458 1.70977600836066 1.2105529168702422 4.805157531375327 0.0 26.111595503311808 161.0 6.3602484472049605 4.623389552209654 4.626418050729 15.166946884958433 0.0 19.60975946760939 50.0 20.48 1.3545918701081465 0.9290013799513572 3.355582661291501 0.0 25.846585564298874 196.0 5.224489795918362 1.8420945479958841 1.3651119815631974 5.869339320126588 0.0 26.381452469887225 145.0 7.06206896551723 6.599812247510329 8.555497930014969 28.568402560419546 0.0 23.60727266036167 44.0 23.272727272727266 1.4685772678168236 1.0158776072768176 3.9592310638267834 0.0 25.16905258271956 175.0 5.851428571428562 1.4821718997126845 3.7743625924153417 41.78745222094094 0.0 29.348448643212514 638.0 1.6050156739811945 24.07319097332853 10.878977035411614 36.9901087825193 0.0 13.537096399266316 42.0 24.380952380952376 0.67316311656262 1.058939836325291 4.365364986724842 0.0 29.23826360004977 667.0 1.535232383808098 1.4169618569110516 3.4117222292526472 32.874741622928155 0.0 29.45164062088824 644.0 1.5900621118012397 26.413959054522664 9.991545507772553 41.631810312897706 0.0 9.48347659176922 38.0 26.947368421052634 0.6580914509313256 1.0264785295261905 3.5217069291965686 0.0 29.384316693613304 680.0 1.505882352941178 1.3946511866458113 3.502690858301952 45.01462284090048 0.0 29.345482224521774 641.0 1.5975039001560107 28.13662262744742 5.58675950686399 35.76295777937128 0.0 7.64368178375316 36.0 28.44444444444444 0.6977944404766012 1.0905571814145025 4.365364986724842 0.0 29.32950224089589 666.0 1.5375375375375404 1.6744906294714095 1.2893758018300314 4.805157531375327 0.0 25.34780679745478 156.0 6.5641025641025745 4.58106600659779 4.752829121290701 15.074033345448699 0.0 19.31325074437748 51.0 20.078431372549023 1.3667836045967896 0.9727681863939237 3.4864782878754865 0.0 25.56236784134841 185.0 5.535135135135135 1.5818983318532198 1.230414476687106 4.805157531375327 0.0 26.408689887922108 175.0 5.8514285714285625 4.623389552209654 4.626418050729 15.166946884958433 0.0 19.60975946760939 50.0 20.48 1.325118476967747 0.9357724757070769 3.355582661291501 0.0 26.12254140469658 203.0 5.044334975369463 1.7911350354253717 1.3569214049403782 5.869339320126588 0.0 26.541992781916647 152.0 6.736842105263156 6.599812247510329 8.555497930014969 28.568402560419546 0.0 23.60727266036167 44.0 23.272727272727266 1.417935238517375 1.0289271495643226 3.9592310638267834 0.0 25.798839010779275 182.0 5.626373626373634 
357.0005150327869 1.6816435609563603 1.2372752007446044 4.6261065484396156 0.0 25.750202449175955 104.0 9.846153846153836 3.056263059684581 4.12259513383657 13.834661177334347 0.0 15.970947686880438 51.0 20.078431372549026 1.3246991553798906 0.9281394053322238 3.4836138576524758 0.0 26.000875782667034 126.0 8.126984126984144 1.6897048351345454 1.2654047682709335 4.6261065484396156 0.0 26.625738462213345 110.0 9.309090909090905 3.215174161356519 4.115440220494991 13.241912419968985 0.0 16.309553926498698 49.0 20.89795918367347 1.3834591525988875 0.8746406494893674 3.332808309342373 0.0 26.118119880814813 133.0 7.6992481203007515 1.7049936902395981 1.3501309378301092 5.6352774948562505 0.0 27.65362226992531 110.0 9.309090909090905 3.8649473481133176 6.466106547867601 24.628416408678792 0.0 21.257994108536618 46.0 22.260869565217398 1.410342496680556 0.9965322428027106 3.6016230121356916 0.0 26.215785468000025 126.0 8.126984126984144 0.0 0.0 0.0 0.0 0.0 1.0 1024.0 0.0 0.0 0.0 0.0 0.0 37.0 27.675675675675677 0.0 0.0 0.0 0.0 0.0 1.0 1024.0 0.0 0.0 0.0 0.0 0.0 1.0 1024.0 0.0 0.0 0.0 0.0 0.0 37.0 27.675675675675677 0.0 0.0 0.0 0.0 0.0 1.0 1024.0 0.0 0.0 0.0 0.0 0.0 1.0 1024.0 0.0 0.0 0.0 0.0 0.0 37.0 27.675675675675677 0.0 0.0 0.0 0.0 0.0 1.0 1024.0 1.7993087507217187 1.2081151643916332 4.805157531375327 0.0 25.285102379480474 149.0 6.872483221476517 4.58106600659779 4.752829121290701 15.074033345448699 0.0 19.31325074437748 51.0 20.078431372549023 1.3834532845382594 0.9662471048660553 3.4864782878754865 0.0 25.306913250458557 179.0 5.720670391061458 1.70977600836066 1.2105529168702422 4.805157531375327 0.0 26.111595503311808 161.0 6.3602484472049605 4.623389552209654 4.626418050729 15.166946884958433 0.0 19.60975946760939 50.0 20.48 1.3545427534045549 0.9290716446198717 3.355582661291501 0.0 25.846711333280563 196.0 5.224489795918362 1.8420945479958841 1.3651119815631974 5.869339320126588 0.0 26.381452469887225 145.0 7.06206896551723 6.599812247510329 8.555497930014969 28.568402560419546 0.0 23.60727266036167 44.0 23.272727272727266 1.4685772678168236 1.0158776072768176 3.9592310638267834 0.0 25.16905258271956 175.0 5.851428571428562 1.4821718997126845 3.7743625924153417 41.78745222094094 0.0 29.348448643212514 638.0 1.6050156739811945 24.07319097332853 10.878977035411614 36.9901087825193 0.0 13.537096399266316 42.0 24.380952380952376 0.67316311656262 1.058939836325291 4.365364986724842 0.0 29.23826360004977 667.0 1.535232383808098 1.4169618569110516 3.4117222292526472 32.874741622928155 0.0 29.45164062088824 644.0 1.5900621118012397 26.413959054522664 9.991545507772553 41.631810312897706 0.0 9.48347659176922 38.0 26.947368421052634 0.6580914509313256 1.0264785295261905 3.5217069291965686 0.0 29.384316693613304 680.0 1.505882352941178 1.3946511866458113 3.502690858301952 45.01462284090048 0.0 29.345482224521774 641.0 1.5975039001560107 28.13662262744742 5.58675950686399 35.76295777937128 0.0 7.64368178375316 36.0 28.44444444444444 0.6977944404766012 1.0905571814145025 4.365364986724842 0.0 29.32950224089589 666.0 1.5375375375375404 1.6731121005460416 1.28899237231148 4.805157531375327 0.0 25.351131831302183 156.0 6.5641025641025745 4.58106600659779 4.752829121290701 15.074033345448699 0.0 19.31325074437748 51.0 20.078431372549023 1.367126781477937 0.9727755720569266 3.4864782878754865 0.0 25.563736509458977 185.0 5.535135135135135 1.579650746000906 1.229716641234264 4.805157531375327 0.0 26.407348278111265 175.0 5.8514285714285625 4.623389552209654 4.626418050729 15.166946884958433 0.0 19.60975946760939 50.0 20.48 1.316994297284289 0.9346124698244702 3.355582661291501 0.0 26.21974280009132 203.0 5.044334975369463 1.812805557911238 1.3528656307985314 5.869339320126588 0.0 26.325845675949996 150.0 6.826666666666677 6.599812247510329 8.555497930014969 28.568402560419546 0.0 23.60727266036167 44.0 23.272727272727266 1.4246913423825558 1.0268388322298432 3.9592310638267834 0.0 25.71065070329777 181.0 5.657458563535922 
358.0005150327869 1.6816435609563603 1.2372752007446044 4.6261065484396156 0.0 25.750202449175955 104.0 9.846153846153836 3.056263059684581 4.12259513383657 13.834661177334347 0.0 15.970947686880438 51.0 20.078431372549026 1.3246991553798906 0.9281394053322238 3.4836138576524758 0.0 26.000875782667034 126.0 8.126984126984144 1.6897048351345454 1.2654047682709335 4.6261065484396156 0.0 26.625738462213345 110.0 9.309090909090905 3.215174161356519 4.115440220494991 13.241912419968985 0.0 16.309553926498698 49.0 20.89795918367347 1.3834591525988875 0.8746406494893674 3.332808309342373 0.0 26.118119880814813 133.0 7.6992481203007515 1.7049936902395981 1.3501309378301092 5.6352774948562505 0.0 27.65362226992531 110.0 9.309090909090905 3.8649473481133176 6.466106547867601 24.628416408678792 0.0 21.257994108536618 46.0 22.260869565217398 1.410342496680556 0.9965322428027106 3.6016230121356916 0.0 26.215785468000025 126.0 8.126984126984144 0.0 0.0 0.0 0.0 0.0 1.0 1024.0 0.0 0.0 0.0 0.0 0.0 37.0 27.675675675675677 0.0 0.0 0.0 0.0 0.0 1.0 1024.0 0.0 0.0 0.0 0.0 0.0 1.0 1024.0 0.0 0.0 0.0 0.0 0.0 37.0 27.675675675675677 0.0 0.0 0.0 0.0 0.0 1.0 1024.0 0.0 0.0 0.0 0.0 0.0 1.0 1024.0 0.0 0.0 0.0 0.0 0.0 37.0 27.675675675675677 0.0 0.0 0.0 0.0 0.0 1.0 1024.0 1.7993875415631644 1.208083213998432 4.805157531375327 0.0 25.285585794659934 149.0 6.872483221476517 4.58106600659779 4.752829121290701 15.074033345448699 0.0 19.31325074437748 51.0 20.078431372549023 1.3834532845382594 0.9662471048660553 3.4864782878754865 0.0 25.306913250458557 179.0 5.720670391061458 1.7097591691050553 1.2105406820488258 4.805157531375327 0.0 26.111570632861845 161.0 6.3602484472049605 4.623389552209654 4.626418050729 15.166946884958433 0.0 19.60975946760939 50.0 20.48 1.3544645848975534 0.9291838817388846 3.355582661291501 0.0 25.846842280645724 196.0 5.224489795918362 1.8420945479958841 1.3651119815631974 5.869339320126588 0.0 26.381452469887225 145.0 7.06206896551723 6.599812247510329 8.555497930014969 28.568402560419546 0.0 23.60727266036167 44.0 23.272727272727266 1.4685772678168236 1.0158776072768176 3.9592310638267834 0.0 25.16905258271956 175.0 5.851428571428562 1.4821718997126845 3.7743625924153417 41.78745222094094 0.0 29.348448643212514 638.0 1.6050156739811945 24.07319097332853 10.878977035411614 36.9901087825193 0.0 13.537096399266316 42.0 24.380952380952376 0.67316311656262 1.058939836325291 4.365364986724842 0.0 29.23826360004977 667.0 1.535232383808098 1.4169618569110516 3.4117222292526472 32.874741622928155 0.0 29.45164062088824 644.0 1.5900621118012397 26.413959054522664 9.991545507772553 41.631810312897706 0.0 9.48347659176922 38.0 26.947368421052634 0.6580914509313256 1.0264785295261905 3.5217069291965686 0.0 29.384316693613304 680.0 1.505882352941178 1.3946511866458113 3.502690858301952 45.01462284090048 0.0 29.345482224521774 641.0 1.5975039001560107 28.13662262744742 5.58675950686399 35.76295777937128 0.0 7.64368178375316 36.0 28.44444444444444 0.6977944404766012 1.0905571814145025 4.365364986724842 0.0 29.32950224089589 666.0 1.5375375375375404 1.6706040499653612 1.2874455926266093 4.805157531375327 0.0 25.35204673103885 156.0 6.5641025641025745 4.58106600659779 4.752829121290701 15.074033345448699 0.0 19.31325074437748 51.0 20.078431372549023 1.359740082217902 0.9750543743494202 3.4864782878754865 0.0 25.61876077995499 186.0 5.505376344086026 1.58413090622567 1.2273357239001028 4.805157531375327 0.0 26.42468734983022 174.0 5.885057471264374 4.623389552209654 4.626418050729 15.166946884958433 0.0 19.60975946760939 50.0 20.48 1.329055146400725 0.9313654208739319 3.355582661291501 0.0 26.166239194795686 202.0 5.069306930693066 1.754310745961746 1.3691148276146174 5.869339320126588 0.0 26.827836520510438 155.0 6.606451612903222 6.599812247510329 8.555497930014969 28.568402560419546 0.0 23.60727266036167 44.0 23.272727272727266 1.4334419437502917 1.0240413461928608 3.9592310638267834 0.0 25.608380444315817 180.0 5.688888888888895 
359.0005150327869 1.6816435609563603 1.2372752007446044 4.6261065484396156 0.0 25.750202449175955 104.0 9.846153846153836 3.056263059684581 4.12259513383657 13.834661177334347 0.0 15.970947686880438 51.0 20.078431372549026 1.3246991553798906 0.9281394053322238 3.4836138576524758 0.0 26.000875782667034 126.0 8.126984126984144 1.6897048351345454 1.2654047682709335 4.6261065484396156 0.0 26.625738462213345 110.0 9.309090909090905 3.215174161356519 4.115440220494991 13.241912419968985 0.0 16.309553926498698 49.0 20.89795918367347 1.3834591525988875 0.8746406494893674 3.332808309342373 0.0 26.118119880814813 133.0 7.6992481203007515 1.7049936902395981 1.3501309378301092 5.6352774948562505 0.0 27.65362226992531 110.0 9.309090909090905 3.8649473481133176 6.466106547867601 24.628416408678792 0.0 21.257994108536618 46.0 22.260869565217398 1.410342496680556 0.9965322428027106 3.6016230121356916 0.0 26.215785468000025 126.0 8.126984126984144 0.0 0.0 0.0 0.0 0.0 1.0 1024.0 0.0 0.0 0.0 0.0 0.0 37.0 27.675675675675677 0.0 0.0 0.0 0.0 0.0 1.0 1024.0 0.0 0.0 0.0 0.0 0.0 1.0 1024.0 0.0 0.0 0.0 0.0 0.0 37.0 27.675675675675677 0.0 0.0 0.0 0.0 0.0 1.0 1024.0 0.0 0.0 0.0 0.0 0.0 1.0 1024.0 0.0 0.0 0.0 0.0 0.0 37.0 27.675675675675677 0.0 0.0 0.0 0.0 0.0 1.0 1024.0 1.7994345807055288 1.2080742455500642 4.805157531375327 0.0 25.2860460962907 149.0 6.872483221476517 4.58106600659779 4.752829121290701 15.074033345448699 0.0 19.31325074437748 51.0 20.078431372549023 1.3834532845382594 0.9662471048660553 3.4864782878754865 0.0 25.306913250458557 179.0 5.720670391061458 1.7094151977428333 1.2108756773847706 4.805157531375327 0.0 26.110982820194053 161.0 6.3602484472049605 4.623389552209654 4.626418050729 15.166946884958433 0.0 19.60975946760939 50.0 20.48 1.3544645848975534 0.9291838817388846 3.355582661291501 0.0 25.846842280645724 196.0 5.224489795918362 1.8420945479958841 1.3651119815631974 5.869339320126588 0.0 26.381452469887225 145.0 7.06206896551723 6.599812247510329 8.555497930014969 28.568402560419546 0.0 23.60727266036167 44.0 23.272727272727266 1.4685772678168236 1.0158776072768176 3.9592310638267834 0.0 25.16905258271956 175.0 5.851428571428562 1.4821718997126845 3.7743625924153417 41.78745222094094 0.0 29.348448643212514 638.0 1.6050156739811945 24.07319097332853 10.878977035411614 36.9901087825193 0.0 13.537096399266316 42.0 24.380952380952376 0.67316311656262 1.058939836325291 4.365364986724842 0.0 29.23826360004977 667.0 1.535232383808098 1.4169618569110516 3.4117222292526472 32.874741622928155 0.0 29.45164062088824 644.0 1.5900621118012397 26.413959054522664 9.991545507772553 41.631810312897706 0.0 9.48347659176922 38.0 26.947368421052634 0.6580914509313256 1.0264785295261905 3.5217069291965686 0.0 29.384316693613304 680.0 1.505882352941178 1.3946511866458113 3.502690858301952 45.01462284090048 0.0 29.345482224521774 641.0 1.5975039001560107 28.13662262744742 5.58675950686399 35.76295777937128 0.0 7.64368178375316 36.0 28.44444444444444 0.6977944404766012 1.0905571814145025 4.365364986724842 0.0 29.32950224089589 666.0 1.5375375375375404 1.6706040499653612 1.2874455926266093 4.805157531375327 0.0 25.35204673103885 156.0 6.5641025641025745 4.58106600659779 4.752829121290701 15.074033345448699 0.0 19.31325074437748 51.0 20.078431372549023 1.3669161808179051 0.9726914158980889 3.4864782878754865 0.0 25.55147587605591 185.0 5.535135135135135 1.593243522441793 1.2249463420414497 4.805157531375327 0.0 26.356436135688167 173.0 5.919075144508673 4.623389552209654 4.626418050729 15.166946884958433 0.0 19.60975946760939 50.0 20.48 1.335323306202388 0.930515190669276 3.355582661291501 0.0 26.101421756806026 201.0 5.094527363184075 1.700513561792448 1.3806165407184927 5.869339320126588 0.0 27.24352360561562 160.0 6.400000000000007 6.599812247510329 8.555497930014969 28.568402560419546 0.0 23.60727266036167 44.0 23.272727272727266 1.4338126494659948 1.0227677042944048 3.9592310638267834 0.0 25.597227801236652 180.0 5.688888888888896 
360.0005150327869 1.6816435609563603 1.2372752007446044 4.6261065484396156 0.0 25.750202449175955 104.0 9.846153846153836 3.056263059684581 4.12259513383657 13.834661177334347 0.0 15.970947686880438 51.0 20.078431372549026 1.3246991553798906 0.9281394053322238 3.4836138576524758 0.0 26.000875782667034 126.0 8.126984126984144 1.6897048351345454 1.2654047682709335 4.6261065484396156 0.0 26.625738462213345 110.0 9.309090909090905 3.215174161356519 4.115440220494991 13.241912419968985 0.0 16.309553926498698 49.0 20.89795918367347 1.3834591525988875 0.8746406494893674 3.332808309342373 0.0 26.118119880814813 133.0 7.6992481203007515 1.7051677547645763 1.3499805137611083 5.6352774948562505 0.0 27.654530234125723 110.0 9.309090909090905 3.8649473481133176 6.466106547867601 24.628416408678792 0.0 21.257994108536618 46.0 22.260869565217398 1.410342496680556 0.9965322428027106 3.6016230121356916 0.0 26.215785468000025 126.0 8.126984126984144 0.0 0.0 0.0 0.0 0.0 1.0 1024.0 0.0 0.0 0.0 0.0 0.0 37.0 27.675675675675677 0.0 0.0 0.0 0.0 0.0 1.0 1024.0 0.0 0.0 0.0 0.0 0.0 1.0 1024.0 0.0 0.0 0.0 0.0 0.0 37.0 27.675675675675677 0.0 0.0 0.0 0.0 0.0 1.0 1024.0 0.0 0.0 0.0 0.0 0.0 1.0 1024.0 0.0 0.0 0.0 0.0 0.0 37.0 27.675675675675677 0.0 0.0 0.0 0.0 0.0 1.0 1024.0 1.7994345807055288 1.2080742455500642 4.805157531375327 0.0 25.2860460962907 149.0 6.872483221476517 4.58106600659779 4.752829121290701 15.074033345448699 0.0 19.31325074437748 51.0 20.078431372549023 1.3834532845382594 0.9662471048660553 3.4864782878754865 0.0 25.306913250458557 179.0 5.720670391061458 1.7198099315750157 1.207291902755978 4.805157531375327 0.0 26.01666704320944 160.0 6.400000000000006 4.623389552209654 4.626418050729 15.166946884958433 0.0 19.60975946760939 50.0 20.48 1.3544645848975534 0.9291838817388846 3.355582661291501 0.0 25.846842280645724 196.0 5.224489795918362 1.8420945479958841 1.3651119815631974 5.869339320126588 0.0 26.381452469887225 145.0 7.06206896551723 6.599812247510329 8.555497930014969 28.568402560419546 0.0 23.60727266036167 44.0 23.272727272727266 1.4685772678168236 1.0158776072768176 3.9592310638267834 0.0 25.16905258271956 175.0 5.851428571428562 1.4821718997126845 3.7743625924153417 41.78745222094094 0.0 29.348448643212514 638.0 1.6050156739811945 24.07319097332853 10.878977035411614 36.9901087825193 0.0 13.537096399266316 42.0 24.380952380952376 0.67316311656262 1.058939836325291 4.365364986724842 0.0 29.23826360004977 667.0 1.535232383808098 1.4169618569110516 3.4117222292526472 32.874741622928155 0.0 29.45164062088824 644.0 1.5900621118012397 26.413959054522664 9.991545507772553 41.631810312897706 0.0 9.48347659176922 38.0 26.947368421052634 0.6580914509313256 1.0264785295261905 3.5217069291965686 0.0 29.384316693613304 680.0 1.505882352941178 1.3946511866458113 3.502690858301952 45.01462284090048 0.0 29.345482224521774 641.0 1.5975039001560107 28.13662262744742 5.58675950686399 35.76295777937128 0.0 7.64368178375316 36.0 28.44444444444444 0.6977944404766012 1.0905571814145025 4.365364986724842 0.0 29.32950224089589 666.0 1.5375375375375404 1.6706040499653612 1.2874455926266093 4.805157531375327 0.0 25.35204673103885 156.0 6.5641025641025745 4.58106600659779 4.752829121290701 15.074033345448699 0.0 19.31325074437748 51.0 20.078431372549023 1.3669406072319306 0.9725153568949759 3.4864782878754865 0.0 25.551680842323456 185.0 5.535135135135135 1.5840971082101145 1.2273154725383695 4.805157531375327 0.0 26.331324932433247 174.0 5.885057471264374 4.623389552209654 4.626418050729 15.166946884958433 0.0 19.60975946760939 50.0 20.48 1.3437069777136816 0.9290966126421956 3.355582661291501 0.0 25.98678559853422 199.0 5.145728643216085 1.7793249796948876 1.360194936889856 5.869339320126588 0.0 26.601422351473918 153.0 6.6928104575163445 6.599812247510329 8.555497930014969 28.568402560419546 0.0 23.60727266036167 44.0 23.272727272727266 1.4406696996360226 1.0207828635416885 3.9592310638267834 0.0 25.5116810419872 179.0 5.720670391061458 
361.0005150327869 1.6816435609563603 1.2372752007446044 4.6261065484396156 0.0 25.750202449175955 104.0 9.846153846153836 3.056263059684581 4.12259513383657 13.834661177334347 0.0 15.970947686880438 51.0 20.078431372549026 1.3246991553798906 0.9281394053322238 3.4836138576524758 0.0 26.000875782667034 126.0 8.126984126984144 1.6897048351345454 1.2654047682709335 4.6261065484396156 0.0 26.625738462213345 110.0 9.309090909090905 3.215174161356519 4.115440220494991 13.241912419968985 0.0 16.309553926498698 49.0 20.89795918367347 1.3834591525988875 0.8746406494893674 3.332808309342373 0.0 26.118119880814813 133.0 7.6992481203007515 1.7051677547645763 1.3499805137611083 5.6352774948562505 0.0 27.654530234125723 110.0 9.309090909090905 3.8649473481133176 6.466106547867601 24.628416408678792 0.0 21.257994108536618 46.0 22.260869565217398 1.410342496680556 0.9965322428027106 3.6016230121356916 0.0 26.215785468000025 126.0 8.126984126984144 0.0 0.0 0.0 0.0 0.0 1.0 1024.0 0.0 0.0 0.0 0.0 0.0 37.0 27.675675675675677 0.0 0.0 0.0 0.0 0.0 1.0 1024.0 0.0 0.0 0.0 0.0 0.0 1.0 1024.0 0.0 0.0 0.0 0.0 0.0 37.0 27.675675675675677 0.0 0.0 0.0 0.0 0.0 1.0 1024.0 0.0 0.0 0.0 0.0 0.0 1.0 1024.0 0.0 0.0 0.0 0.0 0.0 37.0 27.675675675675677 0.0 0.0 0.0 0.0 0.0 1.0 1024.0 1.7994345807055288 1.2080742455500642 4.805157531375327 0.0 25.2860460962907 149.0 6.872483221476517 4.58106600659779 4.752829121290701 15.074033345448699 0.0 19.31325074437748 51.0 20.078431372549023 1.3834532845382594 0.9662471048660553 3.4864782878754865 0.0 25.306913250458557 179.0 5.720670391061458 1.7195269350370048 1.2075804501324945 4.805157531375327 0.0 26.01590742403803 160.0 6.400000000000006 4.623389552209654 4.626418050729 15.166946884958433 0.0 19.60975946760939 50.0 20.48 1.3544645848975534 0.9291838817388846 3.355582661291501 0.0 25.846842280645724 196.0 5.224489795918362 1.8420945479958841 1.3651119815631974 5.869339320126588 0.0 26.381452469887225 145.0 7.06206896551723 6.599812247510329 8.555497930014969 28.568402560419546 0.0 23.60727266036167 44.0 23.272727272727266 1.4685772678168236 1.0158776072768176 3.9592310638267834 0.0 25.16905258271956 175.0 5.851428571428562 1.4821718997126845 3.7743625924153417 41.78745222094094 0.0 29.348448643212514 638.0 1.6050156739811945 24.07319097332853 10.878977035411614 36.9901087825193 0.0 13.537096399266316 42.0 24.380952380952376 0.67316311656262 1.058939836325291 4.365364986724842 0.0 29.23826360004977 667.0 1.535232383808098 1.4169618569110516 3.4117222292526472 32.874741622928155 0.0 29.45164062088824 644.0 1.5900621118012397 26.413959054522664 9.991545507772553 41.631810312897706 0.0 9.48347659176922 38.0 26.947368421052634 0.6580914509313256 1.0264785295261905 3.5217069291965686 0.0 29.384316693613304 680.0 1.505882352941178 1.3946511866458113 3.502690858301952 45.01462284090048 0.0 29.345482224521774 641.0 1.5975039001560107 28.13662262744742 5.58675950686399 35.76295777937128 0.0 7.64368178375316 36.0 28.44444444444444 0.6977944404766012 1.0905571814145025 4.365364986724842 0.0 29.32950224089589 666.0 1.5375375375375404 1.6706040499653612 1.2874455926266093 4.805157531375327 0.0 25.35204673103885 156.0 6.5641025641025745 4.58106600659779 4.752829121290701 15.074033345448699 0.0 19.31325074437748 51.0 20.078431372549023 1.3744631570159345 0.9709789835588175 3.4864782878754865 0.0 25.479131351944364 184.0 5.565217391304342 1.5932856032217104 1.224914698684509 4.805157531375327 0.0 26.284145347781372 173.0 5.919075144508673 4.623389552209654 4.626418050729 15.166946884958433 0.0 19.60975946760939 50.0 20.48 1.3505580835268642 0.9265905912473349 3.355582661291501 0.0 25.917978520802784 198.0 5.171717171717169 1.800690000660502 1.356411091028666 5.869339320126588 0.0 26.39253768833877 151.0 6.781456953642389 6.599812247510329 8.555497930014969 28.568402560419546 0.0 23.60727266036167 44.0 23.272727272727266 1.4261904577650617 1.0255321005129203 3.9592310638267834 0.0 25.718173910750505 181.0 5.657458563535922 
362.0005150327869 1.6816435609563603 1.2372752007446044 4.6261065484396156 0.0 25.750202449175955 104.0 9.846153846153836 3.056263059684581 4.12259513383657 13.834661177334347 0.0 15.970947686880438 51.0 20.078431372549026 1.3246991553798906 0.9281394053322238 3.4836138576524758 0.0 26.000875782667034 126.0 8.126984126984144 1.6897048351345454 1.2654047682709335 4.6261065484396156 0.0 26.625738462213345 110.0 9.309090909090905 3.215174161356519 4.115440220494991 13.241912419968985 0.0 16.309553926498698 49.0 20.89795918367347 1.3834591525988875 0.8746406494893674 3.332808309342373 0.0 26.118119880814813 133.0 7.6992481203007515 1.7067999364028303 1.348424468491416 5.6352774948562505 0.0 27.657119177546843 110.0 9.309090909090905 3.8649473481133176 6.466106547867601 24.628416408678792 0.0 21.257994108536618 46.0 22.260869565217398 1.410342496680556 0.9965322428027106 3.6016230121356916 0.0 26.215785468000025 126.0 8.126984126984144 0.0 0.0 0.0 0.0 0.0 1.0 1024.0 0.0 0.0 0.0 0.0 0.0 37.0 27.675675675675677 0.0 0.0 0.0 0.0 0.0 1.0 1024.0 0.0 0.0 0.0 0.0 0.0 1.0 1024.0 0.0 0.0 0.0 0.0 0.0 37.0 27.675675675675677 0.0 0.0 0.0 0.0 0.0 1.0 1024.0 0.0 0.0 0.0 0.0 0.0 1.0 1024.0 0.0 0.0 0.0 0.0 0.0 37.0 27.675675675675677 0.0 0.0 0.0 0.0 0.0 1.0 1024.0 1.7994146341717299 1.2081225720586388 4.805157531375327 0.0 25.286479925589646 149.0 6.872483221476517 4.58106600659779 4.752829121290701 15.074033345448699 0.0 19.31325074437748 51.0 20.078431372549023 1.3834532845382594 0.9662471048660553 3.4864782878754865 0.0 25.306913250458557 179.0 5.720670391061458 1.719123888561093 1.2080158490634139 4.805157531375327 0.0 26.01505262350951 160.0 6.400000000000006 4.623389552209654 4.626418050729 15.166946884958433 0.0 19.60975946760939 50.0 20.48 1.3544645848975534 0.9291838817388846 3.355582661291501 0.0 25.846842280645724 196.0 5.224489795918362 1.8420945479958841 1.3651119815631974 5.869339320126588 0.0 26.381452469887225 145.0 7.06206896551723 6.599812247510329 8.555497930014969 28.568402560419546 0.0 23.60727266036167 44.0 23.272727272727266 1.4685772678168236 1.0158776072768176 3.9592310638267834 0.0 25.16905258271956 175.0 5.851428571428562 1.4821718997126845 3.7743625924153417 41.78745222094094 0.0 29.348448643212514 638.0 1.6050156739811945 24.07319097332853 10.878977035411614 36.9901087825193 0.0 13.537096399266316 42.0 24.380952380952376 0.67316311656262 1.058939836325291 4.365364986724842 0.0 29.23826360004977 667.0 1.535232383808098 1.4169618569110516 3.4117222292526472 32.874741622928155 0.0 29.45164062088824 644.0 1.5900621118012397 26.413959054522664 9.991545507772553 41.631810312897706 0.0 9.48347659176922 38.0 26.947368421052634 0.6580914509313256 1.0264785295261905 3.5217069291965686 0.0 29.384316693613304 680.0 1.505882352941178 1.3946511866458113 3.502690858301952 45.01462284090048 0.0 29.345482224521774 641.0 1.5975039001560107 28.13662262744742 5.58675950686399 35.76295777937128 0.0 7.64368178375316 36.0 28.44444444444444 0.6977944404766012 1.0905571814145025 4.365364986724842 0.0 29.32950224089589 666.0 1.5375375375375404 1.6706040499653612 1.2874455926266093 4.805157531375327 0.0 25.35204673103885 156.0 6.5641025641025745 4.58106600659779 4.752829121290701 15.074033345448699 0.0 19.31325074437748 51.0 20.078431372549023 1.3744631570159345 0.9709789835588175 3.4864782878754865 0.0 25.479131351944364 184.0 5.565217391304342 1.5894863172198563 1.2270802080309422 4.805157531375327 0.0 26.296705407806034 173.0 5.919075144508673 4.623389552209654 4.626418050729 15.166946884958433 0.0 19.60975946760939 50.0 20.48 1.3501510766573552 0.9269420688520724 3.355582661291501 0.0 25.91747355609074 198.0 5.1717171717171695 1.7429529309938117 1.3719174817411333 5.869339320126588 0.0 26.87745578466636 156.0 6.564102564102572 6.599812247510329 8.555497930014969 28.568402560419546 0.0 23.60727266036167 44.0 23.272727272727266 1.4332177366968049 1.0232835348573401 3.9592310638267834 0.0 25.627157399704128 180.0 5.688888888888894 
363.0005150327869 1.6816435609563603 1.2372752007446044 4.6261065484396156 0.0 25.750202449175955 104.0 9.846153846153836 3.056263059684581 4.12259513383657 13.834661177334347 0.0 15.970947686880438 51.0 20.078431372549026 1.3246991553798906 0.9281394053322238 3.4836138576524758 0.0 26.000875782667034 126.0 8.126984126984144 1.6897048351345454 1.2654047682709335 4.6261065484396156 0.0 26.625738462213345 110.0 9.309090909090905 3.215174161356519 4.115440220494991 13.241912419968985 0.0 16.309553926498698 49.0 20.89795918367347 1.3834591525988875 0.8746406494893674 3.332808309342373 0.0 26.118119880814813 133.0 7.6992481203007515 1.704626005760585 1.350832624994271 5.6352774948562505 0.0 27.65436535017318 110.0 9.309090909090905 3.8649473481133176 6.466106547867601 24.628416408678792 0.0 21.257994108536618 46.0 22.260869565217398 1.410342496680556 0.9965322428027106 3.6016230121356916 0.0 26.215785468000025 126.0 8.126984126984144 0.0 0.0 0.0 0.0 0.0 1.0 1024.0 0.0 0.0 0.0 0.0 0.0 37.0 27.675675675675677 0.0 0.0 0.0 0.0 0.0 1.0 1024.0 0.0 0.0 0.0 0.0 0.0 1.0 1024.0 0.0 0.0 0.0 0.0 0.0 37.0 27.675675675675677 0.0 0.0 0.0 0.0 0.0 1.0 1024.0 0.0 0.0 0.0 0.0 0.0 1.0 1024.0 0.0 0.0 0.0 0.0 0.0 37.0 27.675675675675677 0.0 0.0 0.0 0.0 0.0 1.0 1024.0 1.7994146341717299 1.2081225720586388 4.805157531375327 0.0 25.286479925589646 149.0 6.872483221476517 4.58106600659779 4.752829121290701 15.074033345448699 0.0 19.31325074437748 51.0 20.078431372549023 1.3834532845382594 0.9662471048660553 3.4864782878754865 0.0 25.306913250458557 179.0 5.720670391061458 1.719123888561093 1.2080158490634139 4.805157531375327 0.0 26.01505262350951 160.0 6.400000000000006 4.623389552209654 4.626418050729 15.166946884958433 0.0 19.60975946760939 50.0 20.48 1.3544661416584092 0.9291862884801699 3.355582661291501 0.0 25.846941336049312 196.0 5.224489795918362 1.8420945479958841 1.3651119815631974 5.869339320126588 0.0 26.381452469887225 145.0 7.06206896551723 6.599812247510329 8.555497930014969 28.568402560419546 0.0 23.60727266036167 44.0 23.272727272727266 1.4685772678168236 1.0158776072768176 3.9592310638267834 0.0 25.16905258271956 175.0 5.851428571428562 1.4821718997126845 3.7743625924153417 41.78745222094094 0.0 29.348448643212514 638.0 1.6050156739811945 24.07319097332853 10.878977035411614 36.9901087825193 0.0 13.537096399266316 42.0 24.380952380952376 0.67316311656262 1.058939836325291 4.365364986724842 0.0 29.23826360004977 667.0 1.535232383808098 1.4169618569110516 3.4117222292526472 32.874741622928155 0.0 29.45164062088824 644.0 1.5900621118012397 26.413959054522664 9.991545507772553 41.631810312897706 0.0 9.48347659176922 38.0 26.947368421052634 0.6580914509313256 1.0264785295261905 3.5217069291965686 0.0 29.384316693613304 680.0 1.505882352941178 1.3946511866458113 3.502690858301952 45.01462284090048 0.0 29.345482224521774 641.0 1.5975039001560107 28.13662262744742 5.58675950686399 35.76295777937128 0.0 7.64368178375316 36.0 28.44444444444444 0.6977944404766012 1.0905571814145025 4.365364986724842 0.0 29.32950224089589 666.0 1.5375375375375404 1.6703827868340266 1.2874723607304892 4.805157531375327 0.0 25.35006066343761 156.0 6.5641025641025745 4.58106600659779 4.752829121290701 15.074033345448699 0.0 19.31325074437748 51.0 20.078431372549023 1.3744631570159345 0.9709789835588175 3.4864782878754865 0.0 25.479131351944364 184.0 5.565217391304342 1.6026774418910479 1.222360001816802 4.805157531375327 0.0 26.306770038366903 172.0 5.953488372093016 4.623389552209654 4.626418050729 15.166946884958433 0.0 19.60975946760939 50.0 20.48 1.348828753477244 0.9285214273335778 3.355582661291501 0.0 25.917934016402473 198.0 5.1717171717171695 1.6898300450607047 1.3828214279540452 5.869339320126588 0.0 27.279169786377 161.0 6.36024844720496 6.599812247510329 8.555497930014969 28.568402560419546 0.0 23.60727266036167 44.0 23.272727272727266 1.4316701128147034 1.0242538029569248 3.9592310638267834 0.0 25.597090044956655 180.0 5.688888888888895 
364.0005150327869 1.6816435609563603 1.2372752007446044 4.6261065484396156 0.0 25.750202449175955 104.0 9.846153846153836 3.056263059684581 4.12259513383657 13.834661177334347 0.0 15.970947686880438 51.0 20.078431372549026 1.3246991553798906 0.9281394053322238 3.4836138576524758 0.0 26.000875782667034 126.0 8.126984126984144 1.6897048351345454 1.2654047682709335 4.6261065484396156 0.0 26.625738462213345 110.0 9.309090909090905 3.215174161356519 4.115440220494991 13.241912419968985 0.0 16.309553926498698 49.0 20.89795918367347 1.3834591525988875 0.8746406494893674 3.332808309342373 0.0 26.118119880814813 133.0 7.6992481203007515 1.7185123374342426 1.3491860340510882 5.6352774948562505 0.0 27.603210758859497 109.0 9.394495412844037 3.8649473481133176 6.466106547867601 24.628416408678792 0.0 21.257994108536618 46.0 22.260869565217398 1.410342496680556 0.9965322428027106 3.6016230121356916 0.0 26.215785468000025 126.0 8.126984126984144 0.0 0.0 0.0 0.0 0.0 1.0 1024.0 0.0 0.0 0.0 0.0 0.0 37.0 27.675675675675677 0.0 0.0 0.0 0.0 0.0 1.0 1024.0 0.0 0.0 0.0 0.0 0.0 1.0 1024.0 0.0 0.0 0.0 0.0 0.0 37.0 27.675675675675677 0.0 0.0 0.0 0.0 0.0 1.0 1024.0 0.0 0.0 0.0 0.0 0.0 1.0 1024.0 0.0 0.0 0.0 0.0 0.0 37.0 27.675675675675677 0.0 0.0 0.0 0.0 0.0 1.0 1024.0 1.7994146341717299 1.2081225720586388 4.805157531375327 0.0 25.286479925589646 149.0 6.872483221476517 4.58106600659779 4.752829121290701 15.074033345448699 0.0 19.31325074437748 51.0 20.078431372549023 1.3834532845382594 0.9662471048660553 3.4864782878754865 0.0 25.306913250458557 179.0 5.720670391061458 1.719123888561093 1.2080158490634139 4.805157531375327 0.0 26.01505262350951 160.0 6.400000000000006 4.623389552209654 4.626418050729 15.166946884958433 0.0 19.60975946760939 50.0 20.48 1.354436924436838 0.9292366007447828 3.355582661291501 0.0 25.847147871676153 196.0 5.224489795918362 1.8420945479958841 1.3651119815631974 5.869339320126588 0.0 26.381452469887225 145.0 7.06206896551723 6.599812247510329 8.555497930014969 28.568402560419546 0.0 23.60727266036167 44.0 23.272727272727266 1.4685772678168236 1.0158776072768176 3.9592310638267834 0.0 25.16905258271956 175.0 5.851428571428562 1.4821718997126845 3.7743625924153417 41.78745222094094 0.0 29.348448643212514 638.0 1.6050156739811945 24.07319097332853 10.878977035411614 36.9901087825193 0.0 13.537096399266316 42.0 24.380952380952376 0.67316311656262 1.058939836325291 4.365364986724842 0.0 29.23826360004977 667.0 1.535232383808098 1.4169618569110516 3.4117222292526472 32.874741622928155 0.0 29.45164062088824 644.0 1.5900621118012397 26.413959054522664 9.991545507772553 41.631810312897706 0.0 9.48347659176922 38.0 26.947368421052634 0.6580914509313256 1.0264785295261905 3.5217069291965686 0.0 29.384316693613304 680.0 1.505882352941178 1.3946511866458113 3.502690858301952 45.01462284090048 0.0 29.345482224521774 641.0 1.5975039001560107 28.13662262744742 5.58675950686399 35.76295777937128 0.0 7.64368178375316 36.0 28.44444444444444 0.6977944404766012 1.0905571814145025 4.365364986724842 0.0 29.32950224089589 666.0 1.5375375375375404 1.6601552487820241 1.2898633130914683 4.805157531375327 0.0 25.33990008775441 157.0 6.522292993630575 4.58106600659779 4.752829121290701 15.074033345448699 0.0 19.31325074437748 51.0 20.078431372549023 1.3675361565143647 0.9730387302553541 3.4864782878754865 0.0 25.463421870965732 185.0 5.535135135135135 1.6028951234416682 1.2220585031522375 4.805157531375327 0.0 26.307930593611378 172.0 5.953488372093016 4.623389552209654 4.626418050729 15.166946884958433 0.0 19.60975946760939 50.0 20.48 1.348828753477244 0.9285214273335778 3.355582661291501 0.0 25.917934016402473 198.0 5.1717171717171695 1.7792654009355515 1.3602147548158163 5.869339320126588 0.0 26.601191281397476 153.0 6.6928104575163445 6.599812247510329 8.555497930014969 28.568402560419546 0.0 23.60727266036167 44.0 23.272727272727266 1.4303939075186467 1.025481892144237 3.9592310638267834 0.0 25.59017875665134 180.0 5.688888888888896 
365.0005150327869 1.6816435609563603 1.2372752007446044 4.6261065484396156 0.0 25.750202449175955 104.0 9.846153846153836 3.056263059684581 4.12259513383657 13.834661177334347 0.0 15.970947686880438 51.0 20.078431372549026 1.3246991553798906 0.9281394053322238 3.4836138576524758 0.0 26.000875782667034 126.0 8.126984126984144 1.6897048351345454 1.2654047682709335 4.6261065484396156 0.0 26.625738462213345 110.0 9.309090909090905 3.215174161356519 4.115440220494991 13.241912419968985 0.0 16.309553926498698 49.0 20.89795918367347 1.3834591525988875 0.8746406494893674 3.332808309342373 0.0 26.118119880814813 133.0 7.6992481203007515 1.7185123374342426 1.3491860340510882 5.6352774948562505 0.0 27.603210758859497 109.0 9.394495412844037 3.8649473481133176 6.466106547867601 24.628416408678792 0.0 21.257994108536618 46.0 22.260869565217398 1.410342496680556 0.9965322428027106 3.6016230121356916 0.0 26.215785468000025 126.0 8.126984126984144 0.0 0.0 0.0 0.0 0.0 1.0 1024.0 0.0 0.0 0.0 0.0 0.0 37.0 27.675675675675677 0.0 0.0 0.0 0.0 0.0 1.0 1024.0 0.0 0.0 0.0 0.0 0.0 1.0 1024.0 0.0 0.0 0.0 0.0 0.0 37.0 27.675675675675677 0.0 0.0 0.0 0.0 0.0 1.0 1024.0 0.0 0.0 0.0 0.0 0.0 1.0 1024.0 0.0 0.0 0.0 0.0 0.0 37.0 27.675675675675677 0.0 0.0 0.0 0.0 0.0 1.0 1024.0 1.7994146341717299 1.2081225720586388 4.805157531375327 0.0 25.286479925589646 149.0 6.872483221476517 4.58106600659779 4.752829121290701 15.074033345448699 0.0 19.31325074437748 51.0 20.078431372549023 1.3834532845382594 0.9662471048660553 3.4864782878754865 0.0 25.306913250458557 179.0 5.720670391061458 1.719123888561093 1.2080158490634139 4.805157531375327 0.0 26.01505262350951 160.0 6.400000000000006 4.623389552209654 4.626418050729 15.166946884958433 0.0 19.60975946760939 50.0 20.48 1.354436924436838 0.9292366007447828 3.355582661291501 0.0 25.847147871676153 196.0 5.224489795918362 1.8420945479958841 1.3651119815631974 5.869339320126588 0.0 26.381452469887225 145.0 7.06206896551723 6.599812247510329 8.555497930014969 28.568402560419546 0.0 23.60727266036167 44.0 23.272727272727266 1.4685772678168236 1.0158776072768176 3.9592310638267834 0.0 25.16905258271956 175.0 5.851428571428562 1.4821718997126845 3.7743625924153417 41.78745222094094 0.0 29.348448643212514 638.0 1.6050156739811945 24.07319097332853 10.878977035411614 36.9901087825193 0.0 13.537096399266316 42.0 24.380952380952376 0.67316311656262 1.058939836325291 4.365364986724842 0.0 29.23826360004977 667.0 1.535232383808098 1.4169618569110516 3.4117222292526472 32.874741622928155 0.0 29.45164062088824 644.0 1.5900621118012397 26.413959054522664 9.991545507772553 41.631810312897706 0.0 9.48347659176922 38.0 26.947368421052634 0.6580914509313256 1.0264785295261905 3.5217069291965686 0.0 29.384316693613304 680.0 1.505882352941178 1.3946511866458113 3.502690858301952 45.01462284090048 0.0 29.345482224521774 641.0 1.5975039001560107 28.13662262744742 5.58675950686399 35.76295777937128 0.0 7.64368178375316 36.0 28.44444444444444 0.6977944404766012 1.0905571814145025 4.365364986724842 0.0 29.32950224089589 666.0 1.5375375375375404 1.6609194665788733 1.2856952487513613 4.805157531375327 0.0 25.352967977369826 157.0 6.522292993630575 4.58106600659779 4.752829121290701 15.074033345448699 0.0 19.31325074437748 51.0 20.078431372549023 1.3732245563537193 0.968113084095654 3.4864782878754865 0.0 25.476110905423656 185.0 5.535135135135135 1.6116492097593433 1.2196575212024316 4.805157531375327 0.0 26.325083416010987 171.0 5.988304093567251 4.623389552209654 4.626418050729 15.166946884958433 0.0 19.60975946760939 50.0 20.48 1.348828753477244 0.9285214273335778 3.355582661291501 0.0 25.917934016402473 198.0 5.1717171717171695 1.8006753622359724 1.3564246347108881 5.869339320126588 0.0 26.392402913779428 151.0 6.781456953642389 6.599812247510329 8.555497930014969 28.568402560419546 0.0 23.60727266036167 44.0 23.272727272727266 1.4317345567576016 1.0240139312940382 3.9592310638267834 0.0 25.596356280065695 180.0 5.688888888888896 
366.0005150327869 1.6816435609563603 1.2372752007446044 4.6261065484396156 0.0 25.750202449175955 104.0 9.846153846153836 3.056263059684581 4.12259513383657 13.834661177334347 0.0 15.970947686880438 51.0 20.078431372549026 1.3246991553798906 0.9281394053322238 3.4836138576524758 0.0 26.000875782667034 126.0 8.126984126984144 1.6897048351345454 1.2654047682709335 4.6261065484396156 0.0 26.625738462213345 110.0 9.309090909090905 3.215174161356519 4.115440220494991 13.241912419968985 0.0 16.309553926498698 49.0 20.89795918367347 1.3834591525988875 0.8746406494893674 3.332808309342373 0.0 26.118119880814813 133.0 7.6992481203007515 1.7185123374342426 1.3491860340510882 5.6352774948562505 0.0 27.603210758859497 109.0 9.394495412844037 3.8649473481133176 6.466106547867601 24.628416408678792 0.0 21.257994108536618 46.0 22.260869565217398 1.410342496680556 0.9965322428027106 3.6016230121356916 0.0 26.215785468000025 126.0 8.126984126984144 0.0 0.0 0.0 0.0 0.0 1.0 1024.0 0.0 0.0 0.0 0.0 0.0 37.0 27.675675675675677 0.0 0.0 0.0 0.0 0.0 1.0 1024.0 0.0 0.0 0.0 0.0 0.0 1.0 1024.0 0.0 0.0 0.0 0.0 0.0 37.0 27.675675675675677 0.0 0.0 0.0 0.0 0.0 1.0 1024.0 0.0 0.0 0.0 0.0 0.0 1.0 1024.0 0.0 0.0 0.0 0.0 0.0 37.0 27.675675675675677 0.0 0.0 0.0 0.0 0.0 1.0 1024.0 1.7994146341717299 1.2081225720586388 4.805157531375327 0.0 25.286479925589646 149.0 6.872483221476517 4.58106600659779 4.752829121290701 15.074033345448699 0.0 19.31325074437748 51.0 20.078431372549023 1.3834532845382594 0.9662471048660553 3.4864782878754865 0.0 25.306913250458557 179.0 5.720670391061458 1.719123888561093 1.2080158490634139 4.805157531375327 0.0 26.01505262350951 160.0 6.400000000000006 4.623389552209654 4.626418050729 15.166946884958433 0.0 19.60975946760939 50.0 20.48 1.3544290591345338 0.9292674985423466 3.355582661291501 0.0 25.8474976578174 196.0 5.224489795918362 1.8420945479958841 1.3651119815631974 5.869339320126588 0.0 26.381452469887225 145.0 7.06206896551723 6.599812247510329 8.555497930014969 28.568402560419546 0.0 23.60727266036167 44.0 23.272727272727266 1.4685772678168236 1.0158776072768176 3.9592310638267834 0.0 25.16905258271956 175.0 5.851428571428562 1.4821718997126845 3.7743625924153417 41.78745222094094 0.0 29.348448643212514 638.0 1.6050156739811945 24.07319097332853 10.878977035411614 36.9901087825193 0.0 13.537096399266316 42.0 24.380952380952376 0.67316311656262 1.058939836325291 4.365364986724842 0.0 29.23826360004977 667.0 1.535232383808098 1.4169618569110516 3.4117222292526472 32.874741622928155 0.0 29.45164062088824 644.0 1.5900621118012397 26.413959054522664 9.991545507772553 41.631810312897706 0.0 9.48347659176922 38.0 26.947368421052634 0.6580914509313256 1.0264785295261905 3.5217069291965686 0.0 29.384316693613304 680.0 1.505882352941178 1.3946511866458113 3.502690858301952 45.01462284090048 0.0 29.345482224521774 641.0 1.5975039001560107 28.13662262744742 5.58675950686399 35.76295777937128 0.0 7.64368178375316 36.0 28.44444444444444 0.6977944404766012 1.0905571814145025 4.365364986724842 0.0 29.32950224089589 666.0 1.5375375375375404 1.664021049102435 1.285862191303247 4.805157531375327 0.0 25.364919009174145 157.0 6.522292993630575 4.58106600659779 4.752829121290701 15.074033345448699 0.0 19.31325074437748 51.0 20.078431372549023 1.3679530107988973 0.9678431282873367 3.4864782878754865 0.0 25.490544635946673 185.0 5.535135135135135 1.6115252044069353 1.2197696318152065 4.805157531375327 0.0 26.32613361384717 171.0 5.988304093567251 4.623389552209654 4.626418050729 15.166946884958433 0.0 19.60975946760939 50.0 20.48 1.3551283443582987 0.9258677054503427 3.355582661291501 0.0 25.868235348673547 197.0 5.197969543147214 1.74294889677172 1.371921873842262 5.869339320126588 0.0 26.877413041624692 156.0 6.564102564102572 6.599812247510329 8.555497930014969 28.568402560419546 0.0 23.60727266036167 44.0 23.272727272727266 1.4122921284429146 1.0331402158902814 3.9592310638267834 0.0 25.789556419474604 182.0 5.626373626373634 
367.0005150327869 1.6816435609563603 1.2372752007446044 4.6261065484396156 0.0 25.750202449175955 104.0 9.846153846153836 3.056263059684581 4.12259513383657 13.834661177334347 0.0 15.970947686880438 51.0 20.078431372549026 1.3246991553798906 0.9281394053322238 3.4836138576524758 0.0 26.000875782667034 126.0 8.126984126984144 1.6897048351345454 1.2654047682709335 4.6261065484396156 0.0 26.625738462213345 110.0 9.309090909090905 3.215174161356519 4.115440220494991 13.241912419968985 0.0 16.309553926498698 49.0 20.89795918367347 1.3628302508094996 0.8843452603951052 3.332808309342373 0.0 26.273473451021083 135.0 7.5851851851851775 1.7185123374342426 1.3491860340510882 5.6352774948562505 0.0 27.603210758859497 109.0 9.394495412844037 3.8649473481133176 6.466106547867601 24.628416408678792 0.0 21.257994108536618 46.0 22.260869565217398 1.410342496680556 0.9965322428027106 3.6016230121356916 0.0 26.215785468000025 126.0 8.126984126984144 0.0 0.0 0.0 0.0 0.0 1.0 1024.0 0.0 0.0 0.0 0.0 0.0 37.0 27.675675675675677 0.0 0.0 0.0 0.0 0.0 1.0 1024.0 0.0 0.0 0.0 0.0 0.0 1.0 1024.0 0.0 0.0 0.0 0.0 0.0 37.0 27.675675675675677 0.0 0.0 0.0 0.0 0.0 1.0 1024.0 0.0 0.0 0.0 0.0 0.0 1.0 1024.0 0.0 0.0 0.0 0.0 0.0 37.0 27.675675675675677 0.0 0.0 0.0 0.0 0.0 1.0 1024.0 1.7994146341717299 1.2081225720586388 4.805157531375327 0.0 25.286479925589646 149.0 6.872483221476517 4.58106600659779 4.752829121290701 15.074033345448699 0.0 19.31325074437748 51.0 20.078431372549023 1.3834532845382594 0.9662471048660553 3.4864782878754865 0.0 25.306913250458557 179.0 5.720670391061458 1.719123888561093 1.2080158490634139 4.805157531375327 0.0 26.01505262350951 160.0 6.400000000000006 4.623389552209654 4.626418050729 15.166946884958433 0.0 19.60975946760939 50.0 20.48 1.3614056653013034 0.9265244857932537 3.355582661291501 0.0 25.771921073685526 195.0 5.251282051282048 1.8420945479958841 1.3651119815631974 5.869339320126588 0.0 26.381452469887225 145.0 7.06206896551723 6.599812247510329 8.555497930014969 28.568402560419546 0.0 23.60727266036167 44.0 23.272727272727266 1.4685772678168236 1.0158776072768176 3.9592310638267834 0.0 25.16905258271956 175.0 5.851428571428562 1.4821718997126845 3.7743625924153417 41.78745222094094 0.0 29.348448643212514 638.0 1.6050156739811945 24.07319097332853 10.878977035411614 36.9901087825193 0.0 13.537096399266316 42.0 24.380952380952376 0.67316311656262 1.058939836325291 4.365364986724842 0.0 29.23826360004977 667.0 1.535232383808098 1.4169618569110516 3.4117222292526472 32.874741622928155 0.0 29.45164062088824 644.0 1.5900621118012397 26.413959054522664 9.991545507772553 41.631810312897706 0.0 9.48347659176922 38.0 26.947368421052634 0.6580914509313256 1.0264785295261905 3.5217069291965686 0.0 29.384316693613304 680.0 1.505882352941178 1.3946511866458113 3.502690858301952 45.01462284090048 0.0 29.345482224521774 641.0 1.5975039001560107 28.13662262744742 5.58675950686399 35.76295777937128 0.0 7.64368178375316 36.0 28.44444444444444 0.6977944404766012 1.0905571814145025 4.365364986724842 0.0 29.32950224089589 666.0 1.5375375375375404 1.6500164432088444 1.292553552792963 4.805157531375327 0.0 25.387800083634747 158.0 6.481012658227857 4.58106600659779 4.752829121290701 15.074033345448699 0.0 19.31325074437748 51.0 20.078431372549023 1.368810175711061 0.9678982102817599 3.4864782878754865 0.0 25.493483589991918 185.0 5.535135135135135 1.6021189092483596 1.2224272209869007 4.805157531375327 0.0 26.39376882334918 172.0 5.953488372093016 4.623389552209654 4.626418050729 15.166946884958433 0.0 19.60975946760939 50.0 20.48 1.3548643664402829 0.9258549688995672 3.355582661291501 0.0 25.867737320240227 197.0 5.197969543147214 1.6898300450607047 1.3828214279540452 5.869339320126588 0.0 27.279169786377 161.0 6.36024844720496 6.599812247510329 8.555497930014969 28.568402560419546 0.0 23.60727266036167 44.0 23.272727272727266 1.420557637344666 1.0304631556000543 3.9592310638267834 0.0 25.701152589648107 181.0 5.657458563535922 
368.0005150327869 1.6816435609563603 1.2372752007446044 4.6261065484396156 0.0 25.750202449175955 104.0 9.846153846153836 3.056263059684581 4.12259513383657 13.834661177334347 0.0 15.970947686880438 51.0 20.078431372549026 1.3246991553798906 0.9281394053322238 3.4836138576524758 0.0 26.000875782667034 126.0 8.126984126984144 1.6897048351345454 1.2654047682709335 4.6261065484396156 0.0 26.625738462213345 110.0 9.309090909090905 3.215174161356519 4.115440220494991 13.241912419968985 0.0 16.309553926498698 49.0 20.89795918367347 1.3628302508094996 0.8843452603951052 3.332808309342373 0.0 26.273473451021083 135.0 7.5851851851851775 1.7185123374342426 1.3491860340510882 5.6352774948562505 0.0 27.603210758859497 109.0 9.394495412844037 3.8649473481133176 6.466106547867601 24.628416408678792 0.0 21.257994108536618 46.0 22.260869565217398 1.410342496680556 0.9965322428027106 3.6016230121356916 0.0 26.215785468000025 126.0 8.126984126984144 0.0 0.0 0.0 0.0 0.0 1.0 1024.0 0.0 0.0 0.0 0.0 0.0 37.0 27.675675675675677 0.0 0.0 0.0 0.0 0.0 1.0 1024.0 0.0 0.0 0.0 0.0 0.0 1.0 1024.0 0.0 0.0 0.0 0.0 0.0 37.0 27.675675675675677 0.0 0.0 0.0 0.0 0.0 1.0 1024.0 0.0 0.0 0.0 0.0 0.0 1.0 1024.0 0.0 0.0 0.0 0.0 0.0 37.0 27.675675675675677 0.0 0.0 0.0 0.0 0.0 1.0 1024.0 1.7994146341717299 1.2081225720586388 4.805157531375327 0.0 25.286479925589646 149.0 6.872483221476517 4.58106600659779 4.752829121290701 15.074033345448699 0.0 19.31325074437748 51.0 20.078431372549023 1.3834532845382594 0.9662471048660553 3.4864782878754865 0.0 25.306913250458557 179.0 5.720670391061458 1.719123888561093 1.2080158490634139 4.805157531375327 0.0 26.01505262350951 160.0 6.400000000000006 4.623389552209654 4.626418050729 15.166946884958433 0.0 19.60975946760939 50.0 20.48 1.3614056653013034 0.9265244857932537 3.355582661291501 0.0 25.771921073685526 195.0 5.251282051282048 1.8420945479958841 1.3651119815631974 5.869339320126588 0.0 26.381452469887225 145.0 7.06206896551723 6.599812247510329 8.555497930014969 28.568402560419546 0.0 23.60727266036167 44.0 23.272727272727266 1.4685772678168236 1.0158776072768176 3.9592310638267834 0.0 25.16905258271956 175.0 5.851428571428562 1.4821718997126845 3.7743625924153417 41.78745222094094 0.0 29.348448643212514 638.0 1.6050156739811945 24.07319097332853 10.878977035411614 36.9901087825193 0.0 13.537096399266316 42.0 24.380952380952376 0.67316311656262 1.058939836325291 4.365364986724842 0.0 29.23826360004977 667.0 1.535232383808098 1.4169618569110516 3.4117222292526472 32.874741622928155 0.0 29.45164062088824 644.0 1.5900621118012397 26.413959054522664 9.991545507772553 41.631810312897706 0.0 9.48347659176922 38.0 26.947368421052634 0.6580914509313256 1.0264785295261905 3.5217069291965686 0.0 29.384316693613304 680.0 1.505882352941178 1.3946511866458113 3.502690858301952 45.01462284090048 0.0 29.345482224521774 641.0 1.5975039001560107 28.13662262744742 5.58675950686399 35.76295777937128 0.0 7.64368178375316 36.0 28.44444444444444 0.6977944404766012 1.0905571814145025 4.365364986724842 0.0 29.32950224089589 666.0 1.5375375375375404 1.6787202179736649 1.2806886482176059 4.805157531375327 0.0 25.336578946458914 156.0 6.564102564102574 4.58106600659779 4.752829121290701 15.074033345448699 0.0 19.31325074437748 51.0 20.078431372549023 1.3585556716639382 0.9692334553712811 3.4864782878754865 0.0 25.53316068089626 187.0 5.475935828877002 1.6021189092483596 1.2224272209869007 4.805157531375327 0.0 26.39376882334918 172.0 5.953488372093016 4.623389552209654 4.626418050729 15.166946884958433 0.0 19.60975946760939 50.0 20.48 1.3547408097680795 0.925860786753536 3.355582661291501 0.0 25.86870403153574 197.0 5.197969543147214 1.767887483130378 1.3634691525596225 5.869339320126588 0.0 26.56850578033752 154.0 6.649350649350648 6.599812247510329 8.555497930014969 28.568402560419546 0.0 23.60727266036167 44.0 23.272727272727266 1.437013389486256 1.022435937298982 3.9592310638267834 0.0 25.613671737118278 180.0 5.688888888888894 
369.0005150327869 1.681705019929256 1.2372225743241094 4.6261065484396156 0.0 25.75051681216401 104.0 9.846153846153836 3.056263059684581 4.12259513383657 13.834661177334347 0.0 15.970947686880438 51.0 20.078431372549026 1.3246991553798906 0.9281394053322238 3.4836138576524758 0.0 26.000875782667034 126.0 8.126984126984144 1.6897048351345454 1.2654047682709335 4.6261065484396156 0.0 26.625738462213345 110.0 9.309090909090905 3.215174161356519 4.115440220494991 13.241912419968985 0.0 16.309553926498698 49.0 20.89795918367347 1.362959971528198 0.8841421136058889 3.332808309342373 0.0 26.273722236382422 135.0 7.5851851851851775 1.7185123374342426 1.3491860340510882 5.6352774948562505 0.0 27.603210758859497 109.0 9.394495412844037 3.8649473481133176 6.466106547867601 24.628416408678792 0.0 21.257994108536618 46.0 22.260869565217398 1.410342496680556 0.9965322428027106 3.6016230121356916 0.0 26.215785468000025 126.0 8.126984126984144 0.0 0.0 0.0 0.0 0.0 1.0 1024.0 0.0 0.0 0.0 0.0 0.0 37.0 27.675675675675677 0.0 0.0 0.0 0.0 0.0 1.0 1024.0 0.0 0.0 0.0 0.0 0.0 1.0 1024.0 0.0 0.0 0.0 0.0 0.0 37.0 27.675675675675677 0.0 0.0 0.0 0.0 0.0 1.0 1024.0 0.0 0.0 0.0 0.0 0.0 1.0 1024.0 0.0 0.0 0.0 0.0 0.0 37.0 27.675675675675677 0.0 0.0 0.0 0.0 0.0 1.0 1024.0 1.7994146341717299 1.2081225720586388 4.805157531375327 0.0 25.286479925589646 149.0 6.872483221476517 4.58106600659779 4.752829121290701 15.074033345448699 0.0 19.31325074437748 51.0 20.078431372549023 1.3834532845382594 0.9662471048660553 3.4864782878754865 0.0 25.306913250458557 179.0 5.720670391061458 1.719123888561093 1.2080158490634139 4.805157531375327 0.0 26.01505262350951 160.0 6.400000000000006 4.623389552209654 4.626418050729 15.166946884958433 0.0 19.60975946760939 50.0 20.48 1.3614056653013034 0.9265244857932537 3.355582661291501 0.0 25.771921073685526 195.0 5.251282051282048 1.8420945479958841 1.3651119815631974 5.869339320126588 0.0 26.381452469887225 145.0 7.06206896551723 6.599812247510329 8.555497930014969 28.568402560419546 0.0 23.60727266036167 44.0 23.272727272727266 1.4685772678168236 1.0158776072768176 3.9592310638267834 0.0 25.16905258271956 175.0 5.851428571428562 1.4821718997126845 3.7743625924153417 41.78745222094094 0.0 29.348448643212514 638.0 1.6050156739811945 24.07319097332853 10.878977035411614 36.9901087825193 0.0 13.537096399266316 42.0 24.380952380952376 0.67316311656262 1.058939836325291 4.365364986724842 0.0 29.23826360004977 667.0 1.535232383808098 1.4169618569110516 3.4117222292526472 32.874741622928155 0.0 29.45164062088824 644.0 1.5900621118012397 26.413959054522664 9.991545507772553 41.631810312897706 0.0 9.48347659176922 38.0 26.947368421052634 0.6580914509313256 1.0264785295261905 3.5217069291965686 0.0 29.384316693613304 680.0 1.505882352941178 1.3946511866458113 3.502690858301952 45.01462284090048 0.0 29.345482224521774 641.0 1.5975039001560107 28.13662262744742 5.58675950686399 35.76295777937128 0.0 7.64368178375316 36.0 28.44444444444444 0.6977944404766012 1.0905571814145025 4.365364986724842 0.0 29.32950224089589 666.0 1.5375375375375404 1.6820633855038194 1.2814628475759793 4.805157531375327 0.0 25.354674389751803 156.0 6.564102564102574 4.58106600659779 4.752829121290701 15.074033345448699 0.0 19.31325074437748 51.0 20.078431372549023 1.3471123430002894 0.9760451870928041 3.4864782878754865 0.0 25.550736074125663 189.0 5.417989417989418 1.6056116563820446 1.2227087528661365 4.805157531375327 0.0 26.41280803318798 172.0 5.953488372093016 4.623389552209654 4.626418050729 15.166946884958433 0.0 19.60975946760939 50.0 20.48 1.3547408097680795 0.925860786753536 3.355582661291501 0.0 25.86870403153574 197.0 5.197969543147214 1.8088582406639973 1.3558615466375852 5.869339320126588 0.0 26.383013513471504 152.0 6.736842105263154 6.599812247510329 8.555497930014969 28.568402560419546 0.0 23.60727266036167 44.0 23.272727272727266 1.4268595814206633 1.025370296940355 3.9592310638267834 0.0 25.708922405592915 181.0 5.657458563535922 
370.0005150327869 1.681534388279682 1.2374126601928224 4.6261065484396156 0.0 25.75044003795279 104.0 9.846153846153836 3.056263059684581 4.12259513383657 13.834661177334347 0.0 15.970947686880438 51.0 20.078431372549026 1.3246991553798906 0.9281394053322238 3.4836138576524758 0.0 26.000875782667034 126.0 8.126984126984144 1.6897048351345454 1.2654047682709335 4.6261065484396156 0.0 26.625738462213345 110.0 9.309090909090905 3.215174161356519 4.115440220494991 13.241912419968985 0.0 16.309553926498698 49.0 20.89795918367347 1.362959971528198 0.8841421136058889 3.332808309342373 0.0 26.273722236382422 135.0 7.5851851851851775 1.7185123374342426 1.3491860340510882 5.6352774948562505 0.0 27.603210758859497 109.0 9.394495412844037 3.8649473481133176 6.466106547867601 24.628416408678792 0.0 21.257994108536618 46.0 22.260869565217398 1.410342496680556 0.9965322428027106 3.6016230121356916 0.0 26.215785468000025 126.0 8.126984126984144 0.0 0.0 0.0 0.0 0.0 1.0 1024.0 0.0 0.0 0.0 0.0 0.0 37.0 27.675675675675677 0.0 0.0 0.0 0.0 0.0 1.0 1024.0 0.0 0.0 0.0 0.0 0.0 1.0 1024.0 0.0 0.0 0.0 0.0 0.0 37.0 27.675675675675677 0.0 0.0 0.0 0.0 0.0 1.0 1024.0 0.0 0.0 0.0 0.0 0.0 1.0 1024.0 0.0 0.0 0.0 0.0 0.0 37.0 27.675675675675677 0.0 0.0 0.0 0.0 0.0 1.0 1024.0 1.7994146341717299 1.2081225720586388 4.805157531375327 0.0 25.286479925589646 149.0 6.872483221476517 4.58106600659779 4.752829121290701 15.074033345448699 0.0 19.31325074437748 51.0 20.078431372549023 1.3834532845382594 0.9662471048660553 3.4864782878754865 0.0 25.306913250458557 179.0 5.720670391061458 1.719123888561093 1.2080158490634139 4.805157531375327 0.0 26.01505262350951 160.0 6.400000000000006 4.623389552209654 4.626418050729 15.166946884958433 0.0 19.60975946760939 50.0 20.48 1.3614056653013034 0.9265244857932537 3.355582661291501 0.0 25.771921073685526 195.0 5.251282051282048 1.8420945479958841 1.3651119815631974 5.869339320126588 0.0 26.381452469887225 145.0 7.06206896551723 6.599812247510329 8.555497930014969 28.568402560419546 0.0 23.60727266036167 44.0 23.272727272727266 1.4685772678168236 1.0158776072768176 3.9592310638267834 0.0 25.16905258271956 175.0 5.851428571428562 1.4821718997126845 3.7743625924153417 41.78745222094094 0.0 29.348448643212514 638.0 1.6050156739811945 24.07319097332853 10.878977035411614 36.9901087825193 0.0 13.537096399266316 42.0 24.380952380952376 0.67316311656262 1.058939836325291 4.365364986724842 0.0 29.23826360004977 667.0 1.535232383808098 1.4169618569110516 3.4117222292526472 32.874741622928155 0.0 29.45164062088824 644.0 1.5900621118012397 26.413959054522664 9.991545507772553 41.631810312897706 0.0 9.48347659176922 38.0 26.947368421052634 0.6580914509313256 1.0264785295261905 3.5217069291965686 0.0 29.384316693613304 680.0 1.505882352941178 1.3946511866458113 3.502690858301952 45.01462284090048 0.0 29.345482224521774 641.0 1.5975039001560107 28.13662262744742 5.58675950686399 35.76295777937128 0.0 7.64368178375316 36.0 28.44444444444444 0.6977944404766012 1.0905571814145025 4.365364986724842 0.0 29.32950224089589 666.0 1.5375375375375404 1.6709491598685875 1.2849398310271323 4.805157531375327 0.0 25.353934608479147 157.0 6.522292993630575 4.58106600659779 4.752829121290701 15.074033345448699 0.0 19.31325074437748 51.0 20.078431372549023 1.3879756673471373 0.9651403748211739 3.4864782878754865 0.0 25.52547841660755 186.0 5.505376344086026 1.6164696512591181 1.2209977365613305 4.805157531375327 0.0 26.41394458194409 171.0 5.988304093567251 4.623389552209654 4.626418050729 15.166946884958433 0.0 19.60975946760939 50.0 20.48 1.3548902860863759 0.9258564908923224 3.355582661291501 0.0 25.868378796072683 197.0 5.197969543147213 1.7330824395738904 1.3759698437757215 5.869339320126588 0.0 26.874924616085305 157.0 6.522292993630575 6.599812247510329 8.555497930014969 28.568402560419546 0.0 23.60727266036167 44.0 23.272727272727266 1.4250421591551485 1.0261879360949957 3.9592310638267834 0.0 25.707008726449725 181.0 5.657458563535922 
371.0005150327869 1.681534388279682 1.2374126601928224 4.6261065484396156 0.0 25.75044003795279 104.0 9.846153846153836 3.056263059684581 4.12259513383657 13.834661177334347 0.0 15.970947686880438 51.0 20.078431372549026 1.3246991553798906 0.9281394053322238 3.4836138576524758 0.0 26.000875782667034 126.0 8.126984126984144 1.6897048351345454 1.2654047682709335 4.6261065484396156 0.0 26.625738462213345 110.0 9.309090909090905 3.215174161356519 4.115440220494991 13.241912419968985 0.0 16.309553926498698 49.0 20.89795918367347 1.362959971528198 0.8841421136058889 3.332808309342373 0.0 26.273722236382422 135.0 7.5851851851851775 1.7185123374342426 1.3491860340510882 5.6352774948562505 0.0 27.603210758859497 109.0 9.394495412844037 3.8649473481133176 6.466106547867601 24.628416408678792 0.0 21.257994108536618 46.0 22.260869565217398 1.410342496680556 0.9965322428027106 3.6016230121356916 0.0 26.215785468000025 126.0 8.126984126984144 0.0 0.0 0.0 0.0 0.0 1.0 1024.0 0.0 0.0 0.0 0.0 0.0 37.0 27.675675675675677 0.0 0.0 0.0 0.0 0.0 1.0 1024.0 0.0 0.0 0.0 0.0 0.0 1.0 1024.0 0.0 0.0 0.0 0.0 0.0 37.0 27.675675675675677 0.0 0.0 0.0 0.0 0.0 1.0 1024.0 0.0 0.0 0.0 0.0 0.0 1.0 1024.0 0.0 0.0 0.0 0.0 0.0 37.0 27.675675675675677 0.0 0.0 0.0 0.0 0.0 1.0 1024.0 1.7994146341717299 1.2081225720586388 4.805157531375327 0.0 25.286479925589646 149.0 6.872483221476517 4.58106600659779 4.752829121290701 15.074033345448699 0.0 19.31325074437748 51.0 20.078431372549023 1.3834532845382594 0.9662471048660553 3.4864782878754865 0.0 25.306913250458557 179.0 5.720670391061458 1.719123888561093 1.2080158490634139 4.805157531375327 0.0 26.01505262350951 160.0 6.400000000000006 4.623389552209654 4.626418050729 15.166946884958433 0.0 19.60975946760939 50.0 20.48 1.3614056653013034 0.9265244857932537 3.355582661291501 0.0 25.771921073685526 195.0 5.251282051282048 1.8420945479958841 1.3651119815631974 5.869339320126588 0.0 26.381452469887225 145.0 7.06206896551723 6.599812247510329 8.555497930014969 28.568402560419546 0.0 23.60727266036167 44.0 23.272727272727266 1.4685772678168236 1.0158776072768176 3.9592310638267834 0.0 25.16905258271956 175.0 5.851428571428562 1.4821718997126845 3.7743625924153417 41.78745222094094 0.0 29.348448643212514 638.0 1.6050156739811945 24.07319097332853 10.878977035411614 36.9901087825193 0.0 13.537096399266316 42.0 24.380952380952376 0.67316311656262 1.058939836325291 4.365364986724842 0.0 29.23826360004977 667.0 1.535232383808098 1.4169618569110516 3.4117222292526472 32.874741622928155 0.0 29.45164062088824 644.0 1.5900621118012397 26.413959054522664 9.991545507772553 41.631810312897706 0.0 9.48347659176922 38.0 26.947368421052634 0.6580914509313256 1.0264785295261905 3.5217069291965686 0.0 29.384316693613304 680.0 1.505882352941178 1.3946511866458113 3.502690858301952 45.01462284090048 0.0 29.345482224521774 641.0 1.5975039001560107 28.13662262744742 5.58675950686399 35.76295777937128 0.0 7.64368178375316 36.0 28.44444444444444 0.6977944404766012 1.0905571814145025 4.365364986724842 0.0 29.32950224089589 666.0 1.5375375375375404 1.665651871987743 1.2881456126207191 4.805157531375327 0.0 25.352834979458116 157.0 6.522292993630575 4.58106600659779 4.752829121290701 15.074033345448699 0.0 19.31325074437748 51.0 20.078431372549023 1.369959116526917 0.9561579758536111 3.4864782878754865 0.0 25.477734662065394 184.0 5.565217391304345 1.6289847282366368 1.2206944903914931 4.805157531375327 0.0 26.26993906830103 169.0 6.05917159763314 4.623389552209654 4.626418050729 15.166946884958433 0.0 19.60975946760939 50.0 20.48 1.3338209864018957 0.9340951842128805 3.355582661291501 0.0 25.97180148697414 200.0 5.1199999999999966 1.693130898860124 1.3855112410909771 5.869339320126588 0.0 27.27575133910101 161.0 6.36024844720496 6.599812247510329 8.555497930014969 28.568402560419546 0.0 23.60727266036167 44.0 23.272727272727266 1.4227803162361599 1.0281026695446225 3.9592310638267834 0.0 25.70517724667242 181.0 5.657458563535922 
372.0005150327869 1.681514579777256 1.237434801311765 4.6261065484396156 0.0 25.751013398817438 104.0 9.846153846153836 3.056263059684581 4.12259513383657 13.834661177334347 0.0 15.970947686880438 51.0 20.078431372549026 1.3246991553798906 0.9281394053322238 3.4836138576524758 0.0 26.000875782667034 126.0 8.126984126984144 1.6897048351345454 1.2654047682709335 4.6261065484396156 0.0 26.625738462213345 110.0 9.309090909090905 3.215174161356519 4.115440220494991 13.241912419968985 0.0 16.309553926498698 49.0 20.89795918367347 1.362959971528198 0.8841421136058889 3.332808309342373 0.0 26.273722236382422 135.0 7.5851851851851775 1.7185123374342426 1.3491860340510882 5.6352774948562505 0.0 27.603210758859497 109.0 9.394495412844037 3.8649473481133176 6.466106547867601 24.628416408678792 0.0 21.257994108536618 46.0 22.260869565217398 1.410342496680556 0.9965322428027106 3.6016230121356916 0.0 26.215785468000025 126.0 8.126984126984144 0.0 0.0 0.0 0.0 0.0 1.0 1024.0 0.0 0.0 0.0 0.0 0.0 37.0 27.675675675675677 0.0 0.0 0.0 0.0 0.0 1.0 1024.0 0.0 0.0 0.0 0.0 0.0 1.0 1024.0 0.0 0.0 0.0 0.0 0.0 37.0 27.675675675675677 0.0 0.0 0.0 0.0 0.0 1.0 1024.0 0.0 0.0 0.0 0.0 0.0 1.0 1024.0 0.0 0.0 0.0 0.0 0.0 37.0 27.675675675675677 0.0 0.0 0.0 0.0 0.0 1.0 1024.0 1.7994146341717299 1.2081225720586388 4.805157531375327 0.0 25.286479925589646 149.0 6.872483221476517 4.58106600659779 4.752829121290701 15.074033345448699 0.0 19.31325074437748 51.0 20.078431372549023 1.3834532845382594 0.9662471048660553 3.4864782878754865 0.0 25.306913250458557 179.0 5.720670391061458 1.719123888561093 1.2080158490634139 4.805157531375327 0.0 26.01505262350951 160.0 6.400000000000006 4.623389552209654 4.626418050729 15.166946884958433 0.0 19.60975946760939 50.0 20.48 1.3614056653013034 0.9265244857932537 3.355582661291501 0.0 25.771921073685526 195.0 5.251282051282048 1.8420945479958841 1.3651119815631974 5.869339320126588 0.0 26.381452469887225 145.0 7.06206896551723 6.599812247510329 8.555497930014969 28.568402560419546 0.0 23.60727266036167 44.0 23.272727272727266 1.4685772678168236 1.0158776072768176 3.9592310638267834 0.0 25.16905258271956 175.0 5.851428571428562 1.4821718997126845 3.7743625924153417 41.78745222094094 0.0 29.348448643212514 638.0 1.6050156739811945 24.07319097332853 10.878977035411614 36.9901087825193 0.0 13.537096399266316 42.0 24.380952380952376 0.67316311656262 1.058939836325291 4.365364986724842 0.0 29.23826360004977 667.0 1.535232383808098 1.4169618569110516 3.4117222292526472 32.874741622928155 0.0 29.45164062088824 644.0 1.5900621118012397 26.413959054522664 9.991545507772553 41.631810312897706 0.0 9.48347659176922 38.0 26.947368421052634 0.6580914509313256 1.0264785295261905 3.5217069291965686 0.0 29.384316693613304 680.0 1.505882352941178 1.3946511866458113 3.502690858301952 45.01462284090048 0.0 29.345482224521774 641.0 1.5975039001560107 28.13662262744742 5.58675950686399 35.76295777937128 0.0 7.64368178375316 36.0 28.44444444444444 0.6977944404766012 1.0905571814145025 4.365364986724842 0.0 29.32950224089589 666.0 1.5375375375375404 1.67869262013121 1.2809513652866773 4.805157531375327 0.0 25.31466275480922 157.0 6.522292993630575 4.58106600659779 4.752829121290701 15.074033345448699 0.0 19.31325074437748 51.0 20.078431372549023 1.3871919968875395 0.9515960158916079 3.4864782878754865 0.0 25.40442001639526 182.0 5.626373626373627 1.6363178807241594 1.2205695143371722 4.805157531375327 0.0 26.19666031884501 168.0 6.095238095238096 4.623389552209654 4.626418050729 15.166946884958433 0.0 19.60975946760939 50.0 20.48 1.3554672572917832 0.927970698095353 3.355582661291501 0.0 25.9272012616951 199.0 5.145728643216084 1.7827388483976856 1.362863308718966 5.869339320126588 0.0 26.597198914001666 153.0 6.6928104575163445 6.599812247510329 8.555497930014969 28.568402560419546 0.0 23.60727266036167 44.0 23.272727272727266 1.4168575722922119 1.0280657660238164 3.9592310638267834 0.0 25.805119723046392 182.0 5.626373626373634 
373.0005150327869 1.6655136472027348 1.242341531035135 4.6261065484396156 0.0 25.82386441546672 105.0 9.752380952380943 3.056263059684581 4.12259513383657 13.834661177334347 0.0 15.970947686880438 51.0 20.078431372549026 1.3246991553798906 0.9281394053322238 3.4836138576524758 0.0 26.000875782667034 126.0 8.126984126984144 1.6897048351345454 1.2654047682709335 4.6261065484396156 0.0 26.625738462213345 110.0 9.309090909090905 3.215174161356519 4.115440220494991 13.241912419968985 0.0 16.309553926498698 49.0 20.89795918367347 1.3528966360008206 0.8886419660783761 3.332808309342373 0.0 26.34634523956531 136.0 7.5294117647058965 1.7185123374342426 1.3491860340510882 5.6352774948562505 0.0 27.603210758859497 109.0 9.394495412844037 3.8649473481133176 6.466106547867601 24.628416408678792 0.0 21.257994108536618 46.0 22.260869565217398 1.410342496680556 0.9965322428027106 3.6016230121356916 0.0 26.215785468000025 126.0 8.126984126984144 0.0 0.0 0.0 0.0 0.0 1.0 1024.0 0.0 0.0 0.0 0.0 0.0 37.0 27.675675675675677 0.0 0.0 0.0 0.0 0.0 1.0 1024.0 0.0 0.0 0.0 0.0 0.0 1.0 1024.0 0.0 0.0 0.0 0.0 0.0 37.0 27.675675675675677 0.0 0.0 0.0 0.0 0.0 1.0 1024.0 0.0 0.0 0.0 0.0 0.0 1.0 1024.0 0.0 0.0 0.0 0.0 0.0 37.0 27.675675675675677 0.0 0.0 0.0 0.0 0.0 1.0 1024.0 1.7994146341717299 1.2081225720586388 4.805157531375327 0.0 25.286479925589646 149.0 6.872483221476517 4.58106600659779 4.752829121290701 15.074033345448699 0.0 19.31325074437748 51.0 20.078431372549023 1.3834532845382594 0.9662471048660553 3.4864782878754865 0.0 25.306913250458557 179.0 5.720670391061458 1.719123888561093 1.2080158490634139 4.805157531375327 0.0 26.01505262350951 160.0 6.400000000000006 4.623389552209654 4.626418050729 15.166946884958433 0.0 19.60975946760939 50.0 20.48 1.3614056653013034 0.9265244857932537 3.355582661291501 0.0 25.771921073685526 195.0 5.251282051282048 1.8420945479958841 1.3651119815631974 5.869339320126588 0.0 26.381452469887225 145.0 7.06206896551723 6.599812247510329 8.555497930014969 28.568402560419546 0.0 23.60727266036167 44.0 23.272727272727266 1.4685772678168236 1.0158776072768176 3.9592310638267834 0.0 25.16905258271956 175.0 5.851428571428562 1.4821718997126845 3.7743625924153417 41.78745222094094 0.0 29.348448643212514 638.0 1.6050156739811945 24.07319097332853 10.878977035411614 36.9901087825193 0.0 13.537096399266316 42.0 24.380952380952376 0.67316311656262 1.058939836325291 4.365364986724842 0.0 29.23826360004977 667.0 1.535232383808098 1.4169618569110516 3.4117222292526472 32.874741622928155 0.0 29.45164062088824 644.0 1.5900621118012397 26.413959054522664 9.991545507772553 41.631810312897706 0.0 9.48347659176922 38.0 26.947368421052634 0.6580914509313256 1.0264785295261905 3.5217069291965686 0.0 29.384316693613304 680.0 1.505882352941178 1.3946511866458113 3.502690858301952 45.01462284090048 0.0 29.345482224521774 641.0 1.5975039001560107 28.13662262744742 5.58675950686399 35.76295777937128 0.0 7.64368178375316 36.0 28.44444444444444 0.6977944404766012 1.0905571814145025 4.365364986724842 0.0 29.32950224089589 666.0 1.5375375375375404 1.6624635622337658 1.2864334584313792 4.805157531375327 0.0 25.33071142345207 158.0 6.481012658227858 4.58106600659779 4.752829121290701 15.074033345448699 0.0 19.31325074437748 51.0 20.078431372549023 1.3874449655041325 0.9517381629370295 3.4864782878754865 0.0 25.403899961188433 182.0 5.626373626373627 1.6152343996659617 1.228168385804902 4.805157531375327 0.0 26.27546084509353 170.0 6.023529411764708 4.623389552209654 4.626418050729 15.166946884958433 0.0 19.60975946760939 50.0 20.48 1.3411084428841076 0.9296496089517453 3.355582661291501 0.0 25.93786330457814 199.0 5.145728643216083 1.8041948156247576 1.3590600800564727 5.869339320126588 0.0 26.388242915497848 151.0 6.781456953642389 6.599812247510329 8.555497930014969 28.568402560419546 0.0 23.60727266036167 44.0 23.272727272727266 1.3917530782292713 1.0368214839195233 3.9592310638267834 0.0 26.081714774742178 185.0 5.535135135135135 
374.0005150327869 1.6655241765098754 1.2423322206505878 4.6261065484396156 0.0 25.82413941080423 105.0 9.752380952380943 3.056263059684581 4.12259513383657 13.834661177334347 0.0 15.970947686880438 51.0 20.078431372549026 1.3246991553798906 0.9281394053322238 3.4836138576524758 0.0 26.000875782667034 126.0 8.126984126984144 1.6897048351345454 1.2654047682709335 4.6261065484396156 0.0 26.625738462213345 110.0 9.309090909090905 3.215174161356519 4.115440220494991 13.241912419968985 0.0 16.309553926498698 49.0 20.89795918367347 1.3528966360008206 0.8886419660783761 3.332808309342373 0.0 26.34634523956531 136.0 7.5294117647058965 1.7185123374342426 1.3491860340510882 5.6352774948562505 0.0 27.603210758859497 109.0 9.394495412844037 3.8649473481133176 6.466106547867601 24.628416408678792 0.0 21.257994108536618 46.0 22.260869565217398 1.410342496680556 0.9965322428027106 3.6016230121356916 0.0 26.215785468000025 126.0 8.126984126984144 0.0 0.0 0.0 0.0 0.0 1.0 1024.0 0.0 0.0 0.0 0.0 0.0 37.0 27.675675675675677 0.0 0.0 0.0 0.0 0.0 1.0 1024.0 0.0 0.0 0.0 0.0 0.0 1.0 1024.0 0.0 0.0 0.0 0.0 0.0 37.0 27.675675675675677 0.0 0.0 0.0 0.0 0.0 1.0 1024.0 0.0 0.0 0.0 0.0 0.0 1.0 1024.0 0.0 0.0 0.0 0.0 0.0 37.0 27.675675675675677 0.0 0.0 0.0 0.0 0.0 1.0 1024.0 1.7994146341717299 1.2081225720586388 4.805157531375327 0.0 25.286479925589646 149.0 6.872483221476517 4.58106600659779 4.752829121290701 15.074033345448699 0.0 19.31325074437748 51.0 20.078431372549023 1.3834532845382594 0.9662471048660553 3.4864782878754865 0.0 25.306913250458557 179.0 5.720670391061458 1.719123888561093 1.2080158490634139 4.805157531375327 0.0 26.01505262350951 160.0 6.400000000000006 4.623389552209654 4.626418050729 15.166946884958433 0.0 19.60975946760939 50.0 20.48 1.3614056653013034 0.9265244857932537 3.355582661291501 0.0 25.771921073685526 195.0 5.251282051282048 1.8420945479958841 1.3651119815631974 5.869339320126588 0.0 26.381452469887225 145.0 7.06206896551723 6.599812247510329 8.555497930014969 28.568402560419546 0.0 23.60727266036167 44.0 23.272727272727266 1.4685772678168236 1.0158776072768176 3.9592310638267834 0.0 25.16905258271956 175.0 5.851428571428562 1.4821718997126845 3.7743625924153417 41.78745222094094 0.0 29.348448643212514 638.0 1.6050156739811945 24.07319097332853 10.878977035411614 36.9901087825193 0.0 13.537096399266316 42.0 24.380952380952376 0.67316311656262 1.058939836325291 4.365364986724842 0.0 29.23826360004977 667.0 1.535232383808098 1.4169618569110516 3.4117222292526472 32.874741622928155 0.0 29.45164062088824 644.0 1.5900621118012397 26.413959054522664 9.991545507772553 41.631810312897706 0.0 9.48347659176922 38.0 26.947368421052634 0.6580914509313256 1.0264785295261905 3.5217069291965686 0.0 29.384316693613304 680.0 1.505882352941178 1.3946511866458113 3.502690858301952 45.01462284090048 0.0 29.345482224521774 641.0 1.5975039001560107 28.13662262744742 5.58675950686399 35.76295777937128 0.0 7.64368178375316 36.0 28.44444444444444 0.6977944404766012 1.0905571814145025 4.365364986724842 0.0 29.32950224089589 666.0 1.5375375375375404 1.6588070545942823 1.2817254376673584 4.805157531375327 0.0 25.35423289691194 159.0 6.440251572327046 4.58106600659779 4.752829121290701 15.074033345448699 0.0 19.31325074437748 51.0 20.078431372549023 1.3877533125204429 0.9516220262741488 3.4864782878754865 0.0 25.41720543811703 182.0 5.626373626373627 1.6034457987756874 1.2334444067466626 4.805157531375327 0.0 26.31335761121297 171.0 5.988304093567251 4.623389552209654 4.626418050729 15.166946884958433 0.0 19.60975946760939 50.0 20.48 1.346259948754335 0.9277833563306428 3.355582661291501 0.0 25.923833179861077 198.0 5.17171717171717 1.7463555471672747 1.3745877623018248 5.869339320126588 0.0 26.873651227265896 156.0 6.564102564102572 6.599812247510329 8.555497930014969 28.568402560419546 0.0 23.60727266036167 44.0 23.272727272727266 1.4121359895469037 1.0277839626556886 3.9592310638267834 0.0 25.93330450824488 183.0 5.595628415300541 
375.0005150327869 1.6655241765098754 1.2423322206505878 4.6261065484396156 0.0 25.82413941080423 105.0 9.752380952380943 3.056263059684581 4.12259513383657 13.834661177334347 0.0 15.970947686880438 51.0 20.078431372549026 1.3246991553798906 0.9281394053322238 3.4836138576524758 0.0 26.000875782667034 126.0 8.126984126984144 1.6897048351345454 1.2654047682709335 4.6261065484396156 0.0 26.625738462213345 110.0 9.309090909090905 3.215174161356519 4.115440220494991 13.241912419968985 0.0 16.309553926498698 49.0 20.89795918367347 1.3528966360008206 0.8886419660783761 3.332808309342373 0.0 26.34634523956531 136.0 7.5294117647058965 1.7185123374342426 1.3491860340510882 5.6352774948562505 0.0 27.603210758859497 109.0 9.394495412844037 3.8649473481133176 6.466106547867601 24.628416408678792 0.0 21.257994108536618 46.0 22.260869565217398 1.410342496680556 0.9965322428027106 3.6016230121356916 0.0 26.215785468000025 126.0 8.126984126984144 0.0 0.0 0.0 0.0 0.0 1.0 1024.0 0.0 0.0 0.0 0.0 0.0 37.0 27.675675675675677 0.0 0.0 0.0 0.0 0.0 1.0 1024.0 0.0 0.0 0.0 0.0 0.0 1.0 1024.0 0.0 0.0 0.0 0.0 0.0 37.0 27.675675675675677 0.0 0.0 0.0 0.0 0.0 1.0 1024.0 0.0 0.0 0.0 0.0 0.0 1.0 1024.0 0.0 0.0 0.0 0.0 0.0 37.0 27.675675675675677 0.0 0.0 0.0 0.0 0.0 1.0 1024.0 1.7994146341717299 1.2081225720586388 4.805157531375327 0.0 25.286479925589646 149.0 6.872483221476517 4.58106600659779 4.752829121290701 15.074033345448699 0.0 19.31325074437748 51.0 20.078431372549023 1.3834532845382594 0.9662471048660553 3.4864782878754865 0.0 25.306913250458557 179.0 5.720670391061458 1.719123888561093 1.2080158490634139 4.805157531375327 0.0 26.01505262350951 160.0 6.400000000000006 4.623389552209654 4.626418050729 15.166946884958433 0.0 19.60975946760939 50.0 20.48 1.3614056653013034 0.9265244857932537 3.355582661291501 0.0 25.771921073685526 195.0 5.251282051282048 1.8420945479958841 1.3651119815631974 5.869339320126588 0.0 26.381452469887225 145.0 7.06206896551723 6.599812247510329 8.555497930014969 28.568402560419546 0.0 23.60727266036167 44.0 23.272727272727266 1.4685772678168236 1.0158776072768176 3.9592310638267834 0.0 25.16905258271956 175.0 5.851428571428562 1.4821718997126845 3.7743625924153417 41.78745222094094 0.0 29.348448643212514 638.0 1.6050156739811945 24.07319097332853 10.878977035411614 36.9901087825193 0.0 13.537096399266316 42.0 24.380952380952376 0.67316311656262 1.058939836325291 4.365364986724842 0.0 29.23826360004977 667.0 1.535232383808098 1.4169618569110516 3.4117222292526472 32.874741622928155 0.0 29.45164062088824 644.0 1.5900621118012397 26.413959054522664 9.991545507772553 41.631810312897706 0.0 9.48347659176922 38.0 26.947368421052634 0.6580914509313256 1.0264785295261905 3.5217069291965686 0.0 29.384316693613304 680.0 1.505882352941178 1.3946511866458113 3.502690858301952 45.01462284090048 0.0 29.345482224521774 641.0 1.5975039001560107 28.13662262744742 5.58675950686399 35.76295777937128 0.0 7.64368178375316 36.0 28.44444444444444 0.6977944404766012 1.0905571814145025 4.365364986724842 0.0 29.32950224089589 666.0 1.5375375375375404 1.6500057203368188 1.2890528377177726 4.805157531375327 0.0 25.402558589604087 159.0 6.440251572327046 4.58106600659779 4.752829121290701 15.074033345448699 0.0 19.31325074437748 51.0 20.078431372549023 1.3753183359014425 0.9544016097883464 3.4864782878754865 0.0 25.539150688978072 184.0 5.565217391304346 1.628930886713835 1.2225398876382279 4.805157531375327 0.0 26.327205319821935 170.0 6.023529411764708 4.623389552209654 4.626418050729 15.166946884958433 0.0 19.60975946760939 50.0 20.48 1.3553558697420411 0.924079639137313 3.355582661291501 0.0 25.858040437989693 197.0 5.197969543147213 1.693130898860124 1.3855112410909771 5.869339320126588 0.0 27.27575133910101 161.0 6.36024844720496 6.599812247510329 8.555497930014969 28.568402560419546 0.0 23.60727266036167 44.0 23.272727272727266 1.4287864726140949 1.0263255699452687 3.9592310638267834 0.0 25.634331595654018 180.0 5.688888888888894 
376.0005150327869 1.6655241765098754 1.2423322206505878 4.6261065484396156 0.0 25.82413941080423 105.0 9.752380952380943 3.056263059684581 4.12259513383657 13.834661177334347 0.0 15.970947686880438 51.0 20.078431372549026 1.3246991553798906 0.9281394053322238 3.4836138576524758 0.0 26.000875782667034 126.0 8.126984126984144 1.6897048351345454 1.2654047682709335 4.6261065484396156 0.0 26.625738462213345 110.0 9.309090909090905 3.215174161356519 4.115440220494991 13.241912419968985 0.0 16.309553926498698 49.0 20.89795918367347 1.3531756987601555 0.8882281440969351 3.332808309342373 0.0 26.34673999766336 136.0 7.5294117647058965 1.7185123374342426 1.3491860340510882 5.6352774948562505 0.0 27.603210758859497 109.0 9.394495412844037 3.8649473481133176 6.466106547867601 24.628416408678792 0.0 21.257994108536618 46.0 22.260869565217398 1.410342496680556 0.9965322428027106 3.6016230121356916 0.0 26.215785468000025 126.0 8.126984126984144 0.0 0.0 0.0 0.0 0.0 1.0 1024.0 0.0 0.0 0.0 0.0 0.0 37.0 27.675675675675677 0.0 0.0 0.0 0.0 0.0 1.0 1024.0 0.0 0.0 0.0 0.0 0.0 1.0 1024.0 0.0 0.0 0.0 0.0 0.0 37.0 27.675675675675677 0.0 0.0 0.0 0.0 0.0 1.0 1024.0 0.0 0.0 0.0 0.0 0.0 1.0 1024.0 0.0 0.0 0.0 0.0 0.0 37.0 27.675675675675677 0.0 0.0 0.0 0.0 0.0 1.0 1024.0 1.7994146341717299 1.2081225720586388 4.805157531375327 0.0 25.286479925589646 149.0 6.872483221476517 4.58106600659779 4.752829121290701 15.074033345448699 0.0 19.31325074437748 51.0 20.078431372549023 1.3834532845382594 0.9662471048660553 3.4864782878754865 0.0 25.306913250458557 179.0 5.720670391061458 1.719123888561093 1.2080158490634139 4.805157531375327 0.0 26.01505262350951 160.0 6.400000000000006 4.623389552209654 4.626418050729 15.166946884958433 0.0 19.60975946760939 50.0 20.48 1.3614056653013034 0.9265244857932537 3.355582661291501 0.0 25.771921073685526 195.0 5.251282051282048 1.8420945479958841 1.3651119815631974 5.869339320126588 0.0 26.381452469887225 145.0 7.06206896551723 6.599812247510329 8.555497930014969 28.568402560419546 0.0 23.60727266036167 44.0 23.272727272727266 1.4685772678168236 1.0158776072768176 3.9592310638267834 0.0 25.16905258271956 175.0 5.851428571428562 1.4821718997126845 3.7743625924153417 41.78745222094094 0.0 29.348448643212514 638.0 1.6050156739811945 24.07319097332853 10.878977035411614 36.9901087825193 0.0 13.537096399266316 42.0 24.380952380952376 0.67316311656262 1.058939836325291 4.365364986724842 0.0 29.23826360004977 667.0 1.535232383808098 1.4169618569110516 3.4117222292526472 32.874741622928155 0.0 29.45164062088824 644.0 1.5900621118012397 26.413959054522664 9.991545507772553 41.631810312897706 0.0 9.48347659176922 38.0 26.947368421052634 0.6580914509313256 1.0264785295261905 3.5217069291965686 0.0 29.384316693613304 680.0 1.505882352941178 1.3946511866458113 3.502690858301952 45.01462284090048 0.0 29.345482224521774 641.0 1.5975039001560107 28.13662262744742 5.58675950686399 35.76295777937128 0.0 7.64368178375316 36.0 28.44444444444444 0.6977944404766012 1.0905571814145025 4.365364986724842 0.0 29.32950224089589 666.0 1.5375375375375404 1.650531673275904 1.2891761395172532 4.805157531375327 0.0 25.390766695604327 159.0 6.440251572327046 4.58106600659779 4.752829121290701 15.074033345448699 0.0 19.31325074437748 51.0 20.078431372549023 1.38105944033263 0.9533390713569937 3.4864782878754865 0.0 25.48165070900333 183.0 5.595628415300541 1.6411963764975421 1.2194509416769894 4.805157531375327 0.0 26.274675104343014 169.0 6.059171597633141 4.623389552209654 4.626418050729 15.166946884958433 0.0 19.60975946760939 50.0 20.48 1.3553558697420411 0.924079639137313 3.355582661291501 0.0 25.858040437989693 197.0 5.197969543147213 1.7827388483976856 1.362863308718966 5.869339320126588 0.0 26.597198914001666 153.0 6.6928104575163445 6.599812247510329 8.555497930014969 28.568402560419546 0.0 23.60727266036167 44.0 23.272727272727266 1.425958460242829 1.0250867420608871 3.9592310638267834 0.0 25.740475769841133 181.0 5.657458563535922 
377.0005150327869 1.6655827195583386 1.2422816269997652 4.6261065484396156 0.0 25.824416055941125 105.0 9.752380952380943 3.056263059684581 4.12259513383657 13.834661177334347 0.0 15.970947686880438 51.0 20.078431372549026 1.3246991553798906 0.9281394053322238 3.4836138576524758 0.0 26.000875782667034 126.0 8.126984126984144 1.6897048351345454 1.2654047682709335 4.6261065484396156 0.0 26.625738462213345 110.0 9.309090909090905 3.215174161356519 4.115440220494991 13.241912419968985 0.0 16.309553926498698 49.0 20.89795918367347 1.3438668833137346 0.8916424409190686 3.332808309342373 0.0 26.41656544550307 137.0 7.474452554744532 1.7185123374342426 1.3491860340510882 5.6352774948562505 0.0 27.603210758859497 109.0 9.394495412844037 3.8649473481133176 6.466106547867601 24.628416408678792 0.0 21.257994108536618 46.0 22.260869565217398 1.410342496680556 0.9965322428027106 3.6016230121356916 0.0 26.215785468000025 126.0 8.126984126984144 0.0 0.0 0.0 0.0 0.0 1.0 1024.0 0.0 0.0 0.0 0.0 0.0 37.0 27.675675675675677 0.0 0.0 0.0 0.0 0.0 1.0 1024.0 0.0 0.0 0.0 0.0 0.0 1.0 1024.0 0.0 0.0 0.0 0.0 0.0 37.0 27.675675675675677 0.0 0.0 0.0 0.0 0.0 1.0 1024.0 0.0 0.0 0.0 0.0 0.0 1.0 1024.0 0.0 0.0 0.0 0.0 0.0 37.0 27.675675675675677 0.0 0.0 0.0 0.0 0.0 1.0 1024.0 1.7994146341717299 1.2081225720586388 4.805157531375327 0.0 25.286479925589646 149.0 6.872483221476517 4.58106600659779 4.752829121290701 15.074033345448699 0.0 19.31325074437748 51.0 20.078431372549023 1.3834532845382594 0.9662471048660553 3.4864782878754865 0.0 25.306913250458557 179.0 5.720670391061458 1.719123888561093 1.2080158490634139 4.805157531375327 0.0 26.01505262350951 160.0 6.400000000000006 4.623389552209654 4.626418050729 15.166946884958433 0.0 19.60975946760939 50.0 20.48 1.3614056653013034 0.9265244857932537 3.355582661291501 0.0 25.771921073685526 195.0 5.251282051282048 1.8420945479958841 1.3651119815631974 5.869339320126588 0.0 26.381452469887225 145.0 7.06206896551723 6.599812247510329 8.555497930014969 28.568402560419546 0.0 23.60727266036167 44.0 23.272727272727266 1.4685772678168236 1.0158776072768176 3.9592310638267834 0.0 25.16905258271956 175.0 5.851428571428562 1.4821718997126845 3.7743625924153417 41.78745222094094 0.0 29.348448643212514 638.0 1.6050156739811945 24.07319097332853 10.878977035411614 36.9901087825193 0.0 13.537096399266316 42.0 24.380952380952376 0.67316311656262 1.058939836325291 4.365364986724842 0.0 29.23826360004977 667.0 1.535232383808098 1.4169618569110516 3.4117222292526472 32.874741622928155 0.0 29.45164062088824 644.0 1.5900621118012397 26.413959054522664 9.991545507772553 41.631810312897706 0.0 9.48347659176922 38.0 26.947368421052634 0.6580914509313256 1.0264785295261905 3.5217069291965686 0.0 29.384316693613304 680.0 1.505882352941178 1.3946511866458113 3.502690858301952 45.01462284090048 0.0 29.345482224521774 641.0 1.5975039001560107 28.13662262744742 5.58675950686399 35.76295777937128 0.0 7.64368178375316 36.0 28.44444444444444 0.6977944404766012 1.0905571814145025 4.365364986724842 0.0 29.32950224089589 666.0 1.5375375375375404 1.6813238725308426 1.2723712145076984 4.805157531375327 0.0 25.338894312292084 158.0 6.481012658227857 4.58106600659779 4.752829121290701 15.074033345448699 0.0 19.31325074437748 51.0 20.078431372549023 1.3702915877763762 0.9554474191996918 3.4864782878754865 0.0 25.583760546062646 185.0 5.535135135135135 1.6418872381452068 1.219578335236769 4.805157531375327 0.0 26.27319385302117 169.0 6.059171597633141 4.623389552209654 4.626418050729 15.166946884958433 0.0 19.60975946760939 50.0 20.48 1.3553558697420411 0.924079639137313 3.355582661291501 0.0 25.858040437989693 197.0 5.197969543147213 1.8041948156247576 1.3590600800564727 5.869339320126588 0.0 26.388242915497848 151.0 6.781456953642389 6.599812247510329 8.555497930014969 28.568402560419546 0.0 23.60727266036167 44.0 23.272727272727266 1.4326691682985 1.0227545924068395 3.9592310638267834 0.0 25.63626802308602 180.0 5.688888888888896 
378.0005150327869 1.6655827195583386 1.2422816269997652 4.6261065484396156 0.0 25.824416055941125 105.0 9.752380952380943 3.056263059684581 4.12259513383657 13.834661177334347 0.0 15.970947686880438 51.0 20.078431372549026 1.3246991553798906 0.9281394053322238 3.4836138576524758 0.0 26.000875782667034 126.0 8.126984126984144 1.6897048351345454 1.2654047682709335 4.6261065484396156 0.0 26.625738462213345 110.0 9.309090909090905 3.215174161356519 4.115440220494991 13.241912419968985 0.0 16.309553926498698 49.0 20.89795918367347 1.3438010294217189 0.8917375869953608 3.332808309342373 0.0 26.41692066675988 137.0 7.474452554744532 1.7185123374342426 1.3491860340510882 5.6352774948562505 0.0 27.603210758859497 109.0 9.394495412844037 3.8649473481133176 6.466106547867601 24.628416408678792 0.0 21.257994108536618 46.0 22.260869565217398 1.410342496680556 0.9965322428027106 3.6016230121356916 0.0 26.215785468000025 126.0 8.126984126984144 0.0 0.0 0.0 0.0 0.0 1.0 1024.0 0.0 0.0 0.0 0.0 0.0 37.0 27.675675675675677 0.0 0.0 0.0 0.0 0.0 1.0 1024.0 0.0 0.0 0.0 0.0 0.0 1.0 1024.0 0.0 0.0 0.0 0.0 0.0 37.0 27.675675675675677 0.0 0.0 0.0 0.0 0.0 1.0 1024.0 0.0 0.0 0.0 0.0 0.0 1.0 1024.0 0.0 0.0 0.0 0.0 0.0 37.0 27.675675675675677 0.0 0.0 0.0 0.0 0.0 1.0 1024.0 1.7994146341717299 1.2081225720586388 4.805157531375327 0.0 25.286479925589646 149.0 6.872483221476517 4.58106600659779 4.752829121290701 15.074033345448699 0.0 19.31325074437748 51.0 20.078431372549023 1.3834532845382594 0.9662471048660553 3.4864782878754865 0.0 25.306913250458557 179.0 5.720670391061458 1.719123888561093 1.2080158490634139 4.805157531375327 0.0 26.01505262350951 160.0 6.400000000000006 4.623389552209654 4.626418050729 15.166946884958433 0.0 19.60975946760939 50.0 20.48 1.3614056653013034 0.9265244857932537 3.355582661291501 0.0 25.771921073685526 195.0 5.251282051282048 1.8420945479958841 1.3651119815631974 5.869339320126588 0.0 26.381452469887225 145.0 7.06206896551723 6.599812247510329 8.555497930014969 28.568402560419546 0.0 23.60727266036167 44.0 23.272727272727266 1.4685772678168236 1.0158776072768176 3.9592310638267834 0.0 25.16905258271956 175.0 5.851428571428562 1.4821718997126845 3.7743625924153417 41.78745222094094 0.0 29.348448643212514 638.0 1.6050156739811945 24.07319097332853 10.878977035411614 36.9901087825193 0.0 13.537096399266316 42.0 24.380952380952376 0.67316311656262 1.058939836325291 4.365364986724842 0.0 29.23826360004977 667.0 1.535232383808098 1.4169618569110516 3.4117222292526472 32.874741622928155 0.0 29.45164062088824 644.0 1.5900621118012397 26.413959054522664 9.991545507772553 41.631810312897706 0.0 9.48347659176922 38.0 26.947368421052634 0.6580914509313256 1.0264785295261905 3.5217069291965686 0.0 29.384316693613304 680.0 1.505882352941178 1.3946511866458113 3.502690858301952 45.01462284090048 0.0 29.345482224521774 641.0 1.5975039001560107 28.13662262744742 5.58675950686399 35.76295777937128 0.0 7.64368178375316 36.0 28.44444444444444 0.6977944404766012 1.0905571814145025 4.365364986724842 0.0 29.32950224089589 666.0 1.5375375375375404 1.6758881345539578 1.2813764499600129 4.805157531375327 0.0 25.337480523740762 158.0 6.481012658227857 4.58106600659779 4.752829121290701 15.074033345448699 0.0 19.31325074437748 51.0 20.078431372549023 1.352585251762901 0.9638176814765768 3.4864782878754865 0.0 25.679706539252678 187.0 5.475935828877006 1.625461937223769 1.2236381189224825 4.805157531375327 0.0 26.3258538120058 170.0 6.0235294117647085 4.623389552209654 4.626418050729 15.166946884958433 0.0 19.60975946760939 50.0 20.48 1.3553558697420411 0.924079639137313 3.355582661291501 0.0 25.858040437989693 197.0 5.197969543147213 1.7463555471672747 1.3745877623018248 5.869339320126588 0.0 26.873651227265896 156.0 6.564102564102572 6.599812247510329 8.555497930014969 28.568402560419546 0.0 23.60727266036167 44.0 23.272727272727266 1.4407929991909625 1.0201504342604357 3.9592310638267834 0.0 25.540764496352946 179.0 5.720670391061458 
379.0005150327869 1.665634917364153 1.2422356133438905 4.6261065484396156 0.0 25.824682392753527 105.0 9.752380952380943 3.056263059684581 4.12259513383657 13.834661177334347 0.0 15.970947686880438 51.0 20.078431372549026 1.3246991553798906 0.9281394053322238 3.4836138576524758 0.0 26.000875782667034 126.0 8.126984126984144 1.6897048351345454 1.2654047682709335 4.6261065484396156 0.0 26.625738462213345 110.0 9.309090909090905 3.215174161356519 4.115440220494991 13.241912419968985 0.0 16.309553926498698 49.0 20.89795918367347 1.3438010294217189 0.8917375869953608 3.332808309342373 0.0 26.41692066675988 137.0 7.474452554744532 1.7185123374342426 1.3491860340510882 5.6352774948562505 0.0 27.603210758859497 109.0 9.394495412844037 3.8649473481133176 6.466106547867601 24.628416408678792 0.0 21.257994108536618 46.0 22.260869565217398 1.410342496680556 0.9965322428027106 3.6016230121356916 0.0 26.215785468000025 126.0 8.126984126984144 0.0 0.0 0.0 0.0 0.0 1.0 1024.0 0.0 0.0 0.0 0.0 0.0 37.0 27.675675675675677 0.0 0.0 0.0 0.0 0.0 1.0 1024.0 0.0 0.0 0.0 0.0 0.0 1.0 1024.0 0.0 0.0 0.0 0.0 0.0 37.0 27.675675675675677 0.0 0.0 0.0 0.0 0.0 1.0 1024.0 0.0 0.0 0.0 0.0 0.0 1.0 1024.0 0.0 0.0 0.0 0.0 0.0 37.0 27.675675675675677 0.0 0.0 0.0 0.0 0.0 1.0 1024.0 1.7994146341717299 1.2081225720586388 4.805157531375327 0.0 25.286479925589646 149.0 6.872483221476517 4.58106600659779 4.752829121290701 15.074033345448699 0.0 19.31325074437748 51.0 20.078431372549023 1.3834532845382594 0.9662471048660553 3.4864782878754865 0.0 25.306913250458557 179.0 5.720670391061458 1.719123888561093 1.2080158490634139 4.805157531375327 0.0 26.01505262350951 160.0 6.400000000000006 4.623389552209654 4.626418050729 15.166946884958433 0.0 19.60975946760939 50.0 20.48 1.3614056653013034 0.9265244857932537 3.355582661291501 0.0 25.771921073685526 195.0 5.251282051282048 1.8420945479958841 1.3651119815631974 5.869339320126588 0.0 26.381452469887225 145.0 7.06206896551723 6.599812247510329 8.555497930014969 28.568402560419546 0.0 23.60727266036167 44.0 23.272727272727266 1.4685772678168236 1.0158776072768176 3.9592310638267834 0.0 25.16905258271956 175.0 5.851428571428562 1.4821718997126845 3.7743625924153417 41.78745222094094 0.0 29.348448643212514 638.0 1.6050156739811945 24.07319097332853 10.878977035411614 36.9901087825193 0.0 13.537096399266316 42.0 24.380952380952376 0.67316311656262 1.058939836325291 4.365364986724842 0.0 29.23826360004977 667.0 1.535232383808098 1.4169618569110516 3.4117222292526472 32.874741622928155 0.0 29.45164062088824 644.0 1.5900621118012397 26.413959054522664 9.991545507772553 41.631810312897706 0.0 9.48347659176922 38.0 26.947368421052634 0.6580914509313256 1.0264785295261905 3.5217069291965686 0.0 29.384316693613304 680.0 1.505882352941178 1.3946511866458113 3.502690858301952 45.01462284090048 0.0 29.345482224521774 641.0 1.5975039001560107 28.13662262744742 5.58675950686399 35.76295777937128 0.0 7.64368178375316 36.0 28.44444444444444 0.6977944404766012 1.0905571814145025 4.365364986724842 0.0 29.32950224089589 666.0 1.5375375375375404 1.687134914831038 1.280713928056863 4.805157531375327 0.0 25.31050297199772 156.0 6.564102564102574 4.58106600659779 4.752829121290701 15.074033345448699 0.0 19.31325074437748 51.0 20.078431372549023 1.3319281620136338 0.9694821092048828 3.4864782878754865 0.0 25.747447162778535 190.0 5.389473684210529 1.6256110297183255 1.2236463842801277 4.805157531375327 0.0 26.32537074836305 170.0 6.0235294117647085 4.623389552209654 4.626418050729 15.166946884958433 0.0 19.60975946760939 50.0 20.48 1.3480523239971953 0.9290642328587869 3.355582661291501 0.0 25.846758121859153 197.0 5.197969543147212 1.693130898860124 1.3855112410909771 5.869339320126588 0.0 27.27575133910101 161.0 6.36024844720496 6.599812247510329 8.555497930014969 28.568402560419546 0.0 23.60727266036167 44.0 23.272727272727266 1.4317901599641027 1.0232741274414123 3.9592310638267834 0.0 25.645674491945883 180.0 5.688888888888895 
380.0005150327869 1.665634917364153 1.2422356133438905 4.6261065484396156 0.0 25.824682392753527 105.0 9.752380952380943 3.056263059684581 4.12259513383657 13.834661177334347 0.0 15.970947686880438 51.0 20.078431372549026 1.3246991553798906 0.9281394053322238 3.4836138576524758 0.0 26.000875782667034 126.0 8.126984126984144 1.6897048351345454 1.2654047682709335 4.6261065484396156 0.0 26.625738462213345 110.0 9.309090909090905 3.215174161356519 4.115440220494991 13.241912419968985 0.0 16.309553926498698 49.0 20.89795918367347 1.3440290915959798 0.8913952647145448 3.332808309342373 0.0 26.4172049363699 137.0 7.474452554744532 1.7185123374342426 1.3491860340510882 5.6352774948562505 0.0 27.603210758859497 109.0 9.394495412844037 3.8649473481133176 6.466106547867601 24.628416408678792 0.0 21.257994108536618 46.0 22.260869565217398 1.410342496680556 0.9965322428027106 3.6016230121356916 0.0 26.215785468000025 126.0 8.126984126984144 0.0 0.0 0.0 0.0 0.0 1.0 1024.0 0.0 0.0 0.0 0.0 0.0 37.0 27.675675675675677 0.0 0.0 0.0 0.0 0.0 1.0 1024.0 0.0 0.0 0.0 0.0 0.0 1.0 1024.0 0.0 0.0 0.0 0.0 0.0 37.0 27.675675675675677 0.0 0.0 0.0 0.0 0.0 1.0 1024.0 0.0 0.0 0.0 0.0 0.0 1.0 1024.0 0.0 0.0 0.0 0.0 0.0 37.0 27.675675675675677 0.0 0.0 0.0 0.0 0.0 1.0 1024.0 1.7998120557542532 1.2080087216582993 4.805157531375327 0.0 25.288091253619527 149.0 6.872483221476517 4.58106600659779 4.752829121290701 15.074033345448699 0.0 19.31325074437748 51.0 20.078431372549023 1.3834532845382594 0.9662471048660553 3.4864782878754865 0.0 25.306913250458557 179.0 5.720670391061458 1.719123888561093 1.2080158490634139 4.805157531375327 0.0 26.01505262350951 160.0 6.400000000000006 4.623389552209654 4.626418050729 15.166946884958433 0.0 19.60975946760939 50.0 20.48 1.3614056653013034 0.9265244857932537 3.355582661291501 0.0 25.771921073685526 195.0 5.251282051282048 1.8420945479958841 1.3651119815631974 5.869339320126588 0.0 26.381452469887225 145.0 7.06206896551723 6.599812247510329 8.555497930014969 28.568402560419546 0.0 23.60727266036167 44.0 23.272727272727266 1.4685772678168236 1.0158776072768176 3.9592310638267834 0.0 25.16905258271956 175.0 5.851428571428562 1.4821718997126845 3.7743625924153417 41.78745222094094 0.0 29.348448643212514 638.0 1.6050156739811945 24.07319097332853 10.878977035411614 36.9901087825193 0.0 13.537096399266316 42.0 24.380952380952376 0.67316311656262 1.058939836325291 4.365364986724842 0.0 29.23826360004977 667.0 1.535232383808098 1.4169618569110516 3.4117222292526472 32.874741622928155 0.0 29.45164062088824 644.0 1.5900621118012397 26.413959054522664 9.991545507772553 41.631810312897706 0.0 9.48347659176922 38.0 26.947368421052634 0.6580914509313256 1.0264785295261905 3.5217069291965686 0.0 29.384316693613304 680.0 1.505882352941178 1.3946511866458113 3.502690858301952 45.01462284090048 0.0 29.345482224521774 641.0 1.5975039001560107 28.13662262744742 5.58675950686399 35.76295777937128 0.0 7.64368178375316 36.0 28.44444444444444 0.6977944404766012 1.0905571814145025 4.365364986724842 0.0 29.32950224089589 666.0 1.5375375375375404 1.698127689780927 1.2775309474331313 4.805157531375327 0.0 25.27581306070253 155.0 6.6064516129032205 4.58106600659779 4.752829121290701 15.074033345448699 0.0 19.31325074437748 51.0 20.078431372549023 1.359703439429917 0.9644129903969911 3.4864782878754865 0.0 25.603892290893107 187.0 5.475935828877005 1.625594996667129 1.2240755105348802 4.805157531375327 0.0 26.327278995570143 170.0 6.0235294117647085 4.623389552209654 4.626418050729 15.166946884958433 0.0 19.60975946760939 50.0 20.48 1.3468004720655367 0.9299598322900763 3.355582661291501 0.0 25.846832318029577 197.0 5.197969543147211 1.7827388483976856 1.362863308718966 5.869339320126588 0.0 26.597198914001666 153.0 6.6928104575163445 6.599812247510329 8.555497930014969 28.568402560419546 0.0 23.60727266036167 44.0 23.272727272727266 1.4318297487952476 1.0231615272316699 3.9592310638267834 0.0 25.645819258143312 180.0 5.688888888888895 
381.0005150327869 1.665634917364153 1.2422356133438905 4.6261065484396156 0.0 25.824682392753527 105.0 9.752380952380943 3.056263059684581 4.12259513383657 13.834661177334347 0.0 15.970947686880438 51.0 20.078431372549026 1.3246991553798906 0.9281394053322238 3.4836138576524758 0.0 26.000875782667034 126.0 8.126984126984144 1.6897048351345454 1.2654047682709335 4.6261065484396156 0.0 26.625738462213345 110.0 9.309090909090905 3.215174161356519 4.115440220494991 13.241912419968985 0.0 16.309553926498698 49.0 20.89795918367347 1.3440780014637 0.8913258440604661 3.332808309342373 0.0 26.41771634927985 137.0 7.474452554744532 1.7185123374342426 1.3491860340510882 5.6352774948562505 0.0 27.603210758859497 109.0 9.394495412844037 3.8649473481133176 6.466106547867601 24.628416408678792 0.0 21.257994108536618 46.0 22.260869565217398 1.410342496680556 0.9965322428027106 3.6016230121356916 0.0 26.215785468000025 126.0 8.126984126984144 0.0 0.0 0.0 0.0 0.0 1.0 1024.0 0.0 0.0 0.0 0.0 0.0 37.0 27.675675675675677 0.0 0.0 0.0 0.0 0.0 1.0 1024.0 0.0 0.0 0.0 0.0 0.0 1.0 1024.0 0.0 0.0 0.0 0.0 0.0 37.0 27.675675675675677 0.0 0.0 0.0 0.0 0.0 1.0 1024.0 0.0 0.0 0.0 0.0 0.0 1.0 1024.0 0.0 0.0 0.0 0.0 0.0 37.0 27.675675675675677 0.0 0.0 0.0 0.0 0.0 1.0 1024.0 1.7998120557542532 1.2080087216582993 4.805157531375327 0.0 25.288091253619527 149.0 6.872483221476517 4.58106600659779 4.752829121290701 15.074033345448699 0.0 19.31325074437748 51.0 20.078431372549023 1.3834532845382594 0.9662471048660553 3.4864782878754865 0.0 25.306913250458557 179.0 5.720670391061458 1.719123888561093 1.2080158490634139 4.805157531375327 0.0 26.01505262350951 160.0 6.400000000000006 4.623389552209654 4.626418050729 15.166946884958433 0.0 19.60975946760939 50.0 20.48 1.3614056653013034 0.9265244857932537 3.355582661291501 0.0 25.771921073685526 195.0 5.251282051282048 1.8420945479958841 1.3651119815631974 5.869339320126588 0.0 26.381452469887225 145.0 7.06206896551723 6.599812247510329 8.555497930014969 28.568402560419546 0.0 23.60727266036167 44.0 23.272727272727266 1.4685772678168236 1.0158776072768176 3.9592310638267834 0.0 25.16905258271956 175.0 5.851428571428562 1.4821718997126845 3.7743625924153417 41.78745222094094 0.0 29.348448643212514 638.0 1.6050156739811945 24.07319097332853 10.878977035411614 36.9901087825193 0.0 13.537096399266316 42.0 24.380952380952376 0.67316311656262 1.058939836325291 4.365364986724842 0.0 29.23826360004977 667.0 1.535232383808098 1.4169618569110516 3.4117222292526472 32.874741622928155 0.0 29.45164062088824 644.0 1.5900621118012397 26.413959054522664 9.991545507772553 41.631810312897706 0.0 9.48347659176922 38.0 26.947368421052634 0.6580914509313256 1.0264785295261905 3.5217069291965686 0.0 29.384316693613304 680.0 1.505882352941178 1.3946511866458113 3.502690858301952 45.01462284090048 0.0 29.345482224521774 641.0 1.5975039001560107 28.13662262744742 5.58675950686399 35.76295777937128 0.0 7.64368178375316 36.0 28.44444444444444 0.6977944404766012 1.0905571814145025 4.365364986724842 0.0 29.32950224089589 666.0 1.5375375375375404 1.7074184125457643 1.2743884259339824 4.805157531375327 0.0 25.20336117593066 155.0 6.6064516129032205 4.58106600659779 4.752829121290701 15.074033345448699 0.0 19.31325074437748 51.0 20.078431372549023 1.381240272929209 0.9547113708187316 3.4864782878754865 0.0 25.41162594996692 183.0 5.595628415300541 1.6160164712838785 1.226879827897601 4.805157531375327 0.0 26.27307824989811 171.0 5.988304093567251 4.623389552209654 4.626418050729 15.166946884958433 0.0 19.60975946760939 50.0 20.48 1.3563354672577004 0.9255049896996911 3.355582661291501 0.0 25.812897746916324 196.0 5.2244897959183625 1.8044457614456646 1.359945553992794 5.869339320126588 0.0 26.385647874803833 151.0 6.7814569536423885 6.599812247510329 8.555497930014969 28.568402560419546 0.0 23.60727266036167 44.0 23.272727272727266 1.4311678659915594 1.0236707775613976 3.9592310638267834 0.0 25.64404569713557 180.0 5.688888888888895 
382.0005150327869 1.665634917364153 1.2422356133438905 4.6261065484396156 0.0 25.824682392753527 105.0 9.752380952380943 3.056263059684581 4.12259513383657 13.834661177334347 0.0 15.970947686880438 51.0 20.078431372549026 1.3246991553798906 0.9281394053322238 3.4836138576524758 0.0 26.000875782667034 126.0 8.126984126984144 1.6897048351345454 1.2654047682709335 4.6261065484396156 0.0 26.625738462213345 110.0 9.309090909090905 3.215174161356519 4.115440220494991 13.241912419968985 0.0 16.309553926498698 49.0 20.89795918367347 1.3539666318351125 0.8870485159504112 3.332808309342373 0.0 26.34924503504739 136.0 7.5294117647058965 1.7185123374342426 1.3491860340510882 5.6352774948562505 0.0 27.603210758859497 109.0 9.394495412844037 3.8649473481133176 6.466106547867601 24.628416408678792 0.0 21.257994108536618 46.0 22.260869565217398 1.410342496680556 0.9965322428027106 3.6016230121356916 0.0 26.215785468000025 126.0 8.126984126984144 0.0 0.0 0.0 0.0 0.0 1.0 1024.0 0.0 0.0 0.0 0.0 0.0 37.0 27.675675675675677 0.0 0.0 0.0 0.0 0.0 1.0 1024.0 0.0 0.0 0.0 0.0 0.0 1.0 1024.0 0.0 0.0 0.0 0.0 0.0 37.0 27.675675675675677 0.0 0.0 0.0 0.0 0.0 1.0 1024.0 0.0 0.0 0.0 0.0 0.0 1.0 1024.0 0.0 0.0 0.0 0.0 0.0 37.0 27.675675675675677 0.0 0.0 0.0 0.0 0.0 1.0 1024.0 1.7998120557542532 1.2080087216582993 4.805157531375327 0.0 25.288091253619527 149.0 6.872483221476517 4.58106600659779 4.752829121290701 15.074033345448699 0.0 19.31325074437748 51.0 20.078431372549023 1.3834532845382594 0.9662471048660553 3.4864782878754865 0.0 25.306913250458557 179.0 5.720670391061458 1.719123888561093 1.2080158490634139 4.805157531375327 0.0 26.01505262350951 160.0 6.400000000000006 4.623389552209654 4.626418050729 15.166946884958433 0.0 19.60975946760939 50.0 20.48 1.3614056653013034 0.9265244857932537 3.355582661291501 0.0 25.771921073685526 195.0 5.251282051282048 1.8420945479958841 1.3651119815631974 5.869339320126588 0.0 26.381452469887225 145.0 7.06206896551723 6.599812247510329 8.555497930014969 28.568402560419546 0.0 23.60727266036167 44.0 23.272727272727266 1.4685772678168236 1.0158776072768176 3.9592310638267834 0.0 25.16905258271956 175.0 5.851428571428562 1.4821718997126845 3.7743625924153417 41.78745222094094 0.0 29.348448643212514 638.0 1.6050156739811945 24.07319097332853 10.878977035411614 36.9901087825193 0.0 13.537096399266316 42.0 24.380952380952376 0.67316311656262 1.058939836325291 4.365364986724842 0.0 29.23826360004977 667.0 1.535232383808098 1.4169618569110516 3.4117222292526472 32.874741622928155 0.0 29.45164062088824 644.0 1.5900621118012397 26.413959054522664 9.991545507772553 41.631810312897706 0.0 9.48347659176922 38.0 26.947368421052634 0.6580914509313256 1.0264785295261905 3.5217069291965686 0.0 29.384316693613304 680.0 1.505882352941178 1.3946511866458113 3.502690858301952 45.01462284090048 0.0 29.345482224521774 641.0 1.5975039001560107 28.13662262744742 5.58675950686399 35.76295777937128 0.0 7.64368178375316 36.0 28.44444444444444 0.6977944404766012 1.0905571814145025 4.365364986724842 0.0 29.32950224089589 666.0 1.5375375375375404 1.7274442906243925 1.2667486494891245 4.805157531375327 0.0 25.267778888426015 153.0 6.69281045751635 4.58106600659779 4.752829121290701 15.074033345448699 0.0 19.31325074437748 51.0 20.078431372549023 1.361384305557572 0.9621783940373555 3.4864782878754865 0.0 25.509363434270796 186.0 5.505376344086026 1.6330647284643889 1.2204761386796126 4.805157531375327 0.0 26.338642138262955 169.0 6.059171597633142 4.623389552209654 4.626418050729 15.166946884958433 0.0 19.60975946760939 50.0 20.48 1.352003664959983 0.9278256202613999 3.355582661291501 0.0 25.871987442950253 197.0 5.197969543147212 1.7465984498528964 1.3754452886147126 5.869339320126588 0.0 26.87131913443665 156.0 6.564102564102572 6.599812247510329 8.555497930014969 28.568402560419546 0.0 23.60727266036167 44.0 23.272727272727266 1.4234663541333032 1.0261409445212533 3.9592310638267834 0.0 25.734899626886214 181.0 5.657458563535922 
383.0005150327869 1.665634917364153 1.2422356133438905 4.6261065484396156 0.0 25.824682392753527 105.0 9.752380952380943 3.056263059684581 4.12259513383657 13.834661177334347 0.0 15.970947686880438 51.0 20.078431372549026 1.3246991553798906 0.9281394053322238 3.4836138576524758 0.0 26.000875782667034 126.0 8.126984126984144 1.6897048351345454 1.2654047682709335 4.6261065484396156 0.0 26.625738462213345 110.0 9.309090909090905 3.215174161356519 4.115440220494991 13.241912419968985 0.0 16.309553926498698 49.0 20.89795918367347 1.3534479198250176 0.8878266303982806 3.332808309342373 0.0 26.34923122834422 136.0 7.5294117647058965 1.7185123374342426 1.3491860340510882 5.6352774948562505 0.0 27.603210758859497 109.0 9.394495412844037 3.8649473481133176 6.466106547867601 24.628416408678792 0.0 21.257994108536618 46.0 22.260869565217398 1.410342496680556 0.9965322428027106 3.6016230121356916 0.0 26.215785468000025 126.0 8.126984126984144 0.0 0.0 0.0 0.0 0.0 1.0 1024.0 0.0 0.0 0.0 0.0 0.0 37.0 27.675675675675677 0.0 0.0 0.0 0.0 0.0 1.0 1024.0 0.0 0.0 0.0 0.0 0.0 1.0 1024.0 0.0 0.0 0.0 0.0 0.0 37.0 27.675675675675677 0.0 0.0 0.0 0.0 0.0 1.0 1024.0 0.0 0.0 0.0 0.0 0.0 1.0 1024.0 0.0 0.0 0.0 0.0 0.0 37.0 27.675675675675677 0.0 0.0 0.0 0.0 0.0 1.0 1024.0 1.7998120557542532 1.2080087216582993 4.805157531375327 0.0 25.288091253619527 149.0 6.872483221476517 4.58106600659779 4.752829121290701 15.074033345448699 0.0 19.31325074437748 51.0 20.078431372549023 1.3834532845382594 0.9662471048660553 3.4864782878754865 0.0 25.306913250458557 179.0 5.720670391061458 1.719123888561093 1.2080158490634139 4.805157531375327 0.0 26.01505262350951 160.0 6.400000000000006 4.623389552209654 4.626418050729 15.166946884958433 0.0 19.60975946760939 50.0 20.48 1.3614056653013034 0.9265244857932537 3.355582661291501 0.0 25.771921073685526 195.0 5.251282051282048 1.8420945479958841 1.3651119815631974 5.869339320126588 0.0 26.381452469887225 145.0 7.06206896551723 6.599812247510329 8.555497930014969 28.568402560419546 0.0 23.60727266036167 44.0 23.272727272727266 1.4685772678168236 1.0158776072768176 3.9592310638267834 0.0 25.16905258271956 175.0 5.851428571428562 1.4821718997126845 3.7743625924153417 41.78745222094094 0.0 29.348448643212514 638.0 1.6050156739811945 24.07319097332853 10.878977035411614 36.9901087825193 0.0 13.537096399266316 42.0 24.380952380952376 0.67316311656262 1.058939836325291 4.365364986724842 0.0 29.23826360004977 667.0 1.535232383808098 1.4169618569110516 3.4117222292526472 32.874741622928155 0.0 29.45164062088824 644.0 1.5900621118012397 26.413959054522664 9.991545507772553 41.631810312897706 0.0 9.48347659176922 38.0 26.947368421052634 0.6580914509313256 1.0264785295261905 3.5217069291965686 0.0 29.384316693613304 680.0 1.505882352941178 1.3946511866458113 3.502690858301952 45.01462284090048 0.0 29.345482224521774 641.0 1.5975039001560107 28.13662262744742 5.58675950686399 35.76295777937128 0.0 7.64368178375316 36.0 28.44444444444444 0.6977944404766012 1.0905571814145025 4.365364986724842 0.0 29.32950224089589 666.0 1.5375375375375404 1.7343200938643353 1.2599745394972364 4.805157531375327 0.0 25.307063644621174 153.0 6.69281045751635 4.58106600659779 4.752829121290701 15.074033345448699 0.0 19.31325074437748 51.0 20.078431372549023 1.3770784886989569 0.9576475611273575 3.4864782878754865 0.0 25.473985217114237 185.0 5.535135135135135 1.6346934335411734 1.2223350651056266 4.805157531375327 0.0 26.35566788024434 169.0 6.059171597633143 4.623389552209654 4.626418050729 15.166946884958433 0.0 19.60975946760939 50.0 20.48 1.3584043608654355 0.9250353460546412 3.355582661291501 0.0 25.822914414787917 196.0 5.2244897959183625 1.69336625798408 1.386344525190185 5.869339320126588 0.0 27.27364586857525 161.0 6.36024844720496 6.599812247510329 8.555497930014969 28.568402560419546 0.0 23.60727266036167 44.0 23.272727272727266 1.4233348764032534 1.0263080970389709 3.9592310638267834 0.0 25.734170354865302 181.0 5.657458563535922 
384.0005150327869 1.665634917364153 1.2422356133438905 4.6261065484396156 0.0 25.824682392753527 105.0 9.752380952380943 3.056263059684581 4.12259513383657 13.834661177334347 0.0 15.970947686880438 51.0 20.078431372549026 1.3246991553798906 0.9281394053322238 3.4836138576524758 0.0 26.000875782667034 126.0 8.126984126984144 1.6897048351345454 1.2654047682709335 4.6261065484396156 0.0 26.625738462213345 110.0 9.309090909090905 3.215174161356519 4.115440220494991 13.241912419968985 0.0 16.309553926498698 49.0 20.89795918367347 1.3634161422552125 0.8834611048185358 3.332808309342373 0.0 26.277742378751533 135.0 7.5851851851851775 1.7185123374342426 1.3491860340510882 5.6352774948562505 0.0 27.603210758859497 109.0 9.394495412844037 3.8649473481133176 6.466106547867601 24.628416408678792 0.0 21.257994108536618 46.0 22.260869565217398 1.410342496680556 0.9965322428027106 3.6016230121356916 0.0 26.215785468000025 126.0 8.126984126984144 0.0 0.0 0.0 0.0 0.0 1.0 1024.0 0.0 0.0 0.0 0.0 0.0 37.0 27.675675675675677 0.0 0.0 0.0 0.0 0.0 1.0 1024.0 0.0 0.0 0.0 0.0 0.0 1.0 1024.0 0.0 0.0 0.0 0.0 0.0 37.0 27.675675675675677 0.0 0.0 0.0 0.0 0.0 1.0 1024.0 0.0 0.0 0.0 0.0 0.0 1.0 1024.0 0.0 0.0 0.0 0.0 0.0 37.0 27.675675675675677 0.0 0.0 0.0 0.0 0.0 1.0 1024.0 1.7998120557542532 1.2080087216582993 4.805157531375327 0.0 25.288091253619527 149.0 6.872483221476517 4.58106600659779 4.752829121290701 15.074033345448699 0.0 19.31325074437748 51.0 20.078431372549023 1.3834532845382594 0.9662471048660553 3.4864782878754865 0.0 25.306913250458557 179.0 5.720670391061458 1.719123888561093 1.2080158490634139 4.805157531375327 0.0 26.01505262350951 160.0 6.400000000000006 4.623389552209654 4.626418050729 15.166946884958433 0.0 19.60975946760939 50.0 20.48 1.3614056653013034 0.9265244857932537 3.355582661291501 0.0 25.771921073685526 195.0 5.251282051282048 1.8420945479958841 1.3651119815631974 5.869339320126588 0.0 26.381452469887225 145.0 7.06206896551723 6.599812247510329 8.555497930014969 28.568402560419546 0.0 23.60727266036167 44.0 23.272727272727266 1.4685772678168236 1.0158776072768176 3.9592310638267834 0.0 25.16905258271956 175.0 5.851428571428562 1.4821718997126845 3.7743625924153417 41.78745222094094 0.0 29.348448643212514 638.0 1.6050156739811945 24.07319097332853 10.878977035411614 36.9901087825193 0.0 13.537096399266316 42.0 24.380952380952376 0.67316311656262 1.058939836325291 4.365364986724842 0.0 29.23826360004977 667.0 1.535232383808098 1.4169618569110516 3.4117222292526472 32.874741622928155 0.0 29.45164062088824 644.0 1.5900621118012397 26.413959054522664 9.991545507772553 41.631810312897706 0.0 9.48347659176922 38.0 26.947368421052634 0.6580914509313256 1.0264785295261905 3.5217069291965686 0.0 29.384316693613304 680.0 1.505882352941178 1.3946511866458113 3.502690858301952 45.01462284090048 0.0 29.345482224521774 641.0 1.5975039001560107 28.13662262744742 5.58675950686399 35.76295777937128 0.0 7.64368178375316 36.0 28.44444444444444 0.6977944404766012 1.0905571814145025 4.365364986724842 0.0 29.32950224089589 666.0 1.5375375375375404 1.7214274468641053 1.2713398093067652 4.805157531375327 0.0 25.31927538321297 153.0 6.69281045751635 4.58106600659779 4.752829121290701 15.074033345448699 0.0 19.31325074437748 51.0 20.078431372549023 1.3632359237534797 0.9601198808871729 3.4864782878754865 0.0 25.556558344835537 186.0 5.505376344086026 1.6320858587871991 1.2237111473637028 4.805157531375327 0.0 26.359856260361187 169.0 6.059171597633143 4.623389552209654 4.626418050729 15.166946884958433 0.0 19.60975946760939 50.0 20.48 1.358194803875351 0.9249505504123888 3.355582661291501 0.0 25.821847860483157 196.0 5.2244897959183625 1.7945698624075281 1.3606967637050127 5.869339320126588 0.0 26.60370168397154 152.0 6.736842105263155 6.599812247510329 8.555497930014969 28.568402560419546 0.0 23.60727266036167 44.0 23.272727272727266 1.4298295638463914 1.0247346995797701 3.9592310638267834 0.0 25.629404375973305 180.0 5.688888888888895 
385.0005150327869 1.665634917364153 1.2422356133438905 4.6261065484396156 0.0 25.824682392753527 105.0 9.752380952380943 3.056263059684581 4.12259513383657 13.834661177334347 0.0 15.970947686880438 51.0 20.078431372549026 1.3246991553798906 0.9281394053322238 3.4836138576524758 0.0 26.000875782667034 126.0 8.126984126984144 1.6897048351345454 1.2654047682709335 4.6261065484396156 0.0 26.625738462213345 110.0 9.309090909090905 3.215174161356519 4.115440220494991 13.241912419968985 0.0 16.309553926498698 49.0 20.89795918367347 1.3834591525988875 0.8746406494893674 3.332808309342373 0.0 26.118119880814813 133.0 7.6992481203007515 1.7185123374342426 1.3491860340510882 5.6352774948562505 0.0 27.603210758859497 109.0 9.394495412844037 3.8649473481133176 6.466106547867601 24.628416408678792 0.0 21.257994108536618 46.0 22.260869565217398 1.410342496680556 0.9965322428027106 3.6016230121356916 0.0 26.215785468000025 126.0 8.126984126984144 0.0 0.0 0.0 0.0 0.0 1.0 1024.0 0.0 0.0 0.0 0.0 0.0 37.0 27.675675675675677 0.0 0.0 0.0 0.0 0.0 1.0 1024.0 0.0 0.0 0.0 0.0 0.0 1.0 1024.0 0.0 0.0 0.0 0.0 0.0 37.0 27.675675675675677 0.0 0.0 0.0 0.0 0.0 1.0 1024.0 0.0 0.0 0.0 0.0 0.0 1.0 1024.0 0.0 0.0 0.0 0.0 0.0 37.0 27.675675675675677 0.0 0.0 0.0 0.0 0.0 1.0 1024.0 1.7998120557542532 1.2080087216582993 4.805157531375327 0.0 25.288091253619527 149.0 6.872483221476517 4.58106600659779 4.752829121290701 15.074033345448699 0.0 19.31325074437748 51.0 20.078431372549023 1.3834532845382594 0.9662471048660553 3.4864782878754865 0.0 25.306913250458557 179.0 5.720670391061458 1.719123888561093 1.2080158490634139 4.805157531375327 0.0 26.01505262350951 160.0 6.400000000000006 4.623389552209654 4.626418050729 15.166946884958433 0.0 19.60975946760939 50.0 20.48 1.3614056653013034 0.9265244857932537 3.355582661291501 0.0 25.771921073685526 195.0 5.251282051282048 1.8420945479958841 1.3651119815631974 5.869339320126588 0.0 26.381452469887225 145.0 7.06206896551723 6.599812247510329 8.555497930014969 28.568402560419546 0.0 23.60727266036167 44.0 23.272727272727266 1.4685772678168236 1.0158776072768176 3.9592310638267834 0.0 25.16905258271956 175.0 5.851428571428562 1.4821718997126845 3.7743625924153417 41.78745222094094 0.0 29.348448643212514 638.0 1.6050156739811945 24.07319097332853 10.878977035411614 36.9901087825193 0.0 13.537096399266316 42.0 24.380952380952376 0.67316311656262 1.058939836325291 4.365364986724842 0.0 29.23826360004977 667.0 1.535232383808098 1.4169618569110516 3.4117222292526472 32.874741622928155 0.0 29.45164062088824 644.0 1.5900621118012397 26.413959054522664 9.991545507772553 41.631810312897706 0.0 9.48347659176922 38.0 26.947368421052634 0.6580914509313256 1.0264785295261905 3.5217069291965686 0.0 29.384316693613304 680.0 1.505882352941178 1.3946511866458113 3.502690858301952 45.01462284090048 0.0 29.345482224521774 641.0 1.5975039001560107 28.13662262744742 5.58675950686399 35.76295777937128 0.0 7.64368178375316 36.0 28.44444444444444 0.6977944404766012 1.0905571814145025 4.365364986724842 0.0 29.32950224089589 666.0 1.5375375375375404 1.7284901629475167 1.264277412213775 4.805157531375327 0.0 25.281230586933162 153.0 6.69281045751635 4.58106600659779 4.752829121290701 15.074033345448699 0.0 19.31325074437748 51.0 20.078431372549023 1.3582313768530352 0.9612657481259251 3.4864782878754865 0.0 25.554122724829774 186.0 5.505376344086026 1.6320858587871991 1.2237111473637028 4.805157531375327 0.0 26.359856260361187 169.0 6.059171597633143 4.623389552209654 4.626418050729 15.166946884958433 0.0 19.60975946760939 50.0 20.48 1.3514378567998626 0.9276255121075478 3.355582661291501 0.0 25.886056661853463 197.0 5.197969543147213 1.8163266162695788 1.3566386857750985 5.869339320126588 0.0 26.390063649116247 150.0 6.826666666666677 6.599812247510329 8.555497930014969 28.568402560419546 0.0 23.60727266036167 44.0 23.272727272727266 1.4309205648136074 1.0245691739544462 3.9592310638267834 0.0 25.633319366412184 180.0 5.688888888888895 
386.0005150327869 1.665634917364153 1.2422356133438905 4.6261065484396156 0.0 25.824682392753527 105.0 9.752380952380943 3.056263059684581 4.12259513383657 13.834661177334347 0.0 15.970947686880438 51.0 20.078431372549026 1.3246991553798906 0.9281394053322238 3.4836138576524758 0.0 26.000875782667034 126.0 8.126984126984144 1.6897048351345454 1.2654047682709335 4.6261065484396156 0.0 26.625738462213345 110.0 9.309090909090905 3.215174161356519 4.115440220494991 13.241912419968985 0.0 16.309553926498698 49.0 20.89795918367347 1.3834591525988875 0.8746406494893674 3.332808309342373 0.0 26.118119880814813 133.0 7.6992481203007515 1.7185123374342426 1.3491860340510882 5.6352774948562505 0.0 27.603210758859497 109.0 9.394495412844037 3.8649473481133176 6.466106547867601 24.628416408678792 0.0 21.257994108536618 46.0 22.260869565217398 1.410342496680556 0.9965322428027106 3.6016230121356916 0.0 26.215785468000025 126.0 8.126984126984144 0.0 0.0 0.0 0.0 0.0 1.0 1024.0 0.0 0.0 0.0 0.0 0.0 37.0 27.675675675675677 0.0 0.0 0.0 0.0 0.0 1.0 1024.0 0.0 0.0 0.0 0.0 0.0 1.0 1024.0 0.0 0.0 0.0 0.0 0.0 37.0 27.675675675675677 0.0 0.0 0.0 0.0 0.0 1.0 1024.0 0.0 0.0 0.0 0.0 0.0 1.0 1024.0 0.0 0.0 0.0 0.0 0.0 37.0 27.675675675675677 0.0 0.0 0.0 0.0 0.0 1.0 1024.0 1.7998120557542532 1.2080087216582993 4.805157531375327 0.0 25.288091253619527 149.0 6.872483221476517 4.58106600659779 4.752829121290701 15.074033345448699 0.0 19.31325074437748 51.0 20.078431372549023 1.3834532845382594 0.9662471048660553 3.4864782878754865 0.0 25.306913250458557 179.0 5.720670391061458 1.719123888561093 1.2080158490634139 4.805157531375327 0.0 26.01505262350951 160.0 6.400000000000006 4.623389552209654 4.626418050729 15.166946884958433 0.0 19.60975946760939 50.0 20.48 1.3614056653013034 0.9265244857932537 3.355582661291501 0.0 25.771921073685526 195.0 5.251282051282048 1.8420945479958841 1.3651119815631974 5.869339320126588 0.0 26.381452469887225 145.0 7.06206896551723 6.599812247510329 8.555497930014969 28.568402560419546 0.0 23.60727266036167 44.0 23.272727272727266 1.4685772678168236 1.0158776072768176 3.9592310638267834 0.0 25.16905258271956 175.0 5.851428571428562 1.4821718997126845 3.7743625924153417 41.78745222094094 0.0 29.348448643212514 638.0 1.6050156739811945 24.07319097332853 10.878977035411614 36.9901087825193 0.0 13.537096399266316 42.0 24.380952380952376 0.67316311656262 1.058939836325291 4.365364986724842 0.0 29.23826360004977 667.0 1.535232383808098 1.4169618569110516 3.4117222292526472 32.874741622928155 0.0 29.45164062088824 644.0 1.5900621118012397 26.413959054522664 9.991545507772553 41.631810312897706 0.0 9.48347659176922 38.0 26.947368421052634 0.6580914509313256 1.0264785295261905 3.5217069291965686 0.0 29.384316693613304 680.0 1.505882352941178 1.3946511866458113 3.502690858301952 45.01462284090048 0.0 29.345482224521774 641.0 1.5975039001560107 28.13662262744742 5.58675950686399 35.76295777937128 0.0 7.64368178375316 36.0 28.44444444444444 0.6977944404766012 1.0905571814145025 4.365364986724842 0.0 29.32950224089589 666.0 1.5375375375375404 1.6976587001926635 1.2774279530438957 4.805157531375327 0.0 25.302755994976796 155.0 6.6064516129032205 4.58106600659779 4.752829121290701 15.074033345448699 0.0 19.31325074437748 51.0 20.078431372549023 1.352361214546452 0.9648920237129951 3.4864782878754865 0.0 25.55821520934875 186.0 5.505376344086026 1.6320858587871991 1.2237111473637028 4.805157531375327 0.0 26.359856260361187 169.0 6.059171597633143 4.623389552209654 4.626418050729 15.166946884958433 0.0 19.60975946760939 50.0 20.48 1.3515098280440256 0.9275975538054538 3.355582661291501 0.0 25.88579532202761 197.0 5.197969543147213 1.757722842833505 1.3728668495599217 5.869339320126588 0.0 26.886313720901327 155.0 6.6064516129032205 6.599812247510329 8.555497930014969 28.568402560419546 0.0 23.60727266036167 44.0 23.272727272727266 1.425274933275491 1.024643941289073 3.9592310638267834 0.0 25.739827276981934 181.0 5.657458563535922 
387.0005150327869 1.665634917364153 1.2422356133438905 4.6261065484396156 0.0 25.824682392753527 105.0 9.752380952380943 3.056263059684581 4.12259513383657 13.834661177334347 0.0 15.970947686880438 51.0 20.078431372549026 1.3246991553798906 0.9281394053322238 3.4836138576524758 0.0 26.000875782667034 126.0 8.126984126984144 1.6897048351345454 1.2654047682709335 4.6261065484396156 0.0 26.625738462213345 110.0 9.309090909090905 3.215174161356519 4.115440220494991 13.241912419968985 0.0 16.309553926498698 49.0 20.89795918367347 1.3834591525988875 0.8746406494893674 3.332808309342373 0.0 26.118119880814813 133.0 7.6992481203007515 1.7185123374342426 1.3491860340510882 5.6352774948562505 0.0 27.603210758859497 109.0 9.394495412844037 3.8649473481133176 6.466106547867601 24.628416408678792 0.0 21.257994108536618 46.0 22.260869565217398 1.410342496680556 0.9965322428027106 3.6016230121356916 0.0 26.215785468000025 126.0 8.126984126984144 0.0 0.0 0.0 0.0 0.0 1.0 1024.0 0.0 0.0 0.0 0.0 0.0 37.0 27.675675675675677 0.0 0.0 0.0 0.0 0.0 1.0 1024.0 0.0 0.0 0.0 0.0 0.0 1.0 1024.0 0.0 0.0 0.0 0.0 0.0 37.0 27.675675675675677 0.0 0.0 0.0 0.0 0.0 1.0 1024.0 0.0 0.0 0.0 0.0 0.0 1.0 1024.0 0.0 0.0 0.0 0.0 0.0 37.0 27.675675675675677 0.0 0.0 0.0 0.0 0.0 1.0 1024.0 1.7998120557542532 1.2080087216582993 4.805157531375327 0.0 25.288091253619527 149.0 6.872483221476517 4.58106600659779 4.752829121290701 15.074033345448699 0.0 19.31325074437748 51.0 20.078431372549023 1.3834532845382594 0.9662471048660553 3.4864782878754865 0.0 25.306913250458557 179.0 5.720670391061458 1.7086289320787524 1.211628086114823 4.805157531375327 0.0 26.099042487915295 161.0 6.3602484472049605 4.623389552209654 4.626418050729 15.166946884958433 0.0 19.60975946760939 50.0 20.48 1.3614056653013034 0.9265244857932537 3.355582661291501 0.0 25.771921073685526 195.0 5.251282051282048 1.8420945479958841 1.3651119815631974 5.869339320126588 0.0 26.381452469887225 145.0 7.06206896551723 6.599812247510329 8.555497930014969 28.568402560419546 0.0 23.60727266036167 44.0 23.272727272727266 1.4685772678168236 1.0158776072768176 3.9592310638267834 0.0 25.16905258271956 175.0 5.851428571428562 1.4821718997126845 3.7743625924153417 41.78745222094094 0.0 29.348448643212514 638.0 1.6050156739811945 24.07319097332853 10.878977035411614 36.9901087825193 0.0 13.537096399266316 42.0 24.380952380952376 0.67316311656262 1.058939836325291 4.365364986724842 0.0 29.23826360004977 667.0 1.535232383808098 1.4169618569110516 3.4117222292526472 32.874741622928155 0.0 29.45164062088824 644.0 1.5900621118012397 26.413959054522664 9.991545507772553 41.631810312897706 0.0 9.48347659176922 38.0 26.947368421052634 0.6580914509313256 1.0264785295261905 3.5217069291965686 0.0 29.384316693613304 680.0 1.505882352941178 1.3946511866458113 3.502690858301952 45.01462284090048 0.0 29.345482224521774 641.0 1.5975039001560107 28.13662262744742 5.58675950686399 35.76295777937128 0.0 7.64368178375316 36.0 28.44444444444444 0.6977944404766012 1.0905571814145025 4.365364986724842 0.0 29.32950224089589 666.0 1.5375375375375404 1.6894938258492214 1.2787007749722763 4.805157531375327 0.0 25.35515554906429 156.0 6.564102564102574 4.58106600659779 4.752829121290701 15.074033345448699 0.0 19.31325074437748 51.0 20.078431372549023 1.3197548081557935 0.9772178998833863 3.4864782878754865 0.0 25.696781511762094 190.0 5.389473684210525 1.6322359963445907 1.2236374479322485 4.805157531375327 0.0 26.360493685387805 169.0 6.059171597633143 4.623389552209654 4.626418050729 15.166946884958433 0.0 19.60975946760939 50.0 20.48 1.3587242075937196 0.9246341788211211 3.355582661291501 0.0 25.819458501525403 196.0 5.2244897959183625 1.703810312484865 1.3843498672340036 5.869339320126588 0.0 27.297025767539843 160.0 6.4000000000000075 6.599812247510329 8.555497930014969 28.568402560419546 0.0 23.60727266036167 44.0 23.272727272727266 1.4304565455008211 1.0239419523515128 3.9592310638267834 0.0 25.650067225298326 180.0 5.688888888888895 
388.0005150327869 1.665634917364153 1.2422356133438905 4.6261065484396156 0.0 25.824682392753527 105.0 9.752380952380943 3.056263059684581 4.12259513383657 13.834661177334347 0.0 15.970947686880438 51.0 20.078431372549026 1.3246991553798906 0.9281394053322238 3.4836138576524758 0.0 26.000875782667034 126.0 8.126984126984144 1.6897048351345454 1.2654047682709335 4.6261065484396156 0.0 26.625738462213345 110.0 9.309090909090905 3.215174161356519 4.115440220494991 13.241912419968985 0.0 16.309553926498698 49.0 20.89795918367347 1.3834591525988875 0.8746406494893674 3.332808309342373 0.0 26.118119880814813 133.0 7.6992481203007515 1.7185123374342426 1.3491860340510882 5.6352774948562505 0.0 27.603210758859497 109.0 9.394495412844037 3.8649473481133176 6.466106547867601 24.628416408678792 0.0 21.257994108536618 46.0 22.260869565217398 1.410342496680556 0.9965322428027106 3.6016230121356916 0.0 26.215785468000025 126.0 8.126984126984144 0.0 0.0 0.0 0.0 0.0 1.0 1024.0 0.0 0.0 0.0 0.0 0.0 37.0 27.675675675675677 0.0 0.0 0.0 0.0 0.0 1.0 1024.0 0.0 0.0 0.0 0.0 0.0 1.0 1024.0 0.0 0.0 0.0 0.0 0.0 37.0 27.675675675675677 0.0 0.0 0.0 0.0 0.0 1.0 1024.0 0.0 0.0 0.0 0.0 0.0 1.0 1024.0 0.0 0.0 0.0 0.0 0.0 37.0 27.675675675675677 0.0 0.0 0.0 0.0 0.0 1.0 1024.0 1.7998120557542532 1.2080087216582993 4.805157531375327 0.0 25.288091253619527 149.0 6.872483221476517 4.58106600659779 4.752829121290701 15.074033345448699 0.0 19.31325074437748 51.0 20.078431372549023 1.3834532845382594 0.9662471048660553 3.4864782878754865 0.0 25.306913250458557 179.0 5.720670391061458 1.7086289320787524 1.211628086114823 4.805157531375327 0.0 26.099042487915295 161.0 6.3602484472049605 4.623389552209654 4.626418050729 15.166946884958433 0.0 19.60975946760939 50.0 20.48 1.3614056653013034 0.9265244857932537 3.355582661291501 0.0 25.771921073685526 195.0 5.251282051282048 1.8420945479958841 1.3651119815631974 5.869339320126588 0.0 26.381452469887225 145.0 7.06206896551723 6.599812247510329 8.555497930014969 28.568402560419546 0.0 23.60727266036167 44.0 23.272727272727266 1.4685772678168236 1.0158776072768176 3.9592310638267834 0.0 25.16905258271956 175.0 5.851428571428562 1.4821718997126845 3.7743625924153417 41.78745222094094 0.0 29.348448643212514 638.0 1.6050156739811945 24.07319097332853 10.878977035411614 36.9901087825193 0.0 13.537096399266316 42.0 24.380952380952376 0.67316311656262 1.058939836325291 4.365364986724842 0.0 29.23826360004977 667.0 1.535232383808098 1.4169618569110516 3.4117222292526472 32.874741622928155 0.0 29.45164062088824 644.0 1.5900621118012397 26.413959054522664 9.991545507772553 41.631810312897706 0.0 9.48347659176922 38.0 26.947368421052634 0.6580914509313256 1.0264785295261905 3.5217069291965686 0.0 29.384316693613304 680.0 1.505882352941178 1.3946511866458113 3.502690858301952 45.01462284090048 0.0 29.345482224521774 641.0 1.5975039001560107 28.13662262744742 5.58675950686399 35.76295777937128 0.0 7.64368178375316 36.0 28.44444444444444 0.6977944404766012 1.0905571814145025 4.365364986724842 0.0 29.32950224089589 666.0 1.5375375375375404 1.7072194231366316 1.272578529811229 4.805157531375327 0.0 25.30247716398124 154.0 6.649350649350648 4.58106600659779 4.752829121290701 15.074033345448699 0.0 19.31325074437748 51.0 20.078431372549023 1.3488158290307275 0.967404820070923 3.4864782878754865 0.0 25.509212088289527 185.0 5.535135135135135 1.6421516359106558 1.2206228958698124 4.805157531375327 0.0 26.305077839504005 168.0 6.095238095238098 4.623389552209654 4.626418050729 15.166946884958433 0.0 19.60975946760939 50.0 20.48 1.358744646586946 0.9246487338804906 3.355582661291501 0.0 25.81873849201779 196.0 5.2244897959183625 1.7945698624075281 1.3606967637050127 5.869339320126588 0.0 26.60370168397154 152.0 6.736842105263155 6.599812247510329 8.555497930014969 28.568402560419546 0.0 23.60727266036167 44.0 23.272727272727266 1.4382121036230118 1.0214197907234943 3.9592310638267834 0.0 25.545208739200355 179.0 5.720670391061458 
389.0005150327869 1.665634917364153 1.2422356133438905 4.6261065484396156 0.0 25.824682392753527 105.0 9.752380952380943 3.056263059684581 4.12259513383657 13.834661177334347 0.0 15.970947686880438 51.0 20.078431372549026 1.3246991553798906 0.9281394053322238 3.4836138576524758 0.0 26.000875782667034 126.0 8.126984126984144 1.6897048351345454 1.2654047682709335 4.6261065484396156 0.0 26.625738462213345 110.0 9.309090909090905 3.215174161356519 4.115440220494991 13.241912419968985 0.0 16.309553926498698 49.0 20.89795918367347 1.3834591525988875 0.8746406494893674 3.332808309342373 0.0 26.118119880814813 133.0 7.6992481203007515 1.7185123374342426 1.3491860340510882 5.6352774948562505 0.0 27.603210758859497 109.0 9.394495412844037 3.8649473481133176 6.466106547867601 24.628416408678792 0.0 21.257994108536618 46.0 22.260869565217398 1.410342496680556 0.9965322428027106 3.6016230121356916 0.0 26.215785468000025 126.0 8.126984126984144 0.0 0.0 0.0 0.0 0.0 1.0 1024.0 0.0 0.0 0.0 0.0 0.0 37.0 27.675675675675677 0.0 0.0 0.0 0.0 0.0 1.0 1024.0 0.0 0.0 0.0 0.0 0.0 1.0 1024.0 0.0 0.0 0.0 0.0 0.0 37.0 27.675675675675677 0.0 0.0 0.0 0.0 0.0 1.0 1024.0 0.0 0.0 0.0 0.0 0.0 1.0 1024.0 0.0 0.0 0.0 0.0 0.0 37.0 27.675675675675677 0.0 0.0 0.0 0.0 0.0 1.0 1024.0 1.7998120557542532 1.2080087216582993 4.805157531375327 0.0 25.288091253619527 149.0 6.872483221476517 4.58106600659779 4.752829121290701 15.074033345448699 0.0 19.31325074437748 51.0 20.078431372549023 1.3834532845382594 0.9662471048660553 3.4864782878754865 0.0 25.306913250458557 179.0 5.720670391061458 1.7088291781388278 1.2111965724727591 4.805157531375327 0.0 26.098934212410693 161.0 6.3602484472049605 4.623389552209654 4.626418050729 15.166946884958433 0.0 19.60975946760939 50.0 20.48 1.3614056653013034 0.9265244857932537 3.355582661291501 0.0 25.771921073685526 195.0 5.251282051282048 1.8420945479958841 1.3651119815631974 5.869339320126588 0.0 26.381452469887225 145.0 7.06206896551723 6.599812247510329 8.555497930014969 28.568402560419546 0.0 23.60727266036167 44.0 23.272727272727266 1.4685772678168236 1.0158776072768176 3.9592310638267834 0.0 25.16905258271956 175.0 5.851428571428562 1.4821718997126845 3.7743625924153417 41.78745222094094 0.0 29.348448643212514 638.0 1.6050156739811945 24.07319097332853 10.878977035411614 36.9901087825193 0.0 13.537096399266316 42.0 24.380952380952376 0.67316311656262 1.058939836325291 4.365364986724842 0.0 29.23826360004977 667.0 1.535232383808098 1.4169618569110516 3.4117222292526472 32.874741622928155 0.0 29.45164062088824 644.0 1.5900621118012397 26.413959054522664 9.991545507772553 41.631810312897706 0.0 9.48347659176922 38.0 26.947368421052634 0.6580914509313256 1.0264785295261905 3.5217069291965686 0.0 29.384316693613304 680.0 1.505882352941178 1.3946511866458113 3.502690858301952 45.01462284090048 0.0 29.345482224521774 641.0 1.5975039001560107 28.13662262744742 5.58675950686399 35.76295777937128 0.0 7.64368178375316 36.0 28.44444444444444 0.6977944404766012 1.0905571814145025 4.365364986724842 0.0 29.32950224089589 666.0 1.5375375375375404 1.6907802560812664 1.2801444557624164 4.805157531375327 0.0 25.380047276537468 155.0 6.6064516129032205 4.58106600659779 4.752829121290701 15.074033345448699 0.0 19.31325074437748 51.0 20.078431372549023 1.341403521978287 0.9714770756393203 3.4864782878754865 0.0 25.54891808006186 186.0 5.505376344086026 1.630683430745391 1.2249029332706165 4.805157531375327 0.0 26.32912281592094 169.0 6.059171597633143 4.623389552209654 4.626418050729 15.166946884958433 0.0 19.60975946760939 50.0 20.48 1.3585630154494817 0.9246511669996245 3.355582661291501 0.0 25.818164251284635 196.0 5.2244897959183625 1.8163266162695788 1.3566386857750985 5.869339320126588 0.0 26.390063649116247 150.0 6.826666666666677 6.599812247510329 8.555497930014969 28.568402560419546 0.0 23.60727266036167 44.0 23.272727272727266 1.4384484097054697 1.0215202173864741 3.9592310638267834 0.0 25.545254047873648 179.0 5.720670391061458 
390.0005150327869 1.665634917364153 1.2422356133438905 4.6261065484396156 0.0 25.824682392753527 105.0 9.752380952380943 3.056263059684581 4.12259513383657 13.834661177334347 0.0 15.970947686880438 51.0 20.078431372549026 1.3246991553798906 0.9281394053322238 3.4836138576524758 0.0 26.000875782667034 126.0 8.126984126984144 1.6897048351345454 1.2654047682709335 4.6261065484396156 0.0 26.625738462213345 110.0 9.309090909090905 3.215174161356519 4.115440220494991 13.241912419968985 0.0 16.309553926498698 49.0 20.89795918367347 1.3834591525988875 0.8746406494893674 3.332808309342373 0.0 26.118119880814813 133.0 7.6992481203007515 1.7185123374342426 1.3491860340510882 5.6352774948562505 0.0 27.603210758859497 109.0 9.394495412844037 3.8649473481133176 6.466106547867601 24.628416408678792 0.0 21.257994108536618 46.0 22.260869565217398 1.410342496680556 0.9965322428027106 3.6016230121356916 0.0 26.215785468000025 126.0 8.126984126984144 0.0 0.0 0.0 0.0 0.0 1.0 1024.0 0.0 0.0 0.0 0.0 0.0 37.0 27.675675675675677 0.0 0.0 0.0 0.0 0.0 1.0 1024.0 0.0 0.0 0.0 0.0 0.0 1.0 1024.0 0.0 0.0 0.0 0.0 0.0 37.0 27.675675675675677 0.0 0.0 0.0 0.0 0.0 1.0 1024.0 0.0 0.0 0.0 0.0 0.0 1.0 1024.0 0.0 0.0 0.0 0.0 0.0 37.0 27.675675675675677 0.0 0.0 0.0 0.0 0.0 1.0 1024.0 1.7998120557542532 1.2080087216582993 4.805157531375327 0.0 25.288091253619527 149.0 6.872483221476517 4.58106600659779 4.752829121290701 15.074033345448699 0.0 19.31325074437748 51.0 20.078431372549023 1.3834532845382594 0.9662471048660553 3.4864782878754865 0.0 25.306913250458557 179.0 5.720670391061458 1.7088291781388278 1.2111965724727591 4.805157531375327 0.0 26.098934212410693 161.0 6.3602484472049605 4.623389552209654 4.626418050729 15.166946884958433 0.0 19.60975946760939 50.0 20.48 1.3614056653013034 0.9265244857932537 3.355582661291501 0.0 25.771921073685526 195.0 5.251282051282048 1.8420945479958841 1.3651119815631974 5.869339320126588 0.0 26.381452469887225 145.0 7.06206896551723 6.599812247510329 8.555497930014969 28.568402560419546 0.0 23.60727266036167 44.0 23.272727272727266 1.4685772678168236 1.0158776072768176 3.9592310638267834 0.0 25.16905258271956 175.0 5.851428571428562 1.4821718997126845 3.7743625924153417 41.78745222094094 0.0 29.348448643212514 638.0 1.6050156739811945 24.07319097332853 10.878977035411614 36.9901087825193 0.0 13.537096399266316 42.0 24.380952380952376 0.67316311656262 1.058939836325291 4.365364986724842 0.0 29.23826360004977 667.0 1.535232383808098 1.4169618569110516 3.4117222292526472 32.874741622928155 0.0 29.45164062088824 644.0 1.5900621118012397 26.413959054522664 9.991545507772553 41.631810312897706 0.0 9.48347659176922 38.0 26.947368421052634 0.6580914509313256 1.0264785295261905 3.5217069291965686 0.0 29.384316693613304 680.0 1.505882352941178 1.3946511866458113 3.502690858301952 45.01462284090048 0.0 29.345482224521774 641.0 1.5975039001560107 28.13662262744742 5.58675950686399 35.76295777937128 0.0 7.64368178375316 36.0 28.44444444444444 0.6977944404766012 1.0905571814145025 4.365364986724842 0.0 29.32950224089589 666.0 1.5375375375375404 1.6870271993692096 1.2853688428236572 4.805157531375327 0.0 25.306615099291 154.0 6.649350649350648 4.58106600659779 4.752829121290701 15.074033345448699 0.0 19.31325074437748 51.0 20.078431372549023 1.3264343455175065 0.9767693975329216 3.4864782878754865 0.0 25.649393716507056 188.0 5.446808510638302 1.6192036126419858 1.2296288417019248 4.805157531375327 0.0 26.345781933675415 170.0 6.0235294117647085 4.623389552209654 4.626418050729 15.166946884958433 0.0 19.60975946760939 50.0 20.48 1.3583318790305656 0.9246945380806443 3.355582661291501 0.0 25.824147752879757 196.0 5.2244897959183625 1.757722842833505 1.3728668495599217 5.869339320126588 0.0 26.886313720901327 155.0 6.6064516129032205 6.599812247510329 8.555497930014969 28.568402560419546 0.0 23.60727266036167 44.0 23.272727272727266 1.4461074419532027 1.0191976654192034 3.9592310638267834 0.0 25.457263535996407 178.0 5.752808988764034 
391.0005150327869 1.6656718473243255 1.2422015443391055 4.6261065484396156 0.0 25.82493765391071 105.0 9.752380952380943 3.056263059684581 4.12259513383657 13.834661177334347 0.0 15.970947686880438 51.0 20.078431372549026 1.3246991553798906 0.9281394053322238 3.4836138576524758 0.0 26.000875782667034 126.0 8.126984126984144 1.6897048351345454 1.2654047682709335 4.6261065484396156 0.0 26.625738462213345 110.0 9.309090909090905 3.215174161356519 4.115440220494991 13.241912419968985 0.0 16.309553926498698 49.0 20.89795918367347 1.3834591525988875 0.8746406494893674 3.332808309342373 0.0 26.118119880814813 133.0 7.6992481203007515 1.7185123374342426 1.3491860340510882 5.6352774948562505 0.0 27.603210758859497 109.0 9.394495412844037 3.8649473481133176 6.466106547867601 24.628416408678792 0.0 21.257994108536618 46.0 22.260869565217398 1.410342496680556 0.9965322428027106 3.6016230121356916 0.0 26.215785468000025 126.0 8.126984126984144 0.0 0.0 0.0 0.0 0.0 1.0 1024.0 0.0 0.0 0.0 0.0 0.0 37.0 27.675675675675677 0.0 0.0 0.0 0.0 0.0 1.0 1024.0 0.0 0.0 0.0 0.0 0.0 1.0 1024.0 0.0 0.0 0.0 0.0 0.0 37.0 27.675675675675677 0.0 0.0 0.0 0.0 0.0 1.0 1024.0 0.0 0.0 0.0 0.0 0.0 1.0 1024.0 0.0 0.0 0.0 0.0 0.0 37.0 27.675675675675677 0.0 0.0 0.0 0.0 0.0 1.0 1024.0 1.7998120557542532 1.2080087216582993 4.805157531375327 0.0 25.288091253619527 149.0 6.872483221476517 4.58106600659779 4.752829121290701 15.074033345448699 0.0 19.31325074437748 51.0 20.078431372549023 1.3834532845382594 0.9662471048660553 3.4864782878754865 0.0 25.306913250458557 179.0 5.720670391061458 1.7088291781388278 1.2111965724727591 4.805157531375327 0.0 26.098934212410693 161.0 6.3602484472049605 4.623389552209654 4.626418050729 15.166946884958433 0.0 19.60975946760939 50.0 20.48 1.3614056653013034 0.9265244857932537 3.355582661291501 0.0 25.771921073685526 195.0 5.251282051282048 1.8420945479958841 1.3651119815631974 5.869339320126588 0.0 26.381452469887225 145.0 7.06206896551723 6.599812247510329 8.555497930014969 28.568402560419546 0.0 23.60727266036167 44.0 23.272727272727266 1.4685772678168236 1.0158776072768176 3.9592310638267834 0.0 25.16905258271956 175.0 5.851428571428562 1.4821718997126845 3.7743625924153417 41.78745222094094 0.0 29.348448643212514 638.0 1.6050156739811945 24.07319097332853 10.878977035411614 36.9901087825193 0.0 13.537096399266316 42.0 24.380952380952376 0.67316311656262 1.058939836325291 4.365364986724842 0.0 29.23826360004977 667.0 1.535232383808098 1.4169618569110516 3.4117222292526472 32.874741622928155 0.0 29.45164062088824 644.0 1.5900621118012397 26.413959054522664 9.991545507772553 41.631810312897706 0.0 9.48347659176922 38.0 26.947368421052634 0.6580914509313256 1.0264785295261905 3.5217069291965686 0.0 29.384316693613304 680.0 1.505882352941178 1.3946511866458113 3.502690858301952 45.01462284090048 0.0 29.345482224521774 641.0 1.5975039001560107 28.13662262744742 5.58675950686399 35.76295777937128 0.0 7.64368178375316 36.0 28.44444444444444 0.6977944404766012 1.0905571814145025 4.365364986724842 0.0 29.32950224089589 666.0 1.5375375375375404 1.6870271993692096 1.2853688428236572 4.805157531375327 0.0 25.306615099291 154.0 6.649350649350648 4.58106600659779 4.752829121290701 15.074033345448699 0.0 19.31325074437748 51.0 20.078431372549023 1.3339548455902763 0.9739540536271072 3.4864782878754865 0.0 25.610231627692347 187.0 5.475935828877002 1.5876547587670438 1.2411478732918901 4.805157531375327 0.0 26.320858635811877 173.0 5.919075144508673 4.623389552209654 4.626418050729 15.166946884958433 0.0 19.60975946760939 50.0 20.48 1.3480794918173626 0.9284799132762611 3.355582661291501 0.0 25.863015493454157 196.0 5.224489795918362 1.703810312484865 1.3843498672340036 5.869339320126588 0.0 27.297025767539843 160.0 6.4000000000000075 6.599812247510329 8.555497930014969 28.568402560419546 0.0 23.60727266036167 44.0 23.272727272727266 1.4471413855140445 1.0182125579798846 3.9592310638267834 0.0 25.45751153596616 178.0 5.752808988764034 
392.0005150327869 1.6656718473243255 1.2422015443391055 4.6261065484396156 0.0 25.82493765391071 105.0 9.752380952380943 3.056263059684581 4.12259513383657 13.834661177334347 0.0 15.970947686880438 51.0 20.078431372549026 1.3246991553798906 0.9281394053322238 3.4836138576524758 0.0 26.000875782667034 126.0 8.126984126984144 1.6897048351345454 1.2654047682709335 4.6261065484396156 0.0 26.625738462213345 110.0 9.309090909090905 3.215174161356519 4.115440220494991 13.241912419968985 0.0 16.309553926498698 49.0 20.89795918367347 1.3834591525988875 0.8746406494893674 3.332808309342373 0.0 26.118119880814813 133.0 7.6992481203007515 1.7185123374342426 1.3491860340510882 5.6352774948562505 0.0 27.603210758859497 109.0 9.394495412844037 3.8649473481133176 6.466106547867601 24.628416408678792 0.0 21.257994108536618 46.0 22.260869565217398 1.410342496680556 0.9965322428027106 3.6016230121356916 0.0 26.215785468000025 126.0 8.126984126984144 0.0 0.0 0.0 0.0 0.0 1.0 1024.0 0.0 0.0 0.0 0.0 0.0 37.0 27.675675675675677 0.0 0.0 0.0 0.0 0.0 1.0 1024.0 0.0 0.0 0.0 0.0 0.0 1.0 1024.0 0.0 0.0 0.0 0.0 0.0 37.0 27.675675675675677 0.0 0.0 0.0 0.0 0.0 1.0 1024.0 0.0 0.0 0.0 0.0 0.0 1.0 1024.0 0.0 0.0 0.0 0.0 0.0 37.0 27.675675675675677 0.0 0.0 0.0 0.0 0.0 1.0 1024.0 1.7998120557542532 1.2080087216582993 4.805157531375327 0.0 25.288091253619527 149.0 6.872483221476517 4.58106600659779 4.752829121290701 15.074033345448699 0.0 19.31325074437748 51.0 20.078431372549023 1.3834532845382594 0.9662471048660553 3.4864782878754865 0.0 25.306913250458557 179.0 5.720670391061458 1.7088291781388278 1.2111965724727591 4.805157531375327 0.0 26.098934212410693 161.0 6.3602484472049605 4.623389552209654 4.626418050729 15.166946884958433 0.0 19.60975946760939 50.0 20.48 1.3614056653013034 0.9265244857932537 3.355582661291501 0.0 25.771921073685526 195.0 5.251282051282048 1.8420945479958841 1.3651119815631974 5.869339320126588 0.0 26.381452469887225 145.0 7.06206896551723 6.599812247510329 8.555497930014969 28.568402560419546 0.0 23.60727266036167 44.0 23.272727272727266 1.4685772678168236 1.0158776072768176 3.9592310638267834 0.0 25.16905258271956 175.0 5.851428571428562 1.4821718997126845 3.7743625924153417 41.78745222094094 0.0 29.348448643212514 638.0 1.6050156739811945 24.07319097332853 10.878977035411614 36.9901087825193 0.0 13.537096399266316 42.0 24.380952380952376 0.67316311656262 1.058939836325291 4.365364986724842 0.0 29.23826360004977 667.0 1.535232383808098 1.4169618569110516 3.4117222292526472 32.874741622928155 0.0 29.45164062088824 644.0 1.5900621118012397 26.413959054522664 9.991545507772553 41.631810312897706 0.0 9.48347659176922 38.0 26.947368421052634 0.6580914509313256 1.0264785295261905 3.5217069291965686 0.0 29.384316693613304 680.0 1.505882352941178 1.3946511866458113 3.502690858301952 45.01462284090048 0.0 29.345482224521774 641.0 1.5975039001560107 28.13662262744742 5.58675950686399 35.76295777937128 0.0 7.64368178375316 36.0 28.44444444444444 0.6977944404766012 1.0905571814145025 4.365364986724842 0.0 29.32950224089589 666.0 1.5375375375375404 1.6870271993692096 1.2853688428236572 4.805157531375327 0.0 25.306615099291 154.0 6.649350649350648 4.58106600659779 4.752829121290701 15.074033345448699 0.0 19.31325074437748 51.0 20.078431372549023 1.3418667368584272 0.9707797644889714 3.4864782878754865 0.0 25.557884272039004 186.0 5.505376344086026 1.638154208795336 1.2211648941537698 4.805157531375327 0.0 26.29641614032099 169.0 6.059171597633142 4.623389552209654 4.626418050729 15.166946884958433 0.0 19.60975946760939 50.0 20.48 1.3480794918173626 0.9284799132762611 3.355582661291501 0.0 25.863015493454157 196.0 5.224489795918362 1.7945698624075281 1.3606967637050127 5.869339320126588 0.0 26.60370168397154 152.0 6.736842105263155 6.599812247510329 8.555497930014969 28.568402560419546 0.0 23.60727266036167 44.0 23.272727272727266 1.447823360928574 1.01771774295255 3.9592310638267834 0.0 25.4590696936514 178.0 5.752808988764034 
393.0005150327869 1.6656718473243255 1.2422015443391055 4.6261065484396156 0.0 25.82493765391071 105.0 9.752380952380943 3.056263059684581 4.12259513383657 13.834661177334347 0.0 15.970947686880438 51.0 20.078431372549026 1.3246991553798906 0.9281394053322238 3.4836138576524758 0.0 26.000875782667034 126.0 8.126984126984144 1.6897048351345454 1.2654047682709335 4.6261065484396156 0.0 26.625738462213345 110.0 9.309090909090905 3.215174161356519 4.115440220494991 13.241912419968985 0.0 16.309553926498698 49.0 20.89795918367347 1.3834591525988875 0.8746406494893674 3.332808309342373 0.0 26.118119880814813 133.0 7.6992481203007515 1.7185123374342426 1.3491860340510882 5.6352774948562505 0.0 27.603210758859497 109.0 9.394495412844037 3.8649473481133176 6.466106547867601 24.628416408678792 0.0 21.257994108536618 46.0 22.260869565217398 1.410342496680556 0.9965322428027106 3.6016230121356916 0.0 26.215785468000025 126.0 8.126984126984144 0.0 0.0 0.0 0.0 0.0 1.0 1024.0 0.0 0.0 0.0 0.0 0.0 37.0 27.675675675675677 0.0 0.0 0.0 0.0 0.0 1.0 1024.0 0.0 0.0 0.0 0.0 0.0 1.0 1024.0 0.0 0.0 0.0 0.0 0.0 37.0 27.675675675675677 0.0 0.0 0.0 0.0 0.0 1.0 1024.0 0.0 0.0 0.0 0.0 0.0 1.0 1024.0 0.0 0.0 0.0 0.0 0.0 37.0 27.675675675675677 0.0 0.0 0.0 0.0 0.0 1.0 1024.0 1.7998120557542532 1.2080087216582993 4.805157531375327 0.0 25.288091253619527 149.0 6.872483221476517 4.58106600659779 4.752829121290701 15.074033345448699 0.0 19.31325074437748 51.0 20.078431372549023 1.3834532845382594 0.9662471048660553 3.4864782878754865 0.0 25.306913250458557 179.0 5.720670391061458 1.7088291781388278 1.2111965724727591 4.805157531375327 0.0 26.098934212410693 161.0 6.3602484472049605 4.623389552209654 4.626418050729 15.166946884958433 0.0 19.60975946760939 50.0 20.48 1.3614056653013034 0.9265244857932537 3.355582661291501 0.0 25.771921073685526 195.0 5.251282051282048 1.8420945479958841 1.3651119815631974 5.869339320126588 0.0 26.381452469887225 145.0 7.06206896551723 6.599812247510329 8.555497930014969 28.568402560419546 0.0 23.60727266036167 44.0 23.272727272727266 1.4685772678168236 1.0158776072768176 3.9592310638267834 0.0 25.16905258271956 175.0 5.851428571428562 1.4821718997126845 3.7743625924153417 41.78745222094094 0.0 29.348448643212514 638.0 1.6050156739811945 24.07319097332853 10.878977035411614 36.9901087825193 0.0 13.537096399266316 42.0 24.380952380952376 0.67316311656262 1.058939836325291 4.365364986724842 0.0 29.23826360004977 667.0 1.535232383808098 1.4169618569110516 3.4117222292526472 32.874741622928155 0.0 29.45164062088824 644.0 1.5900621118012397 26.413959054522664 9.991545507772553 41.631810312897706 0.0 9.48347659176922 38.0 26.947368421052634 0.6580914509313256 1.0264785295261905 3.5217069291965686 0.0 29.384316693613304 680.0 1.505882352941178 1.3946511866458113 3.502690858301952 45.01462284090048 0.0 29.345482224521774 641.0 1.5975039001560107 28.13662262744742 5.58675950686399 35.76295777937128 0.0 7.64368178375316 36.0 28.44444444444444 0.6977944404766012 1.0905571814145025 4.365364986724842 0.0 29.32950224089589 666.0 1.5375375375375404 1.6870271993692096 1.2853688428236572 4.805157531375327 0.0 25.306615099291 154.0 6.649350649350648 4.58106600659779 4.752829121290701 15.074033345448699 0.0 19.31325074437748 51.0 20.078431372549023 1.3418667368584272 0.9707797644889714 3.4864782878754865 0.0 25.557884272039004 186.0 5.505376344086026 1.6384321350503441 1.2235051920363824 4.805157531375327 0.0 26.37424012246408 169.0 6.059171597633143 4.623389552209654 4.626418050729 15.166946884958433 0.0 19.60975946760939 50.0 20.48 1.3562462989921305 0.92389384520101 3.355582661291501 0.0 25.8417335041966 195.0 5.251282051282047 1.8163266162695788 1.3566386857750985 5.869339320126588 0.0 26.390063649116247 150.0 6.826666666666677 6.599812247510329 8.555497930014969 28.568402560419546 0.0 23.60727266036167 44.0 23.272727272727266 1.448546100229121 1.0174409307705479 3.9592310638267834 0.0 25.461100735808113 178.0 5.752808988764034 
394.0005150327869 1.6656718473243255 1.2422015443391055 4.6261065484396156 0.0 25.82493765391071 105.0 9.752380952380943 3.056263059684581 4.12259513383657 13.834661177334347 0.0 15.970947686880438 51.0 20.078431372549026 1.3246991553798906 0.9281394053322238 3.4836138576524758 0.0 26.000875782667034 126.0 8.126984126984144 1.6897048351345454 1.2654047682709335 4.6261065484396156 0.0 26.625738462213345 110.0 9.309090909090905 3.215174161356519 4.115440220494991 13.241912419968985 0.0 16.309553926498698 49.0 20.89795918367347 1.3834591525988875 0.8746406494893674 3.332808309342373 0.0 26.118119880814813 133.0 7.6992481203007515 1.7185123374342426 1.3491860340510882 5.6352774948562505 0.0 27.603210758859497 109.0 9.394495412844037 3.8649473481133176 6.466106547867601 24.628416408678792 0.0 21.257994108536618 46.0 22.260869565217398 1.410342496680556 0.9965322428027106 3.6016230121356916 0.0 26.215785468000025 126.0 8.126984126984144 0.0 0.0 0.0 0.0 0.0 1.0 1024.0 0.0 0.0 0.0 0.0 0.0 37.0 27.675675675675677 0.0 0.0 0.0 0.0 0.0 1.0 1024.0 0.0 0.0 0.0 0.0 0.0 1.0 1024.0 0.0 0.0 0.0 0.0 0.0 37.0 27.675675675675677 0.0 0.0 0.0 0.0 0.0 1.0 1024.0 0.0 0.0 0.0 0.0 0.0 1.0 1024.0 0.0 0.0 0.0 0.0 0.0 37.0 27.675675675675677 0.0 0.0 0.0 0.0 0.0 1.0 1024.0 1.7998120557542532 1.2080087216582993 4.805157531375327 0.0 25.288091253619527 149.0 6.872483221476517 4.58106600659779 4.752829121290701 15.074033345448699 0.0 19.31325074437748 51.0 20.078431372549023 1.3834532845382594 0.9662471048660553 3.4864782878754865 0.0 25.306913250458557 179.0 5.720670391061458 1.7088291781388278 1.2111965724727591 4.805157531375327 0.0 26.098934212410693 161.0 6.3602484472049605 4.623389552209654 4.626418050729 15.166946884958433 0.0 19.60975946760939 50.0 20.48 1.3614056653013034 0.9265244857932537 3.355582661291501 0.0 25.771921073685526 195.0 5.251282051282048 1.8420945479958841 1.3651119815631974 5.869339320126588 0.0 26.381452469887225 145.0 7.06206896551723 6.599812247510329 8.555497930014969 28.568402560419546 0.0 23.60727266036167 44.0 23.272727272727266 1.4685772678168236 1.0158776072768176 3.9592310638267834 0.0 25.16905258271956 175.0 5.851428571428562 1.4821718997126845 3.7743625924153417 41.78745222094094 0.0 29.348448643212514 638.0 1.6050156739811945 24.07319097332853 10.878977035411614 36.9901087825193 0.0 13.537096399266316 42.0 24.380952380952376 0.67316311656262 1.058939836325291 4.365364986724842 0.0 29.23826360004977 667.0 1.535232383808098 1.4169618569110516 3.4117222292526472 32.874741622928155 0.0 29.45164062088824 644.0 1.5900621118012397 26.413959054522664 9.991545507772553 41.631810312897706 0.0 9.48347659176922 38.0 26.947368421052634 0.6580914509313256 1.0264785295261905 3.5217069291965686 0.0 29.384316693613304 680.0 1.505882352941178 1.3946511866458113 3.502690858301952 45.01462284090048 0.0 29.345482224521774 641.0 1.5975039001560107 28.13662262744742 5.58675950686399 35.76295777937128 0.0 7.64368178375316 36.0 28.44444444444444 0.6977944404766012 1.0905571814145025 4.365364986724842 0.0 29.32950224089589 666.0 1.5375375375375404 1.687327435185266 1.2852480936158777 4.805157531375327 0.0 25.307353573804804 154.0 6.649350649350648 4.58106600659779 4.752829121290701 15.074033345448699 0.0 19.31325074437748 51.0 20.078431372549023 1.3419818850945329 0.9707290722116041 3.4864782878754865 0.0 25.558440817577143 186.0 5.505376344086026 1.6538363783529026 1.2186564776121045 4.805157531375327 0.0 26.33882671172415 167.0 6.1317365269461135 4.623389552209654 4.626418050729 15.166946884958433 0.0 19.60975946760939 50.0 20.48 1.3562462989921305 0.92389384520101 3.355582661291501 0.0 25.8417335041966 195.0 5.251282051282047 1.757722842833505 1.3728668495599217 5.869339320126588 0.0 26.886313720901327 155.0 6.6064516129032205 6.599812247510329 8.555497930014969 28.568402560419546 0.0 23.60727266036167 44.0 23.272727272727266 1.4484011709236138 1.017521572942513 3.9592310638267834 0.0 25.460642884130912 178.0 5.752808988764034 
395.0005150327869 1.6656718473243255 1.2422015443391055 4.6261065484396156 0.0 25.82493765391071 105.0 9.752380952380943 3.056263059684581 4.12259513383657 13.834661177334347 0.0 15.970947686880438 51.0 20.078431372549026 1.3246991553798906 0.9281394053322238 3.4836138576524758 0.0 26.000875782667034 126.0 8.126984126984144 1.6897048351345454 1.2654047682709335 4.6261065484396156 0.0 26.625738462213345 110.0 9.309090909090905 3.215174161356519 4.115440220494991 13.241912419968985 0.0 16.309553926498698 49.0 20.89795918367347 1.3834591525988875 0.8746406494893674 3.332808309342373 0.0 26.118119880814813 133.0 7.6992481203007515 1.7185123374342426 1.3491860340510882 5.6352774948562505 0.0 27.603210758859497 109.0 9.394495412844037 3.8649473481133176 6.466106547867601 24.628416408678792 0.0 21.257994108536618 46.0 22.260869565217398 1.410342496680556 0.9965322428027106 3.6016230121356916 0.0 26.215785468000025 126.0 8.126984126984144 0.0 0.0 0.0 0.0 0.0 1.0 1024.0 0.0 0.0 0.0 0.0 0.0 37.0 27.675675675675677 0.0 0.0 0.0 0.0 0.0 1.0 1024.0 0.0 0.0 0.0 0.0 0.0 1.0 1024.0 0.0 0.0 0.0 0.0 0.0 37.0 27.675675675675677 0.0 0.0 0.0 0.0 0.0 1.0 1024.0 0.0 0.0 0.0 0.0 0.0 1.0 1024.0 0.0 0.0 0.0 0.0 0.0 37.0 27.675675675675677 0.0 0.0 0.0 0.0 0.0 1.0 1024.0 1.7998120557542532 1.2080087216582993 4.805157531375327 0.0 25.288091253619527 149.0 6.872483221476517 4.58106600659779 4.752829121290701 15.074033345448699 0.0 19.31325074437748 51.0 20.078431372549023 1.3834532845382594 0.9662471048660553 3.4864782878754865 0.0 25.306913250458557 179.0 5.720670391061458 1.7088291781388278 1.2111965724727591 4.805157531375327 0.0 26.098934212410693 161.0 6.3602484472049605 4.623389552209654 4.626418050729 15.166946884958433 0.0 19.60975946760939 50.0 20.48 1.3614056653013034 0.9265244857932537 3.355582661291501 0.0 25.771921073685526 195.0 5.251282051282048 1.8420945479958841 1.3651119815631974 5.869339320126588 0.0 26.381452469887225 145.0 7.06206896551723 6.599812247510329 8.555497930014969 28.568402560419546 0.0 23.60727266036167 44.0 23.272727272727266 1.4685772678168236 1.0158776072768176 3.9592310638267834 0.0 25.16905258271956 175.0 5.851428571428562 1.4821718997126845 3.7743625924153417 41.78745222094094 0.0 29.348448643212514 638.0 1.6050156739811945 24.07319097332853 10.878977035411614 36.9901087825193 0.0 13.537096399266316 42.0 24.380952380952376 0.67316311656262 1.058939836325291 4.365364986724842 0.0 29.23826360004977 667.0 1.535232383808098 1.4169618569110516 3.4117222292526472 32.874741622928155 0.0 29.45164062088824 644.0 1.5900621118012397 26.413959054522664 9.991545507772553 41.631810312897706 0.0 9.48347659176922 38.0 26.947368421052634 0.6580914509313256 1.0264785295261905 3.5217069291965686 0.0 29.384316693613304 680.0 1.505882352941178 1.3946511866458113 3.502690858301952 45.01462284090048 0.0 29.345482224521774 641.0 1.5975039001560107 28.13662262744742 5.58675950686399 35.76295777937128 0.0 7.64368178375316 36.0 28.44444444444444 0.6977944404766012 1.0905571814145025 4.365364986724842 0.0 29.32950224089589 666.0 1.5375375375375404 1.6749876507979768 1.289991753222101 4.805157531375327 0.0 25.351364414012227 155.0 6.6064516129032205 4.58106600659779 4.752829121290701 15.074033345448699 0.0 19.31325074437748 51.0 20.078431372549023 1.3417822367197951 0.9709034219824914 3.4864782878754865 0.0 25.558885270343822 186.0 5.505376344086026 1.6317517980378669 1.226454476915489 4.805157531375327 0.0 26.387536111797672 169.0 6.059171597633144 4.623389552209654 4.626418050729 15.166946884958433 0.0 19.60975946760939 50.0 20.48 1.3562462989921305 0.92389384520101 3.355582661291501 0.0 25.8417335041966 195.0 5.251282051282047 1.7059999523224314 1.3858900689123486 5.869339320126588 0.0 27.298997484462685 160.0 6.4000000000000075 6.599812247510329 8.555497930014969 28.568402560419546 0.0 23.60727266036167 44.0 23.272727272727266 1.448991971359138 1.01720122806782 3.9592310638267834 0.0 25.462249338019397 178.0 5.752808988764034 
396.0005150327869 1.6667770961240311 1.2407599177907198 4.6261065484396156 0.0 25.825912079218377 105.0 9.752380952380943 3.056263059684581 4.12259513383657 13.834661177334347 0.0 15.970947686880438 51.0 20.078431372549026 1.3246991553798906 0.9281394053322238 3.4836138576524758 0.0 26.000875782667034 126.0 8.126984126984144 1.6897048351345454 1.2654047682709335 4.6261065484396156 0.0 26.625738462213345 110.0 9.309090909090905 3.215174161356519 4.115440220494991 13.241912419968985 0.0 16.309553926498698 49.0 20.89795918367347 1.3834591525988875 0.8746406494893674 3.332808309342373 0.0 26.118119880814813 133.0 7.6992481203007515 1.7185123374342426 1.3491860340510882 5.6352774948562505 0.0 27.603210758859497 109.0 9.394495412844037 3.8649473481133176 6.466106547867601 24.628416408678792 0.0 21.257994108536618 46.0 22.260869565217398 1.410342496680556 0.9965322428027106 3.6016230121356916 0.0 26.215785468000025 126.0 8.126984126984144 0.0 0.0 0.0 0.0 0.0 1.0 1024.0 0.0 0.0 0.0 0.0 0.0 37.0 27.675675675675677 0.0 0.0 0.0 0.0 0.0 1.0 1024.0 0.0 0.0 0.0 0.0 0.0 1.0 1024.0 0.0 0.0 0.0 0.0 0.0 37.0 27.675675675675677 0.0 0.0 0.0 0.0 0.0 1.0 1024.0 0.0 0.0 0.0 0.0 0.0 1.0 1024.0 0.0 0.0 0.0 0.0 0.0 37.0 27.675675675675677 0.0 0.0 0.0 0.0 0.0 1.0 1024.0 1.7998120557542532 1.2080087216582993 4.805157531375327 0.0 25.288091253619527 149.0 6.872483221476517 4.58106600659779 4.752829121290701 15.074033345448699 0.0 19.31325074437748 51.0 20.078431372549023 1.3834532845382594 0.9662471048660553 3.4864782878754865 0.0 25.306913250458557 179.0 5.720670391061458 1.7088291781388278 1.2111965724727591 4.805157531375327 0.0 26.098934212410693 161.0 6.3602484472049605 4.623389552209654 4.626418050729 15.166946884958433 0.0 19.60975946760939 50.0 20.48 1.3614056653013034 0.9265244857932537 3.355582661291501 0.0 25.771921073685526 195.0 5.251282051282048 1.8420945479958841 1.3651119815631974 5.869339320126588 0.0 26.381452469887225 145.0 7.06206896551723 6.599812247510329 8.555497930014969 28.568402560419546 0.0 23.60727266036167 44.0 23.272727272727266 1.4685772678168236 1.0158776072768176 3.9592310638267834 0.0 25.16905258271956 175.0 5.851428571428562 1.4821718997126845 3.7743625924153417 41.78745222094094 0.0 29.348448643212514 638.0 1.6050156739811945 24.07319097332853 10.878977035411614 36.9901087825193 0.0 13.537096399266316 42.0 24.380952380952376 0.67316311656262 1.058939836325291 4.365364986724842 0.0 29.23826360004977 667.0 1.535232383808098 1.4169618569110516 3.4117222292526472 32.874741622928155 0.0 29.45164062088824 644.0 1.5900621118012397 26.413959054522664 9.991545507772553 41.631810312897706 0.0 9.48347659176922 38.0 26.947368421052634 0.6580914509313256 1.0264785295261905 3.5217069291965686 0.0 29.384316693613304 680.0 1.505882352941178 1.3946511866458113 3.502690858301952 45.01462284090048 0.0 29.345482224521774 641.0 1.5975039001560107 28.13662262744742 5.58675950686399 35.76295777937128 0.0 7.64368178375316 36.0 28.44444444444444 0.6977944404766012 1.0905571814145025 4.365364986724842 0.0 29.32950224089589 666.0 1.5375375375375404 1.6619729997930708 1.295325318523305 4.805157531375327 0.0 25.336382674765527 156.0 6.564102564102574 4.58106600659779 4.752829121290701 15.074033345448699 0.0 19.31325074437748 51.0 20.078431372549023 1.3576662861008213 0.9624890400762779 3.4864782878754865 0.0 25.518641409903225 185.0 5.535135135135135 1.6299419477137163 1.2271342181037619 4.805157531375327 0.0 26.41999707900288 170.0 6.023529411764709 4.623389552209654 4.626418050729 15.166946884958433 0.0 19.60975946760939 50.0 20.48 1.3562462989921305 0.92389384520101 3.355582661291501 0.0 25.8417335041966 195.0 5.251282051282047 1.7631441558200565 1.3668482118715206 5.869339320126588 0.0 26.57971464988417 153.0 6.692810457516345 6.599812247510329 8.555497930014969 28.568402560419546 0.0 23.60727266036167 44.0 23.272727272727266 1.448846622110801 1.0172823617639373 3.9592310638267834 0.0 25.461791643250343 178.0 5.752808988764034 
397.0005150327869 1.6667770961240311 1.2407599177907198 4.6261065484396156 0.0 25.825912079218377 105.0 9.752380952380943 3.056263059684581 4.12259513383657 13.834661177334347 0.0 15.970947686880438 51.0 20.078431372549026 1.3246991553798906 0.9281394053322238 3.4836138576524758 0.0 26.000875782667034 126.0 8.126984126984144 1.6897048351345454 1.2654047682709335 4.6261065484396156 0.0 26.625738462213345 110.0 9.309090909090905 3.215174161356519 4.115440220494991 13.241912419968985 0.0 16.309553926498698 49.0 20.89795918367347 1.3834591525988875 0.8746406494893674 3.332808309342373 0.0 26.118119880814813 133.0 7.6992481203007515 1.7185123374342426 1.3491860340510882 5.6352774948562505 0.0 27.603210758859497 109.0 9.394495412844037 3.8649473481133176 6.466106547867601 24.628416408678792 0.0 21.257994108536618 46.0 22.260869565217398 1.410342496680556 0.9965322428027106 3.6016230121356916 0.0 26.215785468000025 126.0 8.126984126984144 0.0 0.0 0.0 0.0 0.0 1.0 1024.0 0.0 0.0 0.0 0.0 0.0 37.0 27.675675675675677 0.0 0.0 0.0 0.0 0.0 1.0 1024.0 0.0 0.0 0.0 0.0 0.0 1.0 1024.0 0.0 0.0 0.0 0.0 0.0 37.0 27.675675675675677 0.0 0.0 0.0 0.0 0.0 1.0 1024.0 0.0 0.0 0.0 0.0 0.0 1.0 1024.0 0.0 0.0 0.0 0.0 0.0 37.0 27.675675675675677 0.0 0.0 0.0 0.0 0.0 1.0 1024.0 1.7998120557542532 1.2080087216582993 4.805157531375327 0.0 25.288091253619527 149.0 6.872483221476517 4.58106600659779 4.752829121290701 15.074033345448699 0.0 19.31325074437748 51.0 20.078431372549023 1.3834532845382594 0.9662471048660553 3.4864782878754865 0.0 25.306913250458557 179.0 5.720670391061458 1.7088291781388278 1.2111965724727591 4.805157531375327 0.0 26.098934212410693 161.0 6.3602484472049605 4.623389552209654 4.626418050729 15.166946884958433 0.0 19.60975946760939 50.0 20.48 1.3614056653013034 0.9265244857932537 3.355582661291501 0.0 25.771921073685526 195.0 5.251282051282048 1.8420945479958841 1.3651119815631974 5.869339320126588 0.0 26.381452469887225 145.0 7.06206896551723 6.599812247510329 8.555497930014969 28.568402560419546 0.0 23.60727266036167 44.0 23.272727272727266 1.4685772678168236 1.0158776072768176 3.9592310638267834 0.0 25.16905258271956 175.0 5.851428571428562 1.4821718997126845 3.7743625924153417 41.78745222094094 0.0 29.348448643212514 638.0 1.6050156739811945 24.07319097332853 10.878977035411614 36.9901087825193 0.0 13.537096399266316 42.0 24.380952380952376 0.67316311656262 1.058939836325291 4.365364986724842 0.0 29.23826360004977 667.0 1.535232383808098 1.4169618569110516 3.4117222292526472 32.874741622928155 0.0 29.45164062088824 644.0 1.5900621118012397 26.413959054522664 9.991545507772553 41.631810312897706 0.0 9.48347659176922 38.0 26.947368421052634 0.6580914509313256 1.0264785295261905 3.5217069291965686 0.0 29.384316693613304 680.0 1.505882352941178 1.3946511866458113 3.502690858301952 45.01462284090048 0.0 29.345482224521774 641.0 1.5975039001560107 28.13662262744742 5.58675950686399 35.76295777937128 0.0 7.64368178375316 36.0 28.44444444444444 0.6977944404766012 1.0905571814145025 4.365364986724842 0.0 29.32950224089589 666.0 1.5375375375375404 1.6630404445526394 1.2940636741840819 4.805157531375327 0.0 25.27661645719205 156.0 6.564102564102574 4.58106600659779 4.752829121290701 15.074033345448699 0.0 19.31325074437748 51.0 20.078431372549023 1.353821619658978 0.9642175898875781 3.4864782878754865 0.0 25.52437530788767 185.0 5.535135135135135 1.636788201859499 1.2254161048899843 4.805157531375327 0.0 26.403170550353728 169.0 6.059171597633144 4.623389552209654 4.626418050729 15.166946884958433 0.0 19.60975946760939 50.0 20.48 1.3562462989921305 0.92389384520101 3.355582661291501 0.0 25.8417335041966 195.0 5.251282051282047 1.7886901381457225 1.3554872757866094 5.869339320126588 0.0 26.40959701129046 151.0 6.781456953642391 6.599812247510329 8.555497930014969 28.568402560419546 0.0 23.60727266036167 44.0 23.272727272727266 1.448627544282554 1.0173843272243512 3.9592310638267834 0.0 25.46274435903151 178.0 5.752808988764034 
398.0005150327869 1.6668394254711005 1.2407046991909665 4.6261065484396156 0.0 25.826163140935392 105.0 9.752380952380943 3.056263059684581 4.12259513383657 13.834661177334347 0.0 15.970947686880438 51.0 20.078431372549026 1.3246991553798906 0.9281394053322238 3.4836138576524758 0.0 26.000875782667034 126.0 8.126984126984144 1.6897048351345454 1.2654047682709335 4.6261065484396156 0.0 26.625738462213345 110.0 9.309090909090905 3.215174161356519 4.115440220494991 13.241912419968985 0.0 16.309553926498698 49.0 20.89795918367347 1.3834591525988875 0.8746406494893674 3.332808309342373 0.0 26.118119880814813 133.0 7.6992481203007515 1.7185123374342426 1.3491860340510882 5.6352774948562505 0.0 27.603210758859497 109.0 9.394495412844037 3.8649473481133176 6.466106547867601 24.628416408678792 0.0 21.257994108536618 46.0 22.260869565217398 1.410342496680556 0.9965322428027106 3.6016230121356916 0.0 26.215785468000025 126.0 8.126984126984144 0.0 0.0 0.0 0.0 0.0 1.0 1024.0 0.0 0.0 0.0 0.0 0.0 37.0 27.675675675675677 0.0 0.0 0.0 0.0 0.0 1.0 1024.0 0.0 0.0 0.0 0.0 0.0 1.0 1024.0 0.0 0.0 0.0 0.0 0.0 37.0 27.675675675675677 0.0 0.0 0.0 0.0 0.0 1.0 1024.0 0.0 0.0 0.0 0.0 0.0 1.0 1024.0 0.0 0.0 0.0 0.0 0.0 37.0 27.675675675675677 0.0 0.0 0.0 0.0 0.0 1.0 1024.0 1.7998120557542532 1.2080087216582993 4.805157531375327 0.0 25.288091253619527 149.0 6.872483221476517 4.58106600659779 4.752829121290701 15.074033345448699 0.0 19.31325074437748 51.0 20.078431372549023 1.3834532845382594 0.9662471048660553 3.4864782878754865 0.0 25.306913250458557 179.0 5.720670391061458 1.7088291781388278 1.2111965724727591 4.805157531375327 0.0 26.098934212410693 161.0 6.3602484472049605 4.623389552209654 4.626418050729 15.166946884958433 0.0 19.60975946760939 50.0 20.48 1.3614056653013034 0.9265244857932537 3.355582661291501 0.0 25.771921073685526 195.0 5.251282051282048 1.8420945479958841 1.3651119815631974 5.869339320126588 0.0 26.381452469887225 145.0 7.06206896551723 6.599812247510329 8.555497930014969 28.568402560419546 0.0 23.60727266036167 44.0 23.272727272727266 1.4685772678168236 1.0158776072768176 3.9592310638267834 0.0 25.16905258271956 175.0 5.851428571428562 1.4821718997126845 3.7743625924153417 41.78745222094094 0.0 29.348448643212514 638.0 1.6050156739811945 24.07319097332853 10.878977035411614 36.9901087825193 0.0 13.537096399266316 42.0 24.380952380952376 0.67316311656262 1.058939836325291 4.365364986724842 0.0 29.23826360004977 667.0 1.535232383808098 1.4169618569110516 3.4117222292526472 32.874741622928155 0.0 29.45164062088824 644.0 1.5900621118012397 26.413959054522664 9.991545507772553 41.631810312897706 0.0 9.48347659176922 38.0 26.947368421052634 0.6580914509313256 1.0264785295261905 3.5217069291965686 0.0 29.384316693613304 680.0 1.505882352941178 1.3946511866458113 3.502690858301952 45.01462284090048 0.0 29.345482224521774 641.0 1.5975039001560107 28.13662262744742 5.58675950686399 35.76295777937128 0.0 7.64368178375316 36.0 28.44444444444444 0.6977944404766012 1.0905571814145025 4.365364986724842 0.0 29.32950224089589 666.0 1.5375375375375404 1.6847898674598711 1.2844368867092544 4.805157531375327 0.0 25.300706110145285 155.0 6.6064516129032205 4.58106600659779 4.752829121290701 15.074033345448699 0.0 19.31325074437748 51.0 20.078431372549023 1.35293927039991 0.9641908374836198 3.4864782878754865 0.0 25.52436026510362 185.0 5.535135135135135 1.6552203386422923 1.2196162651325257 4.805157531375327 0.0 26.348994062677576 167.0 6.1317365269461135 4.623389552209654 4.626418050729 15.166946884958433 0.0 19.60975946760939 50.0 20.48 1.3562462989921305 0.92389384520101 3.355582661291501 0.0 25.8417335041966 195.0 5.251282051282047 1.7155913278677688 1.377608206226099 5.869339320126588 0.0 26.89522959221615 157.0 6.522292993630575 6.599812247510329 8.555497930014969 28.568402560419546 0.0 23.60727266036167 44.0 23.272727272727266 1.4456710704974207 1.019858267997179 3.9592310638267834 0.0 25.456539691618442 178.0 5.752808988764034 
399.0005150327869 1.6668930555018273 1.240655834571927 4.6261065484396156 0.0 25.826404381710034 105.0 9.752380952380943 3.056263059684581 4.12259513383657 13.834661177334347 0.0 15.970947686880438 51.0 20.078431372549026 1.3246991553798906 0.9281394053322238 3.4836138576524758 0.0 26.000875782667034 126.0 8.126984126984144 1.6897048351345454 1.2654047682709335 4.6261065484396156 0.0 26.625738462213345 110.0 9.309090909090905 3.215174161356519 4.115440220494991 13.241912419968985 0.0 16.309553926498698 49.0 20.89795918367347 1.3834591525988875 0.8746406494893674 3.332808309342373 0.0 26.118119880814813 133.0 7.6992481203007515 1.7185123374342426 1.3491860340510882 5.6352774948562505 0.0 27.603210758859497 109.0 9.394495412844037 3.8649473481133176 6.466106547867601 24.628416408678792 0.0 21.257994108536618 46.0 22.260869565217398 1.410342496680556 0.9965322428027106 3.6016230121356916 0.0 26.215785468000025 126.0 8.126984126984144 0.0 0.0 0.0 0.0 0.0 1.0 1024.0 0.0 0.0 0.0 0.0 0.0 37.0 27.675675675675677 0.0 0.0 0.0 0.0 0.0 1.0 1024.0 0.0 0.0 0.0 0.0 0.0 1.0 1024.0 0.0 0.0 0.0 0.0 0.0 37.0 27.675675675675677 0.0 0.0 0.0 0.0 0.0 1.0 1024.0 0.0 0.0 0.0 0.0 0.0 1.0 1024.0 0.0 0.0 0.0 0.0 0.0 37.0 27.675675675675677 0.0 0.0 0.0 0.0 0.0 1.0 1024.0 1.7998120557542532 1.2080087216582993 4.805157531375327 0.0 25.288091253619527 149.0 6.872483221476517 4.58106600659779 4.752829121290701 15.074033345448699 0.0 19.31325074437748 51.0 20.078431372549023 1.3834532845382594 0.9662471048660553 3.4864782878754865 0.0 25.306913250458557 179.0 5.720670391061458 1.7088291781388278 1.2111965724727591 4.805157531375327 0.0 26.098934212410693 161.0 6.3602484472049605 4.623389552209654 4.626418050729 15.166946884958433 0.0 19.60975946760939 50.0 20.48 1.3614056653013034 0.9265244857932537 3.355582661291501 0.0 25.771921073685526 195.0 5.251282051282048 1.8420945479958841 1.3651119815631974 5.869339320126588 0.0 26.381452469887225 145.0 7.06206896551723 6.599812247510329 8.555497930014969 28.568402560419546 0.0 23.60727266036167 44.0 23.272727272727266 1.4685772678168236 1.0158776072768176 3.9592310638267834 0.0 25.16905258271956 175.0 5.851428571428562 1.4821718997126845 3.7743625924153417 41.78745222094094 0.0 29.348448643212514 638.0 1.6050156739811945 24.07319097332853 10.878977035411614 36.9901087825193 0.0 13.537096399266316 42.0 24.380952380952376 0.67316311656262 1.058939836325291 4.365364986724842 0.0 29.23826360004977 667.0 1.535232383808098 1.4169618569110516 3.4117222292526472 32.874741622928155 0.0 29.45164062088824 644.0 1.5900621118012397 26.413959054522664 9.991545507772553 41.631810312897706 0.0 9.48347659176922 38.0 26.947368421052634 0.6580914509313256 1.0264785295261905 3.5217069291965686 0.0 29.384316693613304 680.0 1.505882352941178 1.3946511866458113 3.502690858301952 45.01462284090048 0.0 29.345482224521774 641.0 1.5975039001560107 28.13662262744742 5.58675950686399 35.76295777937128 0.0 7.64368178375316 36.0 28.44444444444444 0.6977944404766012 1.0905571814145025 4.365364986724842 0.0 29.32950224089589 666.0 1.5375375375375404 1.7086997009002396 1.2780254199168832 4.805157531375327 0.0 25.34903870371547 153.0 6.69281045751635 4.58106600659779 4.752829121290701 15.074033345448699 0.0 19.31325074437748 51.0 20.078431372549023 1.35293927039991 0.9641908374836198 3.4864782878754865 0.0 25.52436026510362 185.0 5.535135135135135 1.6552203386422923 1.2196162651325257 4.805157531375327 0.0 26.348994062677576 167.0 6.1317365269461135 4.623389552209654 4.626418050729 15.166946884958433 0.0 19.60975946760939 50.0 20.48 1.3562462989921305 0.92389384520101 3.355582661291501 0.0 25.8417335041966 195.0 5.251282051282047 1.6752905721225286 1.3862081770654515 5.869339320126588 0.0 27.301952183852812 161.0 6.36024844720496 6.599812247510329 8.555497930014969 28.568402560419546 0.0 23.60727266036167 44.0 23.272727272727266 1.4539219627712132 1.0168105238238896 3.9592310638267834 0.0 25.36187304115734 177.0 5.785310734463273 
400.0005150327869 1.6668930555018273 1.240655834571927 4.6261065484396156 0.0 25.826404381710034 105.0 9.752380952380943 3.056263059684581 4.12259513383657 13.834661177334347 0.0 15.970947686880438 51.0 20.078431372549026 1.3246991553798906 0.9281394053322238 3.4836138576524758 0.0 26.000875782667034 126.0 8.126984126984144 1.6897048351345454 1.2654047682709335 4.6261065484396156 0.0 26.625738462213345 110.0 9.309090909090905 3.215174161356519 4.115440220494991 13.241912419968985 0.0 16.309553926498698 49.0 20.89795918367347 1.3834591525988875 0.8746406494893674 3.332808309342373 0.0 26.118119880814813 133.0 7.6992481203007515 1.7185123374342426 1.3491860340510882 5.6352774948562505 0.0 27.603210758859497 109.0 9.394495412844037 3.8649473481133176 6.466106547867601 24.628416408678792 0.0 21.257994108536618 46.0 22.260869565217398 1.410342496680556 0.9965322428027106 3.6016230121356916 0.0 26.215785468000025 126.0 8.126984126984144 0.0 0.0 0.0 0.0 0.0 1.0 1024.0 0.0 0.0 0.0 0.0 0.0 37.0 27.675675675675677 0.0 0.0 0.0 0.0 0.0 1.0 1024.0 0.0 0.0 0.0 0.0 0.0 1.0 1024.0 0.0 0.0 0.0 0.0 0.0 37.0 27.675675675675677 0.0 0.0 0.0 0.0 0.0 1.0 1024.0 0.0 0.0 0.0 0.0 0.0 1.0 1024.0 0.0 0.0 0.0 0.0 0.0 37.0 27.675675675675677 0.0 0.0 0.0 0.0 0.0 1.0 1024.0 1.7998120557542532 1.2080087216582993 4.805157531375327 0.0 25.288091253619527 149.0 6.872483221476517 4.58106600659779 4.752829121290701 15.074033345448699 0.0 19.31325074437748 51.0 20.078431372549023 1.3834532845382594 0.9662471048660553 3.4864782878754865 0.0 25.306913250458557 179.0 5.720670391061458 1.7088291781388278 1.2111965724727591 4.805157531375327 0.0 26.098934212410693 161.0 6.3602484472049605 4.623389552209654 4.626418050729 15.166946884958433 0.0 19.60975946760939 50.0 20.48 1.3614056653013034 0.9265244857932537 3.355582661291501 0.0 25.771921073685526 195.0 5.251282051282048 1.8420945479958841 1.3651119815631974 5.869339320126588 0.0 26.381452469887225 145.0 7.06206896551723 6.599812247510329 8.555497930014969 28.568402560419546 0.0 23.60727266036167 44.0 23.272727272727266 1.4685772678168236 1.0158776072768176 3.9592310638267834 0.0 25.16905258271956 175.0 5.851428571428562 1.4821718997126845 3.7743625924153417 41.78745222094094 0.0 29.348448643212514 638.0 1.6050156739811945 24.07319097332853 10.878977035411614 36.9901087825193 0.0 13.537096399266316 42.0 24.380952380952376 0.67316311656262 1.058939836325291 4.365364986724842 0.0 29.23826360004977 667.0 1.535232383808098 1.4169618569110516 3.4117222292526472 32.874741622928155 0.0 29.45164062088824 644.0 1.5900621118012397 26.413959054522664 9.991545507772553 41.631810312897706 0.0 9.48347659176922 38.0 26.947368421052634 0.6580914509313256 1.0264785295261905 3.5217069291965686 0.0 29.384316693613304 680.0 1.505882352941178 1.3946511866458113 3.502690858301952 45.01462284090048 0.0 29.345482224521774 641.0 1.5975039001560107 28.13662262744742 5.58675950686399 35.76295777937128 0.0 7.64368178375316 36.0 28.44444444444444 0.6977944404766012 1.0905571814145025 4.365364986724842 0.0 29.32950224089589 666.0 1.5375375375375404 1.7034084572630974 1.2797660637797306 4.805157531375327 0.0 25.328708615431477 153.0 6.69281045751635 4.58106600659779 4.752829121290701 15.074033345448699 0.0 19.31325074437748 51.0 20.078431372549023 1.3523794424034496 0.9651554250304926 3.4864782878754865 0.0 25.52469140250595 185.0 5.535135135135135 1.6660871894853304 1.2163344556253817 4.805157531375327 0.0 26.292427275314505 166.0 6.1686746987951775 4.623389552209654 4.626418050729 15.166946884958433 0.0 19.60975946760939 50.0 20.48 1.3560841523600824 0.9238826219324501 3.355582661291501 0.0 25.841122623921294 195.0 5.251282051282047 1.7748278063842804 1.3613327515958757 5.869339320126588 0.0 26.635895860958772 152.0 6.736842105263153 6.599812247510329 8.555497930014969 28.568402560419546 0.0 23.60727266036167 44.0 23.272727272727266 1.4538874596116926 1.0168394515072896 3.9592310638267834 0.0 25.361646903298542 177.0 5.785310734463273 
#####################################################################
# End of data export. Simulation finished at: 2022-04-03T22:54+0000 #
#####################################################################
